0	0
1	0
2	0
3	0
4	0
5	0
6	0
7	0
8	0
9	0
10	0
11	0
12	0
13	0
14	0
15	0
16	0
17	0
18	0
19	0
20	0
21	0
22	0
23	0
24	0
25	0
26	0
27	0
28	0
29	0
30	0
31	0
32	0
33	0
34	0
35	0
36	0
37	0
38	0
39	0
40	0
41	0
42	0
43	0
44	0
45	0
46	0
47	0
48	0
49	0
50	0
51	0
52	0
53	0
54	0
55	0
56	0
57	0
58	0
59	0
60	0
61	0
62	0
63	0
64	0
65	0
66	0
67	0
68	0
69	0
70	0
71	0
72	0
73	0
74	0
75	0
76	0
77	0
78	0
79	0
80	0
81	0
82	0
83	0
84	0
85	0
86	0
87	0
88	0
89	0
90	0
91	0
92	0
93	0
94	0
95	0
96	0
97	0
98	0
99	0
100	0
101	0
102	0
103	0
104	0
105	0
106	0
107	0
108	0
109	0
110	0
111	0
112	0
113	0
114	0
115	0
116	0
117	0
118	0
119	0
120	0
121	0
122	0
123	0
124	0
125	0
126	0
127	0
128	0
129	0
130	0
131	0
132	0
133	0
134	0
135	0
136	0
137	0
138	0
139	0
140	0
141	0
142	0
143	0
144	0
145	0
146	0
147	0
148	0
149	0
150	0
151	0
152	0
153	0
154	0
155	0
156	0
157	0
158	0
159	0
160	0
161	0
162	0
163	0
164	0
165	0
166	0
167	0
168	0
169	0
170	0
171	0
172	0
173	0
174	0
175	0
176	0
177	0
178	0
179	0
180	0
181	0
182	0
183	0
184	0
185	0
186	0
187	0
188	0
189	0
190	0
191	0
192	0
193	0
194	0
195	0
196	0
197	0
198	0
199	0
200	0
201	0
202	0
203	0
204	0
205	0
206	0
207	0
208	0
209	0
210	0
211	0
212	0
213	0
214	0
215	0
216	0
217	0
218	0
219	0
220	0
221	0
222	0
223	0
224	0
225	0
226	0
227	0
228	0
229	0
230	0
231	0
232	0
233	0
234	0
235	0
236	0
237	0
238	0
239	0
240	0
241	0
242	0
243	1
244	0
245	1
246	0
247	0
248	0
249	0
250	0
251	0
252	0
253	0
254	0
255	0
256	0
257	0
258	0
259	0
260	0
261	0
262	0
263	0
264	0
265	0
266	0
267	0
268	0
269	0
270	0
271	0
272	0
273	0
274	0
275	0
276	0
277	0
278	0
279	0
280	0
281	0
282	0
283	0
284	0
285	0
286	0
287	0
288	0
289	0
290	0
291	0
292	0
293	0
294	1
295	0
296	0
297	0
298	0
299	0
300	0
301	0
302	0
303	0
304	0
305	0
306	0
307	0
308	0
309	0
310	0
311	0
312	0
313	0
314	0
315	0
316	0
317	0
318	0
319	0
320	0
321	0
322	0
323	0
324	0
325	0
326	0
327	0
328	0
329	0
330	0
331	0
332	0
333	1
334	1
335	0
336	0
337	0
338	0
339	0
340	0
341	1
342	1
343	0
344	0
345	0
346	0
347	0
348	0
349	0
350	0
351	0
352	0
353	0
354	0
355	0
356	0
357	0
358	0
359	0
360	0
361	0
362	0
363	0
364	0
365	0
366	0
367	0
368	0
369	0
370	0
371	0
372	0
373	0
374	0
375	0
376	0
377	0
378	0
379	0
380	0
381	0
382	0
383	0
384	0
385	0
386	0
387	0
388	0
389	0
390	0
391	0
392	0
393	0
394	0
395	0
396	0
397	0
398	0
399	0
400	0
401	0
402	0
403	0
404	0
405	0
406	0
407	0
408	0
409	0
410	0
411	0
412	1
413	0
414	0
415	0
416	0
417	0
418	0
419	0
420	0
421	0
422	0
423	0
424	0
425	0
426	0
427	0
428	0
429	0
430	0
431	0
432	0
433	0
434	0
435	1
436	1
437	0
438	0
439	0
440	0
441	0
442	0
443	0
444	0
445	0
446	0
447	0
448	0
449	1
450	0
451	0
452	0
453	0
454	0
455	0
456	0
457	0
458	0
459	0
460	0
461	0
462	0
463	0
464	0
465	0
466	0
467	0
468	0
469	0
470	0
471	0
472	0
473	0
474	0
475	0
476	0
477	0
478	0
479	0
480	0
481	0
482	0
483	0
484	0
485	1
486	0
487	0
488	0
489	0
490	0
491	0
492	0
493	0
494	0
495	0
496	0
497	1
498	0
499	0
500	0
501	0
502	0
503	0
504	0
505	0
506	0
507	0
508	0
509	0
510	0
511	0
512	0
513	0
514	0
515	0
516	0
517	0
518	0
519	0
520	0
521	0
522	0
523	0
524	0
525	2
526	0
527	1
528	0
529	0
530	0
531	0
532	0
533	0
534	0
535	0
536	0
537	0
538	0
539	0
540	0
541	0
542	0
543	0
544	0
545	0
546	0
547	0
548	0
549	0
550	0
551	0
552	0
553	0
554	0
555	0
556	0
557	0
558	0
559	0
560	0
561	0
562	0
563	0
564	0
565	0
566	0
567	0
568	0
569	0
570	0
571	0
572	0
573	0
574	0
575	0
576	0
577	0
578	0
579	0
580	0
581	0
582	0
583	0
584	0
585	0
586	0
587	0
588	0
589	0
590	0
591	0
592	0
593	0
594	0
595	0
596	0
597	0
598	0
599	0
600	0
601	0
602	0
603	0
604	0
605	0
606	0
607	0
608	0
609	0
610	0
611	0
612	0
613	0
614	0
615	0
616	0
617	1
618	0
619	0
620	0
621	0
622	0
623	0
624	0
625	0
626	0
627	1
628	0
629	0
630	0
631	0
632	0
633	0
634	0
635	0
636	0
637	0
638	0
639	1
640	0
641	0
642	0
643	0
644	0
645	0
646	0
647	0
648	0
649	1
650	0
651	0
652	1
653	0
654	0
655	0
656	0
657	0
658	2
659	0
660	0
661	0
662	0
663	0
664	0
665	0
666	0
667	0
668	0
669	0
670	0
671	0
672	0
673	0
674	0
675	0
676	0
677	0
678	0
679	0
680	0
681	0
682	0
683	0
684	0
685	0
686	1
687	0
688	0
689	0
690	1
691	0
692	0
693	0
694	0
695	0
696	0
697	0
698	1
699	0
700	0
701	0
702	0
703	0
704	0
705	0
706	0
707	0
708	0
709	0
710	0
711	1
712	0
713	0
714	1
715	0
716	1
717	0
718	0
719	0
720	1
721	0
722	0
723	0
724	0
725	0
726	0
727	0
728	0
729	0
730	0
731	0
732	1
733	0
734	0
735	0
736	0
737	0
738	0
739	0
740	0
741	0
742	0
743	0
744	0
745	0
746	0
747	0
748	2
749	0
750	0
751	0
752	0
753	0
754	0
755	0
756	0
757	0
758	0
759	0
760	1
761	0
762	0
763	0
764	0
765	0
766	0
767	0
768	0
769	0
770	0
771	0
772	0
773	0
774	0
775	0
776	0
777	0
778	0
779	0
780	0
781	0
782	0
783	0
784	0
785	0
786	0
787	0
788	1
789	0
790	0
791	0
792	0
793	0
794	0
795	0
796	0
797	0
798	0
799	0
800	0
801	0
802	0
803	0
804	0
805	1
806	0
807	0
808	0
809	0
810	0
811	0
812	0
813	0
814	0
815	0
816	0
817	0
818	0
819	0
820	0
821	0
822	0
823	0
824	0
825	0
826	0
827	0
828	0
829	0
830	0
831	0
832	0
833	0
834	0
835	0
836	0
837	0
838	0
839	0
840	0
841	0
842	0
843	0
844	1
845	0
846	1
847	0
848	0
849	0
850	0
851	0
852	0
853	0
854	0
855	0
856	0
857	0
858	0
859	0
860	0
861	0
862	0
863	0
864	0
865	0
866	0
867	2
868	0
869	0
870	0
871	0
872	0
873	0
874	0
875	0
876	0
877	0
878	0
879	1
880	0
881	0
882	0
883	0
884	0
885	0
886	0
887	0
888	0
889	0
890	0
891	0
892	0
893	0
894	0
895	0
896	0
897	0
898	0
899	0
900	0
901	0
902	1
903	0
904	0
905	0
906	0
907	0
908	0
909	0
910	0
911	0
912	0
913	0
914	0
915	1
916	0
917	0
918	0
919	0
920	0
921	0
922	0
923	0
924	0
925	0
926	0
927	0
928	0
929	0
930	0
931	0
932	1
933	0
934	1
935	0
936	0
937	0
938	0
939	0
940	0
941	0
942	1
943	0
944	0
945	0
946	1
947	0
948	0
949	0
950	0
951	0
952	0
953	0
954	0
955	0
956	0
957	0
958	0
959	0
960	0
961	0
962	0
963	0
964	1
965	0
966	1
967	0
968	0
969	0
970	0
971	0
972	0
973	0
974	0
975	0
976	0
977	0
978	1
979	1
980	0
981	0
982	0
983	0
984	0
985	0
986	0
987	0
988	0
989	0
990	0
991	0
992	0
993	0
994	0
995	0
996	0
997	0
998	0
999	0
1000	0
1001	0
1002	0
1003	1
1004	0
1005	0
1006	0
1007	0
1008	1
1009	0
1010	0
1011	0
1012	0
1013	0
1014	0
1015	0
1016	0
1017	0
1018	0
1019	0
1020	1
1021	0
1022	0
1023	0
1024	0
1025	0
1026	0
1027	0
1028	1
1029	0
1030	0
1031	0
1032	0
1033	0
1034	1
1035	0
1036	0
1037	0
1038	0
1039	0
1040	0
1041	0
1042	0
1043	0
1044	0
1045	0
1046	0
1047	0
1048	0
1049	0
1050	0
1051	0
1052	0
1053	0
1054	0
1055	0
1056	0
1057	0
1058	0
1059	0
1060	0
1061	0
1062	0
1063	1
1064	0
1065	0
1066	0
1067	0
1068	0
1069	0
1070	0
1071	0
1072	1
1073	1
1074	0
1075	1
1076	0
1077	0
1078	0
1079	0
1080	0
1081	0
1082	1
1083	0
1084	0
1085	0
1086	0
1087	1
1088	0
1089	0
1090	0
1091	0
1092	0
1093	1
1094	0
1095	0
1096	0
1097	0
1098	0
1099	0
1100	1
1101	0
1102	0
1103	3
1104	0
1105	1
1106	0
1107	0
1108	0
1109	1
1110	0
1111	0
1112	0
1113	0
1114	0
1115	1
1116	0
1117	0
1118	1
1119	0
1120	0
1121	1
1122	1
1123	1
1124	0
1125	1
1126	0
1127	0
1128	0
1129	1
1130	0
1131	0
1132	0
1133	0
1134	0
1135	1
1136	0
1137	0
1138	0
1139	0
1140	0
1141	0
1142	0
1143	1
1144	1
1145	0
1146	0
1147	0
1148	1
1149	0
1150	0
1151	0
1152	0
1153	0
1154	0
1155	1
1156	1
1157	0
1158	1
1159	0
1160	0
1161	0
1162	1
1163	0
1164	1
1165	1
1166	2
1167	1
1168	1
1169	0
1170	0
1171	0
1172	0
1173	0
1174	0
1175	0
1176	0
1177	1
1178	0
1179	0
1180	1
1181	1
1182	0
1183	1
1184	1
1185	1
1186	1
1187	0
1188	0
1189	1
1190	1
1191	2
1192	2
1193	2
1194	1
1195	0
1196	0
1197	1
1198	0
1199	0
1200	1
1201	2
1202	1
1203	1
1204	2
1205	1
1206	0
1207	0
1208	0
1209	1
1210	0
1211	0
1212	0
1213	1
1214	1
1215	0
1216	0
1217	0
1218	0
1219	3
1220	1
1221	1
1222	0
1223	1
1224	0
1225	1
1226	1
1227	1
1228	1
1229	1
1230	3
1231	0
1232	1
1233	0
1234	1
1235	1
1236	0
1237	1
1238	1
1239	3
1240	0
1241	0
1242	0
1243	1
1244	2
1245	1
1246	1
1247	2
1248	1
1249	1
1250	1
1251	0
1252	0
1253	0
1254	1
1255	2
1256	2
1257	1
1258	2
1259	0
1260	0
1261	2
1262	2
1263	1
1264	0
1265	1
1266	0
1267	1
1268	2
1269	3
1270	1
1271	6
1272	2
1273	1
1274	1
1275	1
1276	1
1277	0
1278	2
1279	0
1280	0
1281	0
1282	2
1283	0
1284	2
1285	0
1286	0
1287	2
1288	0
1289	3
1290	2
1291	4
1292	1
1293	1
1294	4
1295	1
1296	1
1297	3
1298	0
1299	0
1300	1
1301	0
1302	1
1303	2
1304	0
1305	3
1306	0
1307	1
1308	3
1309	2
1310	0
1311	3
1312	1
1313	2
1314	2
1315	1
1316	1
1317	2
1318	1
1319	3
1320	2
1321	2
1322	1
1323	2
1324	1
1325	1
1326	3
1327	3
1328	0
1329	1
1330	2
1331	1
1332	1
1333	4
1334	1
1335	1
1336	1
1337	0
1338	3
1339	2
1340	5
1341	1
1342	6
1343	4
1344	2
1345	1
1346	4
1347	3
1348	3
1349	0
1350	1
1351	3
1352	3
1353	2
1354	2
1355	3
1356	1
1357	2
1358	3
1359	4
1360	4
1361	1
1362	1
1363	1
1364	2
1365	6
1366	5
1367	2
1368	5
1369	3
1370	2
1371	2
1372	1
1373	4
1374	1
1375	5
1376	2
1377	3
1378	7
1379	5
1380	2
1381	2
1382	4
1383	5
1384	4
1385	1
1386	3
1387	4
1388	5
1389	3
1390	2
1391	4
1392	7
1393	8
1394	5
1395	3
1396	5
1397	1
1398	4
1399	6
1400	3
1401	6
1402	5
1403	4
1404	9
1405	3
1406	3
1407	3
1408	3
1409	3
1410	3
1411	6
1412	2
1413	3
1414	4
1415	7
1416	3
1417	6
1418	6
1419	2
1420	5
1421	4
1422	5
1423	1
1424	5
1425	3
1426	7
1427	9
1428	6
1429	5
1430	8
1431	6
1432	1
1433	5
1434	6
1435	5
1436	3
1437	4
1438	5
1439	7
1440	3
1441	7
1442	3
1443	10
1444	3
1445	7
1446	9
1447	5
1448	6
1449	6
1450	8
1451	6
1452	10
1453	5
1454	11
1455	13
1456	6
1457	9
1458	7
1459	9
1460	10
1461	6
1462	6
1463	6
1464	11
1465	6
1466	9
1467	3
1468	8
1469	6
1470	12
1471	16
1472	7
1473	7
1474	11
1475	9
1476	7
1477	11
1478	8
1479	8
1480	9
1481	7
1482	9
1483	9
1484	12
1485	7
1486	12
1487	12
1488	14
1489	9
1490	10
1491	8
1492	13
1493	10
1494	7
1495	6
1496	10
1497	10
1498	7
1499	6
1500	13
1501	10
1502	9
1503	8
1504	13
1505	14
1506	10
1507	18
1508	11
1509	17
1510	10
1511	13
1512	14
1513	15
1514	16
1515	16
1516	7
1517	11
1518	13
1519	13
1520	16
1521	11
1522	9
1523	13
1524	16
1525	11
1526	13
1527	11
1528	14
1529	6
1530	17
1531	15
1532	12
1533	16
1534	26
1535	11
1536	14
1537	13
1538	21
1539	15
1540	15
1541	12
1542	20
1543	20
1544	20
1545	13
1546	18
1547	24
1548	19
1549	15
1550	21
1551	17
1552	29
1553	16
1554	17
1555	19
1556	18
1557	17
1558	18
1559	17
1560	23
1561	17
1562	20
1563	24
1564	21
1565	18
1566	23
1567	18
1568	16
1569	15
1570	20
1571	19
1572	20
1573	19
1574	18
1575	21
1576	25
1577	20
1578	22
1579	14
1580	14
1581	25
1582	16
1583	18
1584	18
1585	25
1586	29
1587	24
1588	18
1589	22
1590	22
1591	28
1592	21
1593	20
1594	15
1595	21
1596	26
1597	26
1598	20
1599	19
1600	24
1601	30
1602	25
1603	29
1604	23
1605	23
1606	31
1607	29
1608	21
1609	38
1610	28
1611	23
1612	28
1613	22
1614	25
1615	25
1616	29
1617	28
1618	25
1619	29
1620	21
1621	30
1622	25
1623	28
1624	35
1625	31
1626	34
1627	22
1628	34
1629	33
1630	31
1631	31
1632	26
1633	37
1634	31
1635	26
1636	34
1637	27
1638	32
1639	46
1640	36
1641	32
1642	33
1643	36
1644	40
1645	39
1646	27
1647	44
1648	41
1649	31
1650	34
1651	33
1652	32
1653	44
1654	43
1655	47
1656	40
1657	36
1658	32
1659	37
1660	36
1661	42
1662	28
1663	37
1664	31
1665	45
1666	36
1667	43
1668	38
1669	45
1670	35
1671	34
1672	49
1673	41
1674	48
1675	38
1676	45
1677	47
1678	38
1679	38
1680	48
1681	41
1682	42
1683	40
1684	45
1685	38
1686	41
1687	44
1688	38
1689	43
1690	40
1691	39
1692	46
1693	47
1694	30
1695	50
1696	44
1697	58
1698	44
1699	39
1700	47
1701	46
1702	57
1703	55
1704	41
1705	60
1706	47
1707	64
1708	48
1709	56
1710	51
1711	46
1712	45
1713	48
1714	44
1715	61
1716	52
1717	56
1718	55
1719	37
1720	60
1721	62
1722	50
1723	61
1724	59
1725	61
1726	62
1727	65
1728	60
1729	62
1730	57
1731	65
1732	65
1733	54
1734	65
1735	57
1736	76
1737	58
1738	64
1739	74
1740	67
1741	66
1742	63
1743	59
1744	62
1745	64
1746	49
1747	64
1748	55
1749	69
1750	74
1751	67
1752	51
1753	63
1754	64
1755	64
1756	64
1757	51
1758	68
1759	65
1760	59
1761	68
1762	70
1763	57
1764	69
1765	82
1766	76
1767	69
1768	80
1769	77
1770	62
1771	78
1772	69
1773	59
1774	74
1775	80
1776	68
1777	71
1778	69
1779	66
1780	77
1781	70
1782	76
1783	65
1784	77
1785	69
1786	77
1787	78
1788	68
1789	84
1790	93
1791	79
1792	94
1793	58
1794	78
1795	78
1796	100
1797	89
1798	94
1799	77
1800	79
1801	91
1802	85
1803	84
1804	57
1805	72
1806	84
1807	65
1808	89
1809	73
1810	85
1811	89
1812	82
1813	85
1814	86
1815	88
1816	77
1817	94
1818	86
1819	89
1820	85
1821	99
1822	84
1823	89
1824	98
1825	108
1826	94
1827	98
1828	86
1829	101
1830	75
1831	95
1832	68
1833	90
1834	99
1835	95
1836	85
1837	98
1838	101
1839	80
1840	86
1841	91
1842	87
1843	101
1844	109
1845	101
1846	112
1847	109
1848	115
1849	91
1850	89
1851	104
1852	94
1853	100
1854	83
1855	108
1856	91
1857	94
1858	108
1859	113
1860	78
1861	101
1862	107
1863	113
1864	110
1865	97
1866	106
1867	100
1868	88
1869	100
1870	109
1871	96
1872	109
1873	104
1874	99
1875	103
1876	110
1877	95
1878	98
1879	108
1880	93
1881	112
1882	112
1883	108
1884	111
1885	121
1886	96
1887	108
1888	117
1889	105
1890	107
1891	110
1892	104
1893	100
1894	114
1895	102
1896	105
1897	114
1898	112
1899	123
1900	104
1901	106
1902	89
1903	98
1904	115
1905	109
1906	136
1907	105
1908	84
1909	117
1910	117
1911	88
1912	119
1913	134
1914	105
1915	113
1916	112
1917	112
1918	133
1919	143
1920	117
1921	133
1922	147
1923	146
1924	124
1925	115
1926	120
1927	126
1928	118
1929	125
1930	118
1931	128
1932	134
1933	121
1934	133
1935	128
1936	116
1937	115
1938	108
1939	124
1940	125
1941	126
1942	127
1943	128
1944	126
1945	111
1946	113
1947	117
1948	122
1949	141
1950	125
1951	125
1952	118
1953	122
1954	101
1955	105
1956	133
1957	116
1958	108
1959	119
1960	138
1961	124
1962	116
1963	112
1964	142
1965	128
1966	148
1967	134
1968	118
1969	138
1970	102
1971	117
1972	130
1973	129
1974	121
1975	112
1976	133
1977	143
1978	141
1979	115
1980	146
1981	114
1982	128
1983	132
1984	130
1985	124
1986	130
1987	111
1988	131
1989	124
1990	142
1991	131
1992	119
1993	138
1994	146
1995	145
1996	124
1997	127
1998	144
1999	145
2000	151
2001	122
2002	151
2003	147
2004	136
2005	147
2006	130
2007	118
2008	146
2009	127
2010	148
2011	146
2012	127
2013	130
2014	123
2015	132
2016	140
2017	119
2018	158
2019	126
2020	120
2021	136
2022	147
2023	131
2024	147
2025	123
2026	130
2027	147
2028	152
2029	147
2030	138
2031	125
2032	115
2033	121
2034	135
2035	125
2036	128
2037	143
2038	138
2039	141
2040	135
2041	156
2042	135
2043	150
2044	125
2045	122
2046	131
2047	141
2048	123
2049	149
2050	146
2051	134
2052	127
2053	151
2054	130
2055	140
2056	135
2057	143
2058	130
2059	136
2060	139
2061	141
2062	150
2063	116
2064	124
2065	129
2066	125
2067	141
2068	127
2069	145
2070	172
2071	147
2072	141
2073	117
2074	155
2075	156
2076	142
2077	151
2078	146
2079	122
2080	141
2081	129
2082	116
2083	124
2084	153
2085	136
2086	137
2087	142
2088	137
2089	148
2090	130
2091	135
2092	125
2093	133
2094	160
2095	146
2096	132
2097	133
2098	127
2099	140
2100	156
2101	144
2102	149
2103	123
2104	147
2105	119
2106	128
2107	155
2108	144
2109	144
2110	139
2111	136
2112	139
2113	139
2114	144
2115	136
2116	154
2117	155
2118	140
2119	139
2120	146
2121	146
2122	139
2123	142
2124	133
2125	130
2126	144
2127	128
2128	139
2129	115
2130	156
2131	145
2132	144
2133	133
2134	123
2135	127
2136	113
2137	139
2138	149
2139	103
2140	119
2141	135
2142	130
2143	148
2144	152
2145	130
2146	157
2147	148
2148	128
2149	131
2150	116
2151	131
2152	142
2153	139
2154	122
2155	133
2156	144
2157	134
2158	137
2159	154
2160	116
2161	158
2162	119
2163	128
2164	130
2165	137
2166	134
2167	148
2168	151
2169	131
2170	131
2171	147
2172	138
2173	126
2174	151
2175	138
2176	172
2177	127
2178	142
2179	134
2180	141
2181	125
2182	125
2183	154
2184	141
2185	127
2186	118
2187	122
2188	132
2189	121
2190	124
2191	133
2192	138
2193	139
2194	120
2195	141
2196	134
2197	138
2198	133
2199	140
2200	142
2201	135
2202	133
2203	144
2204	129
2205	154
2206	143
2207	147
2208	128
2209	119
2210	127
2211	137
2212	142
2213	145
2214	137
2215	119
2216	131
2217	140
2218	139
2219	108
2220	160
2221	143
2222	136
2223	144
2224	129
2225	144
2226	125
2227	137
2228	115
2229	140
2230	132
2231	123
2232	118
2233	135
2234	137
2235	153
2236	115
2237	130
2238	140
2239	141
2240	146
2241	130
2242	135
2243	131
2244	136
2245	143
2246	137
2247	109
2248	145
2249	149
2250	117
2251	129
2252	137
2253	136
2254	160
2255	136
2256	123
2257	121
2258	135
2259	125
2260	143
2261	130
2262	141
2263	104
2264	148
2265	140
2266	162
2267	144
2268	137
2269	131
2270	120
2271	131
2272	135
2273	126
2274	130
2275	122
2276	140
2277	148
2278	144
2279	135
2280	147
2281	136
2282	115
2283	136
2284	141
2285	117
2286	145
2287	121
2288	118
2289	131
2290	138
2291	123
2292	123
2293	127
2294	139
2295	150
2296	128
2297	117
2298	114
2299	135
2300	117
2301	130
2302	118
2303	100
2304	129
2305	134
2306	122
2307	126
2308	131
2309	125
2310	123
2311	105
2312	95
2313	131
2314	117
2315	123
2316	101
2317	156
2318	125
2319	128
2320	126
2321	129
2322	137
2323	119
2324	118
2325	119
2326	125
2327	118
2328	128
2329	113
2330	120
2331	121
2332	125
2333	122
2334	146
2335	132
2336	123
2337	116
2338	129
2339	124
2340	130
2341	113
2342	100
2343	112
2344	117
2345	125
2346	123
2347	108
2348	123
2349	107
2350	104
2351	112
2352	120
2353	133
2354	142
2355	133
2356	114
2357	109
2358	101
2359	105
2360	124
2361	130
2362	113
2363	136
2364	108
2365	130
2366	119
2367	107
2368	130
2369	128
2370	124
2371	111
2372	130
2373	120
2374	120
2375	107
2376	130
2377	129
2378	126
2379	133
2380	126
2381	121
2382	114
2383	118
2384	101
2385	137
2386	127
2387	112
2388	120
2389	118
2390	112
2391	152
2392	101
2393	145
2394	137
2395	117
2396	118
2397	121
2398	124
2399	106
2400	122
2401	109
2402	115
2403	124
2404	113
2405	131
2406	114
2407	117
2408	105
2409	114
2410	136
2411	121
2412	126
2413	105
2414	110
2415	126
2416	123
2417	125
2418	109
2419	121
2420	125
2421	132
2422	117
2423	99
2424	127
2425	122
2426	126
2427	126
2428	118
2429	133
2430	143
2431	103
2432	109
2433	103
2434	111
2435	116
2436	106
2437	128
2438	120
2439	109
2440	138
2441	107
2442	124
2443	112
2444	92
2445	98
2446	101
2447	125
2448	111
2449	116
2450	124
2451	106
2452	117
2453	133
2454	127
2455	105
2456	116
2457	105
2458	116
2459	104
2460	110
2461	120
2462	114
2463	110
2464	100
2465	105
2466	106
2467	125
2468	116
2469	113
2470	101
2471	112
2472	99
2473	106
2474	118
2475	112
2476	111
2477	100
2478	114
2479	114
2480	94
2481	123
2482	98
2483	130
2484	99
2485	125
2486	118
2487	108
2488	101
2489	102
2490	106
2491	91
2492	122
2493	110
2494	109
2495	107
2496	129
2497	116
2498	108
2499	98
2500	127
2501	101
2502	92
2503	114
2504	117
2505	97
2506	107
2507	107
2508	126
2509	116
2510	107
2511	102
2512	107
2513	108
2514	111
2515	112
2516	108
2517	109
2518	99
2519	109
2520	113
2521	111
2522	101
2523	116
2524	107
2525	109
2526	133
2527	99
2528	113
2529	93
2530	108
2531	106
2532	91
2533	101
2534	86
2535	89
2536	114
2537	115
2538	125
2539	107
2540	116
2541	99
2542	95
2543	96
2544	111
2545	102
2546	103
2547	103
2548	115
2549	100
2550	108
2551	88
2552	120
2553	89
2554	96
2555	113
2556	97
2557	114
2558	99
2559	110
2560	100
2561	103
2562	112
2563	112
2564	91
2565	100
2566	117
2567	111
2568	98
2569	106
2570	119
2571	93
2572	120
2573	103
2574	96
2575	101
2576	110
2577	110
2578	102
2579	111
2580	103
2581	120
2582	107
2583	84
2584	100
2585	89
2586	118
2587	90
2588	88
2589	109
2590	110
2591	102
2592	131
2593	89
2594	119
2595	112
2596	104
2597	89
2598	95
2599	83
2600	93
2601	104
2602	111
2603	116
2604	101
2605	95
2606	99
2607	100
2608	93
2609	100
2610	117
2611	110
2612	84
2613	119
2614	98
2615	89
2616	99
2617	95
2618	92
2619	100
2620	113
2621	107
2622	109
2623	97
2624	84
2625	97
2626	92
2627	77
2628	103
2629	93
2630	96
2631	87
2632	106
2633	103
2634	101
2635	103
2636	105
2637	102
2638	101
2639	88
2640	103
2641	102
2642	88
2643	93
2644	103
2645	83
2646	102
2647	96
2648	94
2649	87
2650	101
2651	83
2652	91
2653	97
2654	94
2655	103
2656	82
2657	115
2658	97
2659	95
2660	89
2661	100
2662	93
2663	90
2664	88
2665	90
2666	84
2667	106
2668	81
2669	93
2670	93
2671	90
2672	97
2673	91
2674	92
2675	99
2676	105
2677	92
2678	89
2679	87
2680	87
2681	125
2682	87
2683	94
2684	104
2685	96
2686	89
2687	95
2688	93
2689	95
2690	86
2691	103
2692	112
2693	94
2694	93
2695	91
2696	116
2697	116
2698	76
2699	104
2700	78
2701	100
2702	103
2703	98
2704	78
2705	108
2706	76
2707	106
2708	81
2709	101
2710	74
2711	77
2712	93
2713	90
2714	83
2715	79
2716	88
2717	86
2718	85
2719	80
2720	83
2721	69
2722	81
2723	83
2724	82
2725	81
2726	83
2727	91
2728	84
2729	84
2730	88
2731	93
2732	90
2733	107
2734	88
2735	88
2736	86
2737	92
2738	92
2739	82
2740	73
2741	80
2742	78
2743	100
2744	94
2745	89
2746	83
2747	78
2748	86
2749	81
2750	82
2751	106
2752	79
2753	81
2754	82
2755	71
2756	84
2757	80
2758	89
2759	72
2760	82
2761	92
2762	95
2763	81
2764	83
2765	83
2766	72
2767	85
2768	93
2769	78
2770	74
2771	86
2772	97
2773	76
2774	75
2775	68
2776	72
2777	73
2778	83
2779	92
2780	73
2781	74
2782	82
2783	86
2784	82
2785	78
2786	73
2787	78
2788	74
2789	82
2790	67
2791	76
2792	82
2793	78
2794	74
2795	89
2796	74
2797	82
2798	102
2799	77
2800	82
2801	90
2802	76
2803	71
2804	84
2805	76
2806	88
2807	81
2808	77
2809	87
2810	72
2811	101
2812	88
2813	85
2814	77
2815	68
2816	84
2817	68
2818	94
2819	77
2820	75
2821	75
2822	79
2823	49
2824	76
2825	95
2826	85
2827	78
2828	80
2829	76
2830	70
2831	88
2832	77
2833	74
2834	88
2835	74
2836	74
2837	72
2838	86
2839	73
2840	77
2841	71
2842	66
2843	73
2844	70
2845	72
2846	80
2847	85
2848	71
2849	87
2850	79
2851	74
2852	93
2853	86
2854	65
2855	66
2856	73
2857	60
2858	63
2859	74
2860	73
2861	75
2862	77
2863	61
2864	92
2865	74
2866	59
2867	78
2868	73
2869	84
2870	89
2871	85
2872	76
2873	77
2874	70
2875	75
2876	76
2877	77
2878	62
2879	75
2880	80
2881	78
2882	83
2883	60
2884	60
2885	62
2886	73
2887	61
2888	66
2889	78
2890	76
2891	69
2892	70
2893	70
2894	76
2895	74
2896	78
2897	87
2898	84
2899	78
2900	70
2901	66
2902	78
2903	78
2904	70
2905	71
2906	82
2907	81
2908	63
2909	86
2910	74
2911	80
2912	71
2913	60
2914	66
2915	74
2916	83
2917	71
2918	68
2919	68
2920	86
2921	65
2922	70
2923	74
2924	71
2925	67
2926	44
2927	72
2928	65
2929	72
2930	48
2931	75
2932	81
2933	68
2934	80
2935	69
2936	68
2937	64
2938	68
2939	64
2940	89
2941	80
2942	63
2943	67
2944	62
2945	56
2946	69
2947	67
2948	71
2949	68
2950	70
2951	55
2952	75
2953	55
2954	66
2955	63
2956	75
2957	52
2958	61
2959	55
2960	65
2961	67
2962	66
2963	60
2964	63
2965	75
2966	61
2967	56
2968	72
2969	68
2970	76
2971	79
2972	66
2973	58
2974	62
2975	66
2976	60
2977	73
2978	63
2979	69
2980	68
2981	72
2982	85
2983	75
2984	71
2985	57
2986	62
2987	74
2988	63
2989	79
2990	73
2991	56
2992	61
2993	52
2994	45
2995	64
2996	57
2997	69
2998	72
2999	65
3000	62
3001	52
3002	62
3003	64
3004	61
3005	83
3006	68
3007	50
3008	54
3009	65
3010	62
3011	76
3012	61
3013	73
3014	66
3015	55
3016	41
3017	65
3018	65
3019	64
3020	78
3021	69
3022	60
3023	66
3024	58
3025	57
3026	73
3027	76
3028	62
3029	79
3030	71
3031	58
3032	56
3033	63
3034	61
3035	76
3036	59
3037	71
3038	73
3039	65
3040	66
3041	63
3042	62
3043	67
3044	68
3045	93
3046	69
3047	54
3048	56
3049	55
3050	62
3051	59
3052	67
3053	61
3054	62
3055	68
3056	65
3057	62
3058	56
3059	72
3060	61
3061	66
3062	66
3063	69
3064	61
3065	61
3066	64
3067	71
3068	43
3069	56
3070	61
3071	72
3072	65
3073	50
3074	58
3075	52
3076	57
3077	63
3078	63
3079	63
3080	67
3081	58
3082	46
3083	54
3084	64
3085	52
3086	54
3087	53
3088	62
3089	49
3090	72
3091	63
3092	62
3093	65
3094	70
3095	52
3096	41
3097	52
3098	52
3099	56
3100	70
3101	58
3102	57
3103	54
3104	65
3105	45
3106	66
3107	68
3108	73
3109	74
3110	53
3111	55
3112	57
3113	60
3114	56
3115	65
3116	64
3117	49
3118	53
3119	49
3120	59
3121	53
3122	63
3123	69
3124	55
3125	56
3126	54
3127	53
3128	75
3129	53
3130	55
3131	59
3132	53
3133	60
3134	51
3135	50
3136	54
3137	57
3138	62
3139	59
3140	64
3141	66
3142	51
3143	61
3144	68
3145	45
3146	61
3147	56
3148	49
3149	62
3150	78
3151	58
3152	45
3153	56
3154	56
3155	65
3156	51
3157	74
3158	49
3159	48
3160	49
3161	49
3162	55
3163	54
3164	43
3165	59
3166	63
3167	44
3168	58
3169	43
3170	52
3171	63
3172	45
3173	42
3174	51
3175	49
3176	71
3177	54
3178	50
3179	47
3180	52
3181	58
3182	63
3183	54
3184	51
3185	57
3186	62
3187	47
3188	56
3189	61
3190	59
3191	54
3192	55
3193	45
3194	49
3195	64
3196	59
3197	60
3198	54
3199	44
3200	49
3201	48
3202	66
3203	48
3204	58
3205	54
3206	50
3207	64
3208	61
3209	44
3210	62
3211	53
3212	59
3213	56
3214	45
3215	66
3216	44
3217	57
3218	46
3219	51
3220	59
3221	44
3222	65
3223	54
3224	45
3225	41
3226	54
3227	52
3228	45
3229	55
3230	66
3231	53
3232	65
3233	50
3234	62
3235	44
3236	58
3237	50
3238	57
3239	57
3240	74
3241	46
3242	50
3243	41
3244	56
3245	47
3246	63
3247	55
3248	47
3249	46
3250	44
3251	67
3252	53
3253	48
3254	46
3255	50
3256	50
3257	50
3258	48
3259	48
3260	47
3261	54
3262	42
3263	42
3264	47
3265	39
3266	43
3267	53
3268	56
3269	52
3270	50
3271	52
3272	46
3273	49
3274	56
3275	48
3276	50
3277	48
3278	50
3279	48
3280	53
3281	51
3282	50
3283	46
3284	53
3285	48
3286	38
3287	51
3288	50
3289	46
3290	53
3291	56
3292	45
3293	50
3294	47
3295	41
3296	50
3297	42
3298	48
3299	46
3300	46
3301	52
3302	54
3303	44
3304	45
3305	47
3306	36
3307	58
3308	50
3309	55
3310	48
3311	50
3312	55
3313	41
3314	64
3315	31
3316	40
3317	44
3318	35
3319	48
3320	58
3321	47
3322	61
3323	49
3324	57
3325	56
3326	54
3327	49
3328	44
3329	47
3330	48
3331	41
3332	46
3333	53
3334	50
3335	48
3336	39
3337	43
3338	53
3339	44
3340	46
3341	54
3342	46
3343	41
3344	37
3345	44
3346	46
3347	45
3348	38
3349	38
3350	51
3351	44
3352	51
3353	45
3354	61
3355	44
3356	39
3357	34
3358	41
3359	46
3360	53
3361	56
3362	56
3363	44
3364	41
3365	53
3366	39
3367	41
3368	49
3369	44
3370	37
3371	47
3372	37
3373	51
3374	41
3375	46
3376	50
3377	44
3378	41
3379	35
3380	39
3381	52
3382	47
3383	38
3384	53
3385	43
3386	57
3387	39
3388	43
3389	52
3390	47
3391	39
3392	53
3393	41
3394	37
3395	47
3396	34
3397	45
3398	36
3399	37
3400	50
3401	37
3402	38
3403	53
3404	43
3405	52
3406	44
3407	37
3408	46
3409	40
3410	38
3411	47
3412	40
3413	43
3414	54
3415	41
3416	38
3417	40
3418	45
3419	46
3420	34
3421	42
3422	45
3423	42
3424	37
3425	52
3426	38
3427	48
3428	41
3429	45
3430	32
3431	33
3432	43
3433	47
3434	30
3435	38
3436	51
3437	31
3438	35
3439	42
3440	36
3441	40
3442	52
3443	33
3444	38
3445	31
3446	38
3447	41
3448	44
3449	34
3450	41
3451	44
3452	52
3453	38
3454	34
3455	42
3456	40
3457	40
3458	29
3459	50
3460	37
3461	40
3462	36
3463	35
3464	31
3465	43
3466	43
3467	36
3468	43
3469	24
3470	51
3471	38
3472	36
3473	25
3474	47
3475	37
3476	33
3477	34
3478	36
3479	45
3480	39
3481	54
3482	45
3483	36
3484	29
3485	37
3486	44
3487	42
3488	40
3489	35
3490	42
3491	32
3492	38
3493	42
3494	50
3495	34
3496	36
3497	43
3498	24
3499	34
3500	41
3501	34
3502	38
3503	23
3504	47
3505	44
3506	30
3507	39
3508	41
3509	36
3510	47
3511	41
3512	41
3513	34
3514	33
3515	37
3516	43
3517	39
3518	31
3519	40
3520	37
3521	40
3522	34
3523	41
3524	25
3525	46
3526	43
3527	37
3528	41
3529	42
3530	39
3531	39
3532	32
3533	33
3534	45
3535	33
3536	35
3537	36
3538	35
3539	31
3540	31
3541	47
3542	30
3543	35
3544	36
3545	41
3546	44
3547	31
3548	39
3549	28
3550	26
3551	38
3552	36
3553	39
3554	34
3555	40
3556	32
3557	36
3558	40
3559	42
3560	30
3561	34
3562	39
3563	33
3564	38
3565	49
3566	46
3567	44
3568	30
3569	28
3570	39
3571	27
3572	39
3573	31
3574	33
3575	32
3576	32
3577	44
3578	35
3579	37
3580	30
3581	34
3582	37
3583	39
3584	36
3585	29
3586	24
3587	26
3588	35
3589	36
3590	33
3591	36
3592	27
3593	34
3594	28
3595	42
3596	24
3597	29
3598	34
3599	37
3600	38
3601	41
3602	34
3603	33
3604	30
3605	35
3606	43
3607	38
3608	38
3609	35
3610	35
3611	28
3612	29
3613	31
3614	37
3615	35
3616	27
3617	27
3618	45
3619	41
3620	28
3621	34
3622	31
3623	30
3624	30
3625	32
3626	26
3627	28
3628	32
3629	24
3630	35
3631	42
3632	28
3633	34
3634	30
3635	32
3636	33
3637	30
3638	30
3639	37
3640	36
3641	36
3642	32
3643	46
3644	31
3645	31
3646	30
3647	30
3648	23
3649	31
3650	38
3651	34
3652	36
3653	34
3654	30
3655	31
3656	32
3657	36
3658	21
3659	39
3660	28
3661	27
3662	34
3663	36
3664	32
3665	31
3666	35
3667	22
3668	38
3669	33
3670	35
3671	28
3672	33
3673	30
3674	29
3675	30
3676	29
3677	31
3678	33
3679	23
3680	29
3681	30
3682	27
3683	36
3684	27
3685	27
3686	18
3687	31
3688	24
3689	27
3690	21
3691	22
3692	22
3693	27
3694	28
3695	22
3696	31
3697	29
3698	23
3699	23
3700	35
3701	34
3702	25
3703	29
3704	28
3705	36
3706	35
3707	19
3708	36
3709	37
3710	23
3711	35
3712	28
3713	23
3714	28
3715	33
3716	30
3717	36
3718	36
3719	31
3720	29
3721	34
3722	39
3723	34
3724	32
3725	26
3726	26
3727	24
3728	36
3729	23
3730	28
3731	30
3732	37
3733	22
3734	31
3735	28
3736	25
3737	27
3738	23
3739	36
3740	29
3741	31
3742	24
3743	23
3744	24
3745	31
3746	32
3747	26
3748	26
3749	29
3750	35
3751	24
3752	36
3753	39
3754	32
3755	26
3756	26
3757	28
3758	35
3759	23
3760	28
3761	27
3762	29
3763	18
3764	33
3765	29
3766	37
3767	37
3768	30
3769	38
3770	30
3771	30
3772	29
3773	28
3774	36
3775	26
3776	31
3777	31
3778	27
3779	32
3780	32
3781	24
3782	20
3783	34
3784	26
3785	38
3786	24
3787	29
3788	23
3789	24
3790	32
3791	29
3792	25
3793	31
3794	25
3795	29
3796	24
3797	21
3798	26
3799	29
3800	22
3801	25
3802	22
3803	33
3804	20
3805	29
3806	23
3807	20
3808	24
3809	22
3810	23
3811	32
3812	30
3813	28
3814	27
3815	22
3816	26
3817	22
3818	20
3819	16
3820	23
3821	34
3822	29
3823	25
3824	36
3825	18
3826	26
3827	23
3828	30
3829	32
3830	33
3831	20
3832	27
3833	21
3834	24
3835	25
3836	21
3837	24
3838	18
3839	25
3840	36
3841	24
3842	22
3843	26
3844	32
3845	31
3846	23
3847	31
3848	24
3849	32
3850	29
3851	27
3852	29
3853	26
3854	22
3855	24
3856	26
3857	31
3858	20
3859	25
3860	31
3861	26
3862	26
3863	25
3864	29
3865	24
3866	26
3867	19
3868	23
3869	30
3870	26
3871	21
3872	22
3873	17
3874	25
3875	23
3876	29
3877	22
3878	25
3879	30
3880	19
3881	23
3882	18
3883	25
3884	26
3885	30
3886	16
3887	24
3888	28
3889	27
3890	19
3891	36
3892	17
3893	23
3894	22
3895	26
3896	18
3897	24
3898	20
3899	31
3900	19
3901	20
3902	28
3903	18
3904	22
3905	20
3906	27
3907	28
3908	28
3909	26
3910	29
3911	32
3912	22
3913	22
3914	30
3915	29
3916	26
3917	31
3918	28
3919	32
3920	26
3921	25
3922	30
3923	21
3924	20
3925	20
3926	34
3927	28
3928	22
3929	23
3930	22
3931	23
3932	25
3933	21
3934	25
3935	28
3936	15
3937	28
3938	23
3939	18
3940	27
3941	24
3942	20
3943	28
3944	28
3945	19
3946	12
3947	14
3948	23
3949	31
3950	20
3951	34
3952	19
3953	21
3954	22
3955	16
3956	23
3957	31
3958	23
3959	25
3960	18
3961	22
3962	25
3963	20
3964	24
3965	20
3966	27
3967	17
3968	15
3969	25
3970	34
3971	21
3972	23
3973	22
3974	19
3975	24
3976	18
3977	22
3978	19
3979	31
3980	22
3981	11
3982	25
3983	9
3984	25
3985	22
3986	19
3987	18
3988	19
3989	18
3990	17
3991	19
3992	13
3993	16
3994	28
3995	22
3996	17
3997	14
3998	21
3999	19
4000	19
4001	22
4002	22
4003	20
4004	21
4005	25
4006	18
4007	27
4008	22
4009	15
4010	22
4011	21
4012	21
4013	20
4014	24
4015	27
4016	19
4017	19
4018	23
4019	23
4020	14
4021	23
4022	27
4023	21
4024	21
4025	22
4026	21
4027	17
4028	24
4029	17
4030	20
4031	22
4032	20
4033	20
4034	20
4035	20
4036	30
4037	15
4038	23
4039	20
4040	13
4041	15
4042	19
4043	15
4044	23
4045	16
4046	13
4047	19
4048	28
4049	27
4050	19
4051	15
4052	25
4053	17
4054	23
4055	20
4056	25
4057	16
4058	18
4059	22
4060	25
4061	12
4062	22
4063	17
4064	25
4065	10
4066	20
4067	27
4068	25
4069	16
4070	20
4071	28
4072	13
4073	18
4074	10
4075	24
4076	31
4077	17
4078	24
4079	23
4080	18
4081	13
4082	21
4083	17
4084	20
4085	11
4086	22
4087	14
4088	17
4089	20
4090	13
4091	15
4092	23
4093	19
4094	22
4095	16
4096	20
4097	19
4098	19
4099	29
4100	20
4101	19
4102	21
4103	24
4104	23
4105	22
4106	19
4107	14
4108	13
4109	18
4110	20
4111	21
4112	14
4113	14
4114	9
4115	13
4116	10
4117	15
4118	17
4119	24
4120	19
4121	13
4122	24
4123	19
4124	14
4125	16
4126	16
4127	19
4128	15
4129	20
4130	27
4131	22
4132	12
4133	20
4134	13
4135	22
4136	20
4137	12
4138	25
4139	27
4140	14
4141	13
4142	12
4143	13
4144	14
4145	20
4146	16
4147	17
4148	12
4149	20
4150	26
4151	17
4152	20
4153	15
4154	16
4155	23
4156	18
4157	7
4158	22
4159	27
4160	16
4161	20
4162	14
4163	12
4164	17
4165	18
4166	22
4167	16
4168	15
4169	14
4170	16
4171	18
4172	19
4173	23
4174	20
4175	19
4176	13
4177	20
4178	18
4179	16
4180	15
4181	17
4182	14
4183	12
4184	10
4185	12
4186	19
4187	17
4188	17
4189	22
4190	13
4191	18
4192	17
4193	17
4194	19
4195	21
4196	15
4197	14
4198	18
4199	18
4200	17
4201	16
4202	21
4203	18
4204	14
4205	19
4206	18
4207	24
4208	22
4209	15
4210	14
4211	20
4212	12
4213	23
4214	13
4215	16
4216	14
4217	12
4218	19
4219	12
4220	17
4221	23
4222	13
4223	21
4224	8
4225	20
4226	18
4227	21
4228	11
4229	29
4230	13
4231	19
4232	12
4233	23
4234	16
4235	19
4236	17
4237	22
4238	19
4239	16
4240	14
4241	10
4242	18
4243	17
4244	20
4245	13
4246	22
4247	18
4248	12
4249	31
4250	23
4251	20
4252	17
4253	9
4254	19
4255	23
4256	14
4257	14
4258	14
4259	17
4260	19
4261	16
4262	11
4263	14
4264	13
4265	10
4266	14
4267	18
4268	17
4269	14
4270	19
4271	20
4272	14
4273	12
4274	11
4275	23
4276	13
4277	11
4278	18
4279	16
4280	23
4281	10
4282	17
4283	16
4284	11
4285	9
4286	13
4287	12
4288	11
4289	16
4290	12
4291	9
4292	8
4293	16
4294	19
4295	18
4296	15
4297	15
4298	12
4299	19
4300	10
4301	18
4302	21
4303	9
4304	12
4305	12
4306	13
4307	12
4308	14
4309	19
4310	21
4311	18
4312	20
4313	15
4314	9
4315	18
4316	11
4317	8
4318	7
4319	13
4320	13
4321	19
4322	17
4323	9
4324	13
4325	17
4326	12
4327	12
4328	12
4329	15
4330	17
4331	9
4332	18
4333	14
4334	18
4335	8
4336	20
4337	18
4338	19
4339	17
4340	8
4341	19
4342	10
4343	19
4344	14
4345	13
4346	13
4347	7
4348	9
4349	16
4350	20
4351	9
4352	15
4353	20
4354	15
4355	11
4356	7
4357	18
4358	21
4359	13
4360	10
4361	14
4362	4
4363	19
4364	17
4365	13
4366	20
4367	14
4368	19
4369	13
4370	13
4371	15
4372	13
4373	16
4374	17
4375	10
4376	10
4377	12
4378	17
4379	9
4380	13
4381	10
4382	10
4383	12
4384	20
4385	14
4386	12
4387	14
4388	11
4389	16
4390	16
4391	15
4392	8
4393	8
4394	8
4395	15
4396	14
4397	7
4398	11
4399	13
4400	6
4401	20
4402	7
4403	8
4404	6
4405	15
4406	9
4407	7
4408	5
4409	7
4410	22
4411	16
4412	16
4413	15
4414	13
4415	10
4416	14
4417	11
4418	19
4419	22
4420	8
4421	13
4422	15
4423	6
4424	14
4425	17
4426	18
4427	16
4428	14
4429	12
4430	9
4431	10
4432	11
4433	14
4434	13
4435	8
4436	19
4437	11
4438	11
4439	5
4440	8
4441	8
4442	15
4443	10
4444	11
4445	11
4446	8
4447	10
4448	5
4449	16
4450	8
4451	12
4452	12
4453	10
4454	5
4455	12
4456	7
4457	9
4458	15
4459	14
4460	10
4461	10
4462	8
4463	14
4464	12
4465	14
4466	9
4467	11
4468	9
4469	9
4470	10
4471	15
4472	9
4473	10
4474	8
4475	19
4476	12
4477	14
4478	8
4479	13
4480	8
4481	14
4482	12
4483	8
4484	11
4485	8
4486	10
4487	11
4488	13
4489	16
4490	12
4491	10
4492	10
4493	10
4494	14
4495	9
4496	6
4497	4
4498	9
4499	11
4500	10
4501	9
4502	13
4503	19
4504	6
4505	10
4506	11
4507	7
4508	7
4509	11
4510	10
4511	9
4512	9
4513	9
4514	8
4515	11
4516	7
4517	11
4518	6
4519	10
4520	14
4521	12
4522	6
4523	4
4524	11
4525	14
4526	10
4527	13
4528	5
4529	6
4530	10
4531	11
4532	13
4533	12
4534	8
4535	5
4536	16
4537	12
4538	10
4539	8
4540	8
4541	8
4542	14
4543	13
4544	9
4545	8
4546	6
4547	12
4548	6
4549	10
4550	9
4551	13
4552	11
4553	15
4554	9
4555	9
4556	11
4557	12
4558	7
4559	12
4560	12
4561	11
4562	11
4563	7
4564	10
4565	5
4566	7
4567	6
4568	16
4569	12
4570	15
4571	12
4572	7
4573	6
4574	9
4575	5
4576	7
4577	16
4578	14
4579	10
4580	9
4581	9
4582	10
4583	13
4584	7
4585	15
4586	6
4587	13
4588	7
4589	5
4590	13
4591	8
4592	9
4593	3
4594	8
4595	6
4596	8
4597	5
4598	13
4599	9
4600	7
4601	12
4602	11
4603	8
4604	10
4605	9
4606	9
4607	8
4608	12
4609	13
4610	15
4611	10
4612	13
4613	12
4614	8
4615	11
4616	10
4617	10
4618	5
4619	7
4620	10
4621	8
4622	13
4623	9
4624	9
4625	9
4626	13
4627	15
4628	10
4629	8
4630	8
4631	7
4632	13
4633	17
4634	8
4635	9
4636	14
4637	10
4638	12
4639	17
4640	14
4641	11
4642	12
4643	9
4644	11
4645	7
4646	10
4647	12
4648	5
4649	10
4650	15
4651	12
4652	13
4653	9
4654	10
4655	5
4656	5
4657	12
4658	7
4659	6
4660	9
4661	13
4662	10
4663	1
4664	9
4665	10
4666	11
4667	9
4668	12
4669	5
4670	8
4671	11
4672	6
4673	14
4674	8
4675	6
4676	2
4677	11
4678	4
4679	6
4680	11
4681	7
4682	16
4683	8
4684	10
4685	7
4686	12
4687	9
4688	10
4689	8
4690	12
4691	15
4692	7
4693	18
4694	4
4695	9
4696	9
4697	8
4698	3
4699	9
4700	7
4701	11
4702	6
4703	9
4704	11
4705	11
4706	10
4707	5
4708	9
4709	12
4710	7
4711	17
4712	7
4713	8
4714	5
4715	8
4716	9
4717	6
4718	8
4719	4
4720	8
4721	6
4722	9
4723	11
4724	13
4725	5
4726	11
4727	10
4728	8
4729	7
4730	9
4731	10
4732	12
4733	9
4734	12
4735	9
4736	5
4737	5
4738	6
4739	12
4740	5
4741	7
4742	6
4743	14
4744	4
4745	5
4746	10
4747	8
4748	9
4749	8
4750	8
4751	6
4752	9
4753	13
4754	10
4755	7
4756	8
4757	4
4758	9
4759	11
4760	12
4761	10
4762	3
4763	6
4764	7
4765	6
4766	12
4767	15
4768	11
4769	8
4770	10
4771	12
4772	11
4773	8
4774	4
4775	10
4776	8
4777	3
4778	12
4779	4
4780	6
4781	9
4782	10
4783	8
4784	13
4785	5
4786	5
4787	8
4788	8
4789	5
4790	5
4791	6
4792	6
4793	7
4794	10
4795	8
4796	12
4797	5
4798	10
4799	7
4800	5
4801	8
4802	8
4803	3
4804	9
4805	9
4806	9
4807	8
4808	6
4809	10
4810	13
4811	7
4812	8
4813	9
4814	6
4815	5
4816	13
4817	7
4818	5
4819	7
4820	8
4821	10
4822	11
4823	16
4824	9
4825	4
4826	11
4827	7
4828	4
4829	9
4830	10
4831	7
4832	10
4833	10
4834	14
4835	6
4836	6
4837	6
4838	9
4839	8
4840	6
4841	6
4842	11
4843	6
4844	6
4845	7
4846	4
4847	7
4848	7
4849	10
4850	8
4851	2
4852	7
4853	13
4854	5
4855	9
4856	5
4857	9
4858	7
4859	7
4860	7
4861	12
4862	9
4863	3
4864	9
4865	6
4866	14
4867	8
4868	7
4869	5
4870	4
4871	10
4872	8
4873	6
4874	7
4875	11
4876	4
4877	6
4878	6
4879	9
4880	7
4881	11
4882	6
4883	10
4884	9
4885	6
4886	12
4887	5
4888	2
4889	4
4890	4
4891	9
4892	4
4893	5
4894	4
4895	9
4896	8
4897	3
4898	5
4899	3
4900	3
4901	12
4902	3
4903	8
4904	6
4905	6
4906	9
4907	5
4908	5
4909	7
4910	11
4911	8
4912	7
4913	6
4914	3
4915	6
4916	5
4917	6
4918	6
4919	6
4920	6
4921	6
4922	8
4923	5
4924	3
4925	8
4926	7
4927	4
4928	6
4929	8
4930	3
4931	7
4932	8
4933	6
4934	3
4935	11
4936	4
4937	8
4938	8
4939	5
4940	8
4941	8
4942	5
4943	4
4944	6
4945	2
4946	8
4947	6
4948	5
4949	6
4950	9
4951	8
4952	5
4953	2
4954	8
4955	5
4956	9
4957	10
4958	9
4959	7
4960	7
4961	6
4962	3
4963	4
4964	3
4965	6
4966	3
4967	6
4968	10
4969	5
4970	7
4971	1
4972	3
4973	2
4974	7
4975	6
4976	0
4977	9
4978	1
4979	7
4980	6
4981	5
4982	7
4983	11
4984	3
4985	4
4986	7
4987	5
4988	2
4989	3
4990	1
4991	2
4992	10
4993	6
4994	9
4995	9
4996	7
4997	7
4998	5
4999	3
5000	5
5001	7
5002	9
5003	2
5004	10
5005	7
5006	5
5007	3
5008	7
5009	6
5010	5
5011	6
5012	6
5013	5
5014	6
5015	8
5016	3
5017	8
5018	1
5019	7
5020	5
5021	5
5022	5
5023	4
5024	6
5025	5
5026	3
5027	4
5028	2
5029	5
5030	6
5031	5
5032	3
5033	4
5034	7
5035	4
5036	6
5037	7
5038	10
5039	8
5040	6
5041	7
5042	9
5043	4
5044	3
5045	5
5046	8
5047	6
5048	4
5049	6
5050	6
5051	3
5052	9
5053	5
5054	5
5055	6
5056	8
5057	1
5058	7
5059	9
5060	8
5061	7
5062	7
5063	1
5064	6
5065	6
5066	7
5067	8
5068	11
5069	10
5070	5
5071	3
5072	5
5073	1
5074	4
5075	6
5076	7
5077	3
5078	8
5079	6
5080	4
5081	5
5082	6
5083	6
5084	6
5085	5
5086	8
5087	3
5088	8
5089	9
5090	4
5091	5
5092	5
5093	8
5094	4
5095	4
5096	6
5097	4
5098	10
5099	6
5100	4
5101	5
5102	8
5103	5
5104	12
5105	3
5106	3
5107	4
5108	1
5109	2
5110	6
5111	5
5112	4
5113	13
5114	8
5115	2
5116	7
5117	5
5118	7
5119	4
5120	4
5121	1
5122	4
5123	3
5124	6
5125	3
5126	7
5127	5
5128	9
5129	5
5130	5
5131	6
5132	3
5133	5
5134	6
5135	7
5136	4
5137	1
5138	6
5139	3
5140	9
5141	4
5142	6
5143	3
5144	4
5145	7
5146	4
5147	2
5148	7
5149	4
5150	2
5151	0
5152	4
5153	9
5154	3
5155	6
5156	5
5157	4
5158	3
5159	4
5160	7
5161	5
5162	2
5163	2
5164	5
5165	4
5166	6
5167	3
5168	10
5169	3
5170	6
5171	2
5172	7
5173	6
5174	3
5175	6
5176	3
5177	8
5178	8
5179	10
5180	10
5181	5
5182	6
5183	4
5184	7
5185	9
5186	2
5187	4
5188	7
5189	4
5190	9
5191	4
5192	3
5193	4
5194	7
5195	3
5196	6
5197	7
5198	2
5199	5
5200	5
5201	11
5202	3
5203	6
5204	3
5205	3
5206	5
5207	4
5208	3
5209	4
5210	6
5211	8
5212	7
5213	6
5214	5
5215	5
5216	3
5217	10
5218	7
5219	6
5220	5
5221	5
5222	10
5223	7
5224	1
5225	6
5226	3
5227	4
5228	5
5229	1
5230	8
5231	3
5232	5
5233	6
5234	3
5235	4
5236	5
5237	9
5238	5
5239	2
5240	4
5241	5
5242	0
5243	1
5244	2
5245	9
5246	4
5247	4
5248	7
5249	4
5250	6
5251	5
5252	1
5253	4
5254	5
5255	6
5256	3
5257	6
5258	4
5259	8
5260	5
5261	3
5262	7
5263	5
5264	8
5265	9
5266	4
5267	4
5268	4
5269	3
5270	5
5271	3
5272	3
5273	7
5274	5
5275	2
5276	4
5277	3
5278	1
5279	5
5280	4
5281	2
5282	3
5283	4
5284	2
5285	6
5286	3
5287	8
5288	8
5289	2
5290	0
5291	4
5292	8
5293	2
5294	5
5295	6
5296	4
5297	5
5298	5
5299	6
5300	5
5301	8
5302	2
5303	5
5304	2
5305	4
5306	2
5307	6
5308	5
5309	3
5310	5
5311	4
5312	2
5313	2
5314	2
5315	3
5316	4
5317	3
5318	5
5319	3
5320	4
5321	2
5322	7
5323	4
5324	4
5325	3
5326	2
5327	3
5328	4
5329	6
5330	4
5331	3
5332	3
5333	6
5334	4
5335	5
5336	4
5337	8
5338	3
5339	6
5340	2
5341	6
5342	6
5343	3
5344	2
5345	2
5346	1
5347	0
5348	1
5349	3
5350	1
5351	2
5352	3
5353	1
5354	4
5355	8
5356	4
5357	2
5358	1
5359	3
5360	2
5361	4
5362	4
5363	1
5364	1
5365	4
5366	6
5367	2
5368	4
5369	1
5370	1
5371	6
5372	2
5373	3
5374	2
5375	4
5376	2
5377	3
5378	2
5379	3
5380	5
5381	2
5382	4
5383	1
5384	3
5385	4
5386	5
5387	2
5388	3
5389	4
5390	3
5391	6
5392	6
5393	3
5394	2
5395	3
5396	1
5397	4
5398	4
5399	9
5400	3
5401	2
5402	4
5403	6
5404	2
5405	6
5406	3
5407	7
5408	4
5409	2
5410	2
5411	4
5412	6
5413	4
5414	5
5415	3
5416	2
5417	1
5418	6
5419	2
5420	2
5421	3
5422	2
5423	7
5424	0
5425	2
5426	0
5427	2
5428	3
5429	3
5430	3
5431	3
5432	2
5433	1
5434	5
5435	5
5436	2
5437	2
5438	6
5439	4
5440	0
5441	0
5442	2
5443	8
5444	2
5445	2
5446	1
5447	3
5448	1
5449	9
5450	5
5451	4
5452	3
5453	3
5454	3
5455	0
5456	2
5457	3
5458	1
5459	2
5460	0
5461	5
5462	0
5463	2
5464	3
5465	1
5466	4
5467	4
5468	6
5469	2
5470	5
5471	3
5472	2
5473	2
5474	1
5475	3
5476	3
5477	0
5478	4
5479	5
5480	5
5481	3
5482	0
5483	5
5484	4
5485	2
5486	2
5487	5
5488	1
5489	2
5490	3
5491	5
5492	3
5493	1
5494	4
5495	0
5496	4
5497	5
5498	3
5499	6
5500	3
5501	1
5502	2
5503	2
5504	1
5505	4
5506	6
5507	0
5508	5
5509	5
5510	3
5511	3
5512	7
5513	1
5514	2
5515	2
5516	4
5517	4
5518	4
5519	3
5520	2
5521	1
5522	1
5523	5
5524	2
5525	8
5526	3
5527	1
5528	3
5529	3
5530	3
5531	7
5532	2
5533	1
5534	6
5535	1
5536	1
5537	2
5538	5
5539	4
5540	0
5541	5
5542	3
5543	0
5544	5
5545	3
5546	5
5547	2
5548	1
5549	5
5550	0
5551	1
5552	1
5553	2
5554	4
5555	0
5556	3
5557	2
5558	2
5559	6
5560	1
5561	5
5562	4
5563	2
5564	2
5565	3
5566	0
5567	5
5568	2
5569	5
5570	4
5571	1
5572	2
5573	1
5574	3
5575	3
5576	4
5577	2
5578	1
5579	3
5580	5
5581	5
5582	1
5583	5
5584	2
5585	3
5586	2
5587	6
5588	2
5589	2
5590	3
5591	3
5592	3
5593	0
5594	2
5595	1
5596	1
5597	5
5598	2
5599	4
5600	3
5601	5
5602	0
5603	4
5604	6
5605	2
5606	0
5607	4
5608	3
5609	2
5610	1
5611	1
5612	0
5613	3
5614	1
5615	0
5616	0
5617	3
5618	2
5619	2
5620	0
5621	2
5622	5
5623	4
5624	4
5625	1
5626	3
5627	6
5628	1
5629	3
5630	2
5631	4
5632	1
5633	3
5634	1
5635	2
5636	4
5637	4
5638	2
5639	2
5640	3
5641	1
5642	4
5643	2
5644	1
5645	1
5646	1
5647	4
5648	3
5649	2
5650	2
5651	3
5652	5
5653	1
5654	4
5655	2
5656	0
5657	4
5658	1
5659	6
5660	3
5661	0
5662	0
5663	1
5664	1
5665	2
5666	3
5667	4
5668	3
5669	6
5670	4
5671	1
5672	0
5673	2
5674	5
5675	3
5676	1
5677	1
5678	2
5679	3
5680	3
5681	3
5682	3
5683	3
5684	3
5685	4
5686	3
5687	3
5688	2
5689	2
5690	2
5691	1
5692	0
5693	0
5694	1
5695	3
5696	1
5697	5
5698	3
5699	3
5700	1
5701	1
5702	4
5703	1
5704	4
5705	2
5706	5
5707	2
5708	6
5709	1
5710	2
5711	1
5712	1
5713	4
5714	2
5715	2
5716	3
5717	3
5718	2
5719	3
5720	2
5721	3
5722	2
5723	2
5724	3
5725	0
5726	1
5727	3
5728	2
5729	2
5730	0
5731	2
5732	1
5733	1
5734	3
5735	2
5736	0
5737	1
5738	4
5739	4
5740	1
5741	3
5742	2
5743	3
5744	3
5745	0
5746	2
5747	1
5748	2
5749	3
5750	2
5751	1
5752	1
5753	0
5754	4
5755	0
5756	1
5757	0
5758	2
5759	3
5760	1
5761	1
5762	1
5763	4
5764	2
5765	6
5766	0
5767	3
5768	4
5769	4
5770	2
5771	4
5772	1
5773	4
5774	3
5775	0
5776	1
5777	0
5778	2
5779	3
5780	2
5781	2
5782	2
5783	0
5784	1
5785	3
5786	3
5787	4
5788	3
5789	1
5790	0
5791	4
5792	2
5793	0
5794	0
5795	2
5796	1
5797	2
5798	3
5799	3
5800	0
5801	3
5802	1
5803	2
5804	2
5805	2
5806	1
5807	2
5808	2
5809	3
5810	2
5811	2
5812	2
5813	2
5814	0
5815	0
5816	1
5817	0
5818	4
5819	3
5820	2
5821	2
5822	6
5823	2
5824	2
5825	5
5826	1
5827	1
5828	1
5829	0
5830	0
5831	2
5832	0
5833	2
5834	3
5835	1
5836	0
5837	0
5838	2
5839	2
5840	2
5841	0
5842	1
5843	5
5844	3
5845	3
5846	0
5847	2
5848	3
5849	2
5850	4
5851	0
5852	3
5853	2
5854	5
5855	1
5856	6
5857	0
5858	2
5859	1
5860	0
5861	2
5862	1
5863	0
5864	4
5865	0
5866	1
5867	3
5868	1
5869	1
5870	3
5871	1
5872	2
5873	0
5874	1
5875	3
5876	4
5877	1
5878	2
5879	4
5880	3
5881	4
5882	4
5883	1
5884	1
5885	2
5886	1
5887	1
5888	4
5889	3
5890	1
5891	1
5892	1
5893	1
5894	2
5895	3
5896	2
5897	4
5898	3
5899	2
5900	1
5901	0
5902	1
5903	2
5904	2
5905	3
5906	0
5907	2
5908	0
5909	0
5910	1
5911	0
5912	1
5913	0
5914	1
5915	3
5916	0
5917	2
5918	2
5919	1
5920	2
5921	2
5922	1
5923	1
5924	0
5925	0
5926	1
5927	2
5928	1
5929	1
5930	2
5931	1
5932	3
5933	1
5934	2
5935	1
5936	0
5937	1
5938	3
5939	2
5940	2
5941	0
5942	3
5943	3
5944	3
5945	3
5946	2
5947	0
5948	2
5949	0
5950	2
5951	1
5952	3
5953	2
5954	3
5955	1
5956	1
5957	3
5958	2
5959	3
5960	3
5961	0
5962	4
5963	3
5964	0
5965	4
5966	1
5967	3
5968	4
5969	1
5970	2
5971	2
5972	2
5973	2
5974	2
5975	1
5976	1
5977	1
5978	2
5979	2
5980	0
5981	0
5982	0
5983	4
5984	1
5985	1
5986	3
5987	2
5988	2
5989	1
5990	5
5991	2
5992	2
5993	0
5994	1
5995	0
5996	4
5997	3
5998	0
5999	1
6000	1
6001	1
6002	3
6003	1
6004	2
6005	3
6006	1
6007	0
6008	3
6009	0
6010	0
6011	1
6012	0
6013	0
6014	2
6015	1
6016	2
6017	0
6018	0
6019	1
6020	0
6021	1
6022	1
6023	1
6024	1
6025	1
6026	0
6027	3
6028	3
6029	3
6030	0
6031	4
6032	2
6033	2
6034	3
6035	1
6036	1
6037	2
6038	0
6039	1
6040	2
6041	4
6042	0
6043	2
6044	1
6045	1
6046	1
6047	0
6048	1
6049	2
6050	2
6051	0
6052	4
6053	0
6054	0
6055	0
6056	1
6057	0
6058	2
6059	2
6060	2
6061	0
6062	1
6063	1
6064	3
6065	1
6066	3
6067	1
6068	1
6069	1
6070	1
6071	2
6072	1
6073	1
6074	4
6075	2
6076	0
6077	0
6078	2
6079	0
6080	1
6081	2
6082	2
6083	3
6084	1
6085	0
6086	1
6087	0
6088	0
6089	2
6090	1
6091	1
6092	3
6093	1
6094	2
6095	0
6096	1
6097	3
6098	2
6099	2
6100	2
6101	1
6102	4
6103	1
6104	0
6105	4
6106	1
6107	0
6108	3
6109	0
6110	0
6111	0
6112	1
6113	1
6114	0
6115	1
6116	1
6117	0
6118	1
6119	0
6120	1
6121	0
6122	3
6123	0
6124	0
6125	0
6126	1
6127	1
6128	2
6129	2
6130	0
6131	2
6132	1
6133	1
6134	4
6135	1
6136	0
6137	1
6138	4
6139	2
6140	2
6141	1
6142	1
6143	1
6144	4
6145	1
6146	2
6147	0
6148	1
6149	0
6150	1
6151	1
6152	0
6153	0
6154	0
6155	1
6156	1
6157	1
6158	1
6159	1
6160	1
6161	0
6162	0
6163	3
6164	0
6165	1
6166	1
6167	3
6168	0
6169	2
6170	2
6171	0
6172	0
6173	3
6174	3
6175	4
6176	2
6177	1
6178	1
6179	1
6180	3
6181	3
6182	3
6183	1
6184	2
6185	1
6186	1
6187	1
6188	1
6189	1
6190	2
6191	2
6192	1
6193	1
6194	0
6195	1
6196	0
6197	3
6198	1
6199	1
6200	3
6201	1
6202	0
6203	1
6204	1
6205	3
6206	2
6207	2
6208	0
6209	1
6210	1
6211	1
6212	0
6213	2
6214	2
6215	2
6216	1
6217	0
6218	1
6219	0
6220	2
6221	3
6222	3
6223	1
6224	1
6225	2
6226	2
6227	1
6228	1
6229	1
6230	1
6231	1
6232	0
6233	2
6234	1
6235	3
6236	1
6237	1
6238	3
6239	2
6240	1
6241	0
6242	1
6243	0
6244	0
6245	0
6246	0
6247	0
6248	0
6249	1
6250	2
6251	3
6252	1
6253	0
6254	2
6255	1
6256	1
6257	0
6258	1
6259	0
6260	0
6261	0
6262	1
6263	2
6264	2
6265	0
6266	0
6267	1
6268	0
6269	1
6270	0
6271	1
6272	0
6273	0
6274	1
6275	1
6276	1
6277	0
6278	1
6279	1
6280	2
6281	1
6282	2
6283	0
6284	1
6285	2
6286	3
6287	0
6288	2
6289	0
6290	2
6291	0
6292	1
6293	1
6294	1
6295	2
6296	0
6297	1
6298	2
6299	1
6300	2
6301	1
6302	1
6303	2
6304	0
6305	1
6306	0
6307	4
6308	2
6309	3
6310	1
6311	1
6312	0
6313	0
6314	2
6315	1
6316	1
6317	1
6318	1
6319	1
6320	2
6321	2
6322	2
6323	2
6324	2
6325	0
6326	0
6327	0
6328	3
6329	1
6330	0
6331	6
6332	2
6333	1
6334	1
6335	0
6336	1
6337	0
6338	0
6339	0
6340	0
6341	1
6342	0
6343	1
6344	1
6345	1
6346	1
6347	0
6348	0
6349	2
6350	2
6351	2
6352	1
6353	2
6354	0
6355	2
6356	2
6357	0
6358	0
6359	1
6360	0
6361	0
6362	1
6363	2
6364	2
6365	0
6366	3
6367	0
6368	0
6369	0
6370	1
6371	1
6372	1
6373	3
6374	1
6375	0
6376	0
6377	1
6378	0
6379	3
6380	0
6381	1
6382	1
6383	0
6384	3
6385	0
6386	0
6387	2
6388	1
6389	1
6390	0
6391	2
6392	0
6393	2
6394	0
6395	1
6396	0
6397	2
6398	1
6399	0
6400	1
6401	2
6402	0
6403	1
6404	2
6405	1
6406	1
6407	1
6408	1
6409	1
6410	0
6411	0
6412	0
6413	0
6414	0
6415	0
6416	1
6417	2
6418	0
6419	0
6420	1
6421	1
6422	0
6423	0
6424	1
6425	0
6426	0
6427	1
6428	1
6429	0
6430	1
6431	0
6432	0
6433	0
6434	1
6435	0
6436	2
6437	0
6438	1
6439	0
6440	2
6441	1
6442	0
6443	0
6444	0
6445	0
6446	3
6447	2
6448	1
6449	1
6450	2
6451	1
6452	1
6453	0
6454	1
6455	1
6456	2
6457	1
6458	2
6459	0
6460	1
6461	1
6462	1
6463	0
6464	1
6465	0
6466	3
6467	1
6468	1
6469	2
6470	1
6471	0
6472	0
6473	1
6474	1
6475	0
6476	0
6477	1
6478	1
6479	1
6480	1
6481	0
6482	0
6483	2
6484	0
6485	0
6486	3
6487	1
6488	2
6489	1
6490	1
6491	1
6492	0
6493	0
6494	2
6495	1
6496	0
6497	1
6498	0
6499	0
6500	0
6501	0
6502	1
6503	0
6504	0
6505	0
6506	1
6507	0
6508	1
6509	0
6510	0
6511	1
6512	0
6513	0
6514	1
6515	0
6516	0
6517	0
6518	0
6519	3
6520	0
6521	0
6522	0
6523	0
6524	0
6525	0
6526	0
6527	0
6528	3
6529	1
6530	3
6531	1
6532	5
6533	0
6534	1
6535	0
6536	1
6537	1
6538	0
6539	1
6540	1
6541	0
6542	0
6543	0
6544	2
6545	1
6546	0
6547	0
6548	0
6549	1
6550	0
6551	0
6552	0
6553	2
6554	0
6555	2
6556	0
6557	2
6558	1
6559	0
6560	0
6561	1
6562	1
6563	0
6564	0
6565	2
6566	3
6567	3
6568	0
6569	3
6570	0
6571	0
6572	2
6573	0
6574	0
6575	0
6576	2
6577	1
6578	1
6579	2
6580	1
6581	0
6582	1
6583	0
6584	0
6585	2
6586	1
6587	1
6588	1
6589	1
6590	1
6591	0
6592	1
6593	1
6594	0
6595	0
6596	0
6597	0
6598	0
6599	2
6600	1
6601	0
6602	0
6603	1
6604	1
6605	0
6606	0
6607	0
6608	3
6609	1
6610	1
6611	1
6612	1
6613	0
6614	2
6615	1
6616	1
6617	0
6618	0
6619	1
6620	0
6621	2
6622	1
6623	1
6624	2
6625	0
6626	1
6627	1
6628	1
6629	2
6630	1
6631	1
6632	0
6633	1
6634	0
6635	0
6636	0
6637	1
6638	1
6639	2
6640	0
6641	2
6642	3
6643	2
6644	0
6645	0
6646	1
6647	0
6648	0
6649	0
6650	1
6651	1
6652	1
6653	2
6654	2
6655	1
6656	1
6657	3
6658	0
6659	2
6660	0
6661	1
6662	0
6663	0
6664	1
6665	0
6666	3
6667	0
6668	0
6669	1
6670	0
6671	0
6672	2
6673	0
6674	1
6675	0
6676	1
6677	0
6678	2
6679	0
6680	0
6681	0
6682	0
6683	0
6684	1
6685	1
6686	0
6687	1
6688	0
6689	0
6690	1
6691	0
6692	1
6693	1
6694	1
6695	0
6696	1
6697	1
6698	2
6699	1
6700	0
6701	0
6702	3
6703	0
6704	0
6705	0
6706	0
6707	0
6708	0
6709	0
6710	1
6711	1
6712	0
6713	0
6714	1
6715	2
6716	1
6717	0
6718	2
6719	1
6720	1
6721	1
6722	1
6723	0
6724	1
6725	1
6726	1
6727	0
6728	1
6729	1
6730	0
6731	1
6732	2
6733	0
6734	0
6735	2
6736	0
6737	0
6738	1
6739	0
6740	0
6741	1
6742	0
6743	1
6744	0
6745	0
6746	2
6747	1
6748	0
6749	0
6750	1
6751	1
6752	0
6753	2
6754	0
6755	2
6756	2
6757	0
6758	0
6759	1
6760	0
6761	0
6762	0
6763	0
6764	0
6765	1
6766	1
6767	2
6768	0
6769	1
6770	1
6771	0
6772	0
6773	0
6774	1
6775	0
6776	1
6777	0
6778	0
6779	0
6780	0
6781	1
6782	0
6783	0
6784	0
6785	0
6786	3
6787	1
6788	0
6789	0
6790	2
6791	0
6792	0
6793	0
6794	1
6795	1
6796	0
6797	1
6798	2
6799	0
6800	1
6801	1
6802	0
6803	1
6804	1
6805	0
6806	0
6807	0
6808	0
6809	0
6810	1
6811	0
6812	1
6813	1
6814	0
6815	0
6816	0
6817	0
6818	0
6819	1
6820	0
6821	0
6822	1
6823	0
6824	1
6825	0
6826	0
6827	1
6828	0
6829	1
6830	1
6831	1
6832	0
6833	0
6834	1
6835	0
6836	0
6837	2
6838	2
6839	1
6840	1
6841	1
6842	1
6843	0
6844	0
6845	1
6846	1
6847	2
6848	0
6849	0
6850	0
6851	1
6852	0
6853	2
6854	0
6855	2
6856	0
6857	0
6858	0
6859	1
6860	0
6861	0
6862	0
6863	2
6864	0
6865	0
6866	1
6867	0
6868	1
6869	1
6870	0
6871	1
6872	1
6873	1
6874	1
6875	1
6876	0
6877	0
6878	0
6879	0
6880	0
6881	3
6882	0
6883	1
6884	0
6885	0
6886	0
6887	1
6888	2
6889	1
6890	0
6891	0
6892	0
6893	0
6894	1
6895	1
6896	0
6897	1
6898	0
6899	2
6900	0
6901	0
6902	0
6903	0
6904	1
6905	0
6906	0
6907	0
6908	0
6909	0
6910	0
6911	1
6912	1
6913	1
6914	1
6915	0
6916	0
6917	1
6918	0
6919	0
6920	0
6921	1
6922	2
6923	0
6924	0
6925	1
6926	0
6927	0
6928	0
6929	0
6930	1
6931	1
6932	1
6933	0
6934	1
6935	1
6936	0
6937	1
6938	0
6939	0
6940	0
6941	1
6942	1
6943	1
6944	0
6945	0
6946	2
6947	0
6948	0
6949	1
6950	0
6951	0
6952	0
6953	0
6954	1
6955	0
6956	1
6957	0
6958	1
6959	0
6960	1
6961	0
6962	0
6963	0
6964	0
6965	0
6966	1
6967	0
6968	0
6969	0
6970	0
6971	0
6972	0
6973	1
6974	0
6975	0
6976	1
6977	0
6978	2
6979	0
6980	0
6981	1
6982	1
6983	2
6984	0
6985	2
6986	1
6987	0
6988	0
6989	0
6990	0
6991	0
6992	1
6993	0
6994	0
6995	1
6996	0
6997	1
6998	0
6999	0
7000	2
7001	0
7002	1
7003	0
7004	1
7005	0
7006	1
7007	0
7008	0
7009	2
7010	0
7011	0
7012	0
7013	0
7014	0
7015	2
7016	0
7017	1
7018	1
7019	0
7020	1
7021	1
7022	1
7023	0
7024	1
7025	0
7026	0
7027	0
7028	2
7029	1
7030	0
7031	0
7032	2
7033	0
7034	0
7035	0
7036	0
7037	1
7038	2
7039	1
7040	1
7041	0
7042	0
7043	0
7044	0
7045	0
7046	0
7047	0
7048	0
7049	2
7050	0
7051	1
7052	0
7053	0
7054	0
7055	0
7056	1
7057	0
7058	1
7059	1
7060	0
7061	0
7062	0
7063	2
7064	0
7065	2
7066	0
7067	1
7068	0
7069	2
7070	1
7071	0
7072	1
7073	0
7074	1
7075	0
7076	0
7077	0
7078	1
7079	0
7080	0
7081	1
7082	0
7083	0
7084	0
7085	1
7086	0
7087	1
7088	0
7089	1
7090	0
7091	0
7092	1
7093	0
7094	1
7095	1
7096	1
7097	0
7098	0
7099	0
7100	0
7101	2
7102	0
7103	1
7104	0
7105	0
7106	0
7107	1
7108	0
7109	0
7110	1
7111	0
7112	2
7113	0
7114	1
7115	1
7116	0
7117	0
7118	0
7119	0
7120	1
7121	0
7122	0
7123	2
7124	0
7125	0
7126	1
7127	1
7128	1
7129	0
7130	1
7131	2
7132	1
7133	0
7134	1
7135	0
7136	0
7137	1
7138	0
7139	0
7140	0
7141	0
7142	0
7143	1
7144	0
7145	1
7146	0
7147	1
7148	0
7149	0
7150	0
7151	1
7152	0
7153	0
7154	0
7155	0
7156	0
7157	0
7158	1
7159	0
7160	2
7161	0
7162	1
7163	0
7164	0
7165	0
7166	0
7167	0
7168	1
7169	0
7170	2
7171	0
7172	0
7173	0
7174	0
7175	0
7176	0
7177	0
7178	0
7179	0
7180	0
7181	0
7182	2
7183	4
7184	0
7185	1
7186	0
7187	0
7188	0
7189	0
7190	1
7191	0
7192	2
7193	1
7194	0
7195	0
7196	0
7197	0
7198	1
7199	0
7200	0
7201	0
7202	0
7203	2
7204	2
7205	0
7206	1
7207	0
7208	0
7209	1
7210	0
7211	2
7212	0
7213	0
7214	0
7215	2
7216	0
7217	0
7218	0
7219	0
7220	2
7221	0
7222	3
7223	0
7224	1
7225	0
7226	0
7227	0
7228	1
7229	0
7230	0
7231	1
7232	1
7233	0
7234	1
7235	0
7236	0
7237	0
7238	1
7239	0
7240	0
7241	0
7242	0
7243	0
7244	0
7245	0
7246	0
7247	1
7248	0
7249	0
7250	0
7251	0
7252	1
7253	0
7254	1
7255	0
7256	1
7257	1
7258	0
7259	0
7260	0
7261	1
7262	0
7263	0
7264	0
7265	1
7266	0
7267	1
7268	1
7269	0
7270	0
7271	0
7272	0
7273	0
7274	0
7275	0
7276	0
7277	0
7278	0
7279	2
7280	0
7281	0
7282	1
7283	2
7284	0
7285	0
7286	0
7287	0
7288	2
7289	0
7290	1
7291	0
7292	0
7293	0
7294	0
7295	1
7296	0
7297	0
7298	1
7299	0
7300	1
7301	0
7302	0
7303	0
7304	0
7305	0
7306	1
7307	0
7308	0
7309	0
7310	0
7311	0
7312	0
7313	2
7314	0
7315	1
7316	2
7317	0
7318	0
7319	0
7320	0
7321	1
7322	1
7323	1
7324	0
7325	0
7326	0
7327	0
7328	0
7329	0
7330	0
7331	0
7332	0
7333	0
7334	0
7335	0
7336	0
7337	0
7338	0
7339	0
7340	0
7341	1
7342	0
7343	1
7344	0
7345	0
7346	1
7347	0
7348	0
7349	1
7350	0
7351	0
7352	0
7353	0
7354	0
7355	0
7356	0
7357	1
7358	2
7359	1
7360	0
7361	0
7362	0
7363	0
7364	0
7365	1
7366	0
7367	0
7368	0
7369	0
7370	0
7371	0
7372	1
7373	1
7374	0
7375	0
7376	0
7377	0
7378	0
7379	0
7380	1
7381	0
7382	1
7383	0
7384	0
7385	0
7386	1
7387	1
7388	0
7389	1
7390	1
7391	0
7392	0
7393	0
7394	0
7395	0
7396	1
7397	0
7398	0
7399	0
7400	0
7401	0
7402	0
7403	0
7404	0
7405	1
7406	0
7407	0
7408	2
7409	1
7410	0
7411	0
7412	1
7413	0
7414	1
7415	0
7416	0
7417	0
7418	0
7419	0
7420	0
7421	0
7422	0
7423	0
7424	0
7425	0
7426	0
7427	0
7428	0
7429	0
7430	0
7431	0
7432	0
7433	0
7434	0
7435	0
7436	1
7437	0
7438	0
7439	0
7440	0
7441	0
7442	0
7443	0
7444	1
7445	0
7446	0
7447	0
7448	0
7449	0
7450	1
7451	0
7452	1
7453	0
7454	1
7455	0
7456	0
7457	0
7458	0
7459	0
7460	0
7461	0
7462	0
7463	0
7464	1
7465	0
7466	0
7467	0
7468	0
7469	0
7470	0
7471	0
7472	1
7473	0
7474	0
7475	0
7476	0
7477	1
7478	1
7479	0
7480	1
7481	0
7482	0
7483	1
7484	0
7485	0
7486	1
7487	1
7488	1
7489	0
7490	0
7491	1
7492	1
7493	0
7494	0
7495	0
7496	0
7497	0
7498	0
7499	0
7500	0
7501	0
7502	0
7503	0
7504	0
7505	0
7506	0
7507	0
7508	0
7509	0
7510	1
7511	0
7512	0
7513	0
7514	0
7515	0
7516	0
7517	1
7518	0
7519	0
7520	0
7521	0
7522	1
7523	0
7524	0
7525	0
7526	0
7527	0
7528	0
7529	0
7530	1
7531	1
7532	0
7533	0
7534	1
7535	0
7536	0
7537	0
7538	0
7539	0
7540	0
7541	1
7542	0
7543	1
7544	0
7545	0
7546	0
7547	1
7548	0
7549	0
7550	0
7551	0
7552	0
7553	0
7554	0
7555	0
7556	0
7557	2
7558	0
7559	0
7560	0
7561	0
7562	0
7563	2
7564	1
7565	0
7566	0
7567	1
7568	0
7569	0
7570	0
7571	0
7572	0
7573	1
7574	0
7575	0
7576	1
7577	0
7578	1
7579	0
7580	2
7581	0
7582	0
7583	0
7584	0
7585	0
7586	0
7587	0
7588	0
7589	0
7590	1
7591	0
7592	0
7593	0
7594	0
7595	0
7596	1
7597	0
7598	1
7599	1
7600	0
7601	1
7602	0
7603	0
7604	0
7605	0
7606	1
7607	0
7608	0
7609	0
7610	0
7611	0
7612	0
7613	0
7614	1
7615	0
7616	0
7617	0
7618	0
7619	2
7620	0
7621	1
7622	0
7623	1
7624	0
7625	1
7626	0
7627	0
7628	0
7629	0
7630	0
7631	1
7632	0
7633	0
7634	0
7635	0
7636	2
7637	0
7638	0
7639	0
7640	0
7641	0
7642	1
7643	0
7644	0
7645	0
7646	0
7647	0
7648	1
7649	3
7650	0
7651	1
7652	1
7653	0
7654	0
7655	0
7656	0
7657	0
7658	0
7659	0
7660	0
7661	1
7662	0
7663	1
7664	0
7665	0
7666	0
7667	1
7668	0
7669	0
7670	0
7671	0
7672	0
7673	0
7674	0
7675	0
7676	0
7677	0
7678	1
7679	0
7680	0
7681	0
7682	0
7683	0
7684	2
7685	0
7686	0
7687	1
7688	0
7689	0
7690	0
7691	2
7692	0
7693	0
7694	0
7695	0
7696	0
7697	0
7698	0
7699	0
7700	0
7701	0
7702	0
7703	0
7704	0
7705	0
7706	0
7707	1
7708	0
7709	0
7710	0
7711	1
7712	1
7713	0
7714	0
7715	0
7716	0
7717	0
7718	1
7719	0
7720	0
7721	1
7722	0
7723	1
7724	1
7725	0
7726	1
7727	0
7728	0
7729	1
7730	1
7731	0
7732	0
7733	0
7734	0
7735	0
7736	0
7737	0
7738	0
7739	0
7740	0
7741	0
7742	0
7743	1
7744	0
7745	0
7746	1
7747	0
7748	0
7749	0
7750	0
7751	0
7752	0
7753	1
7754	0
7755	0
7756	0
7757	0
7758	0
7759	0
7760	0
7761	0
7762	0
7763	0
7764	0
7765	0
7766	1
7767	0
7768	0
7769	0
7770	0
7771	0
7772	0
7773	0
7774	0
7775	0
7776	0
7777	0
7778	0
7779	1
7780	1
7781	0
7782	0
7783	0
7784	0
7785	1
7786	1
7787	0
7788	0
7789	0
7790	0
7791	1
7792	0
7793	0
7794	0
7795	0
7796	0
7797	0
7798	0
7799	0
7800	0
7801	0
7802	0
7803	0
7804	0
7805	0
7806	0
7807	0
7808	0
7809	0
7810	0
7811	0
7812	0
7813	0
7814	1
7815	0
7816	0
7817	0
7818	0
7819	1
7820	0
7821	1
7822	1
7823	0
7824	0
7825	0
7826	0
7827	0
7828	0
7829	0
7830	0
7831	0
7832	0
7833	0
7834	0
7835	0
7836	1
7837	0
7838	0
7839	0
7840	0
7841	0
7842	0
7843	1
7844	0
7845	0
7846	0
7847	0
7848	0
7849	0
7850	0
7851	0
7852	0
7853	1
7854	0
7855	1
7856	0
7857	1
7858	0
7859	1
7860	0
7861	1
7862	0
7863	0
7864	0
7865	2
7866	0
7867	0
7868	0
7869	0
7870	0
7871	0
7872	0
7873	0
7874	0
7875	0
7876	0
7877	0
7878	0
7879	0
7880	1
7881	0
7882	0
7883	0
7884	0
7885	0
7886	0
7887	0
7888	0
7889	0
7890	0
7891	0
7892	0
7893	0
7894	1
7895	0
7896	0
7897	1
7898	0
7899	0
7900	0
7901	0
7902	0
7903	0
7904	0
7905	0
7906	0
7907	0
7908	0
7909	1
7910	0
7911	0
7912	0
7913	0
7914	0
7915	0
7916	0
7917	0
7918	0
7919	0
7920	1
7921	0
7922	0
7923	0
7924	0
7925	0
7926	0
7927	0
7928	0
7929	0
7930	0
7931	0
7932	0
7933	0
7934	0
7935	1
7936	0
7937	0
7938	0
7939	0
7940	0
7941	0
7942	0
7943	0
7944	0
7945	0
7946	0
7947	0
7948	0
7949	0
7950	0
7951	1
7952	1
7953	0
7954	0
7955	0
7956	0
7957	0
7958	0
7959	0
7960	0
7961	0
7962	0
7963	0
7964	0
7965	0
7966	0
7967	0
7968	0
7969	0
7970	0
7971	0
7972	0
7973	0
7974	0
7975	0
7976	0
7977	0
7978	0
7979	2
7980	2
7981	0
7982	0
7983	0
7984	1
7985	0
7986	0
7987	0
7988	0
7989	0
7990	0
7991	0
7992	0
7993	0
7994	0
7995	0
7996	1
7997	0
7998	1
7999	1
8000	0
8001	0
8002	1
8003	0
8004	0
8005	0
8006	0
8007	0
8008	1
8009	0
8010	0
8011	0
8012	0
8013	0
8014	0
8015	0
8016	0
8017	0
8018	0
8019	0
8020	0
8021	0
8022	0
8023	0
8024	0
8025	1
8026	0
8027	0
8028	0
8029	0
8030	1
8031	0
8032	0
8033	0
8034	0
8035	0
8036	0
8037	0
8038	0
8039	1
8040	0
8041	0
8042	0
8043	0
8044	0
8045	0
8046	0
8047	0
8048	0
8049	0
8050	0
8051	1
8052	0
8053	0
8054	0
8055	0
8056	0
8057	0
8058	0
8059	0
8060	0
8061	0
8062	0
8063	0
8064	0
8065	0
8066	0
8067	0
8068	0
8069	2
8070	0
8071	0
8072	0
8073	0
8074	0
8075	0
8076	0
8077	0
8078	0
8079	0
8080	0
8081	0
8082	0
8083	0
8084	0
8085	1
8086	0
8087	0
8088	0
8089	0
8090	0
8091	0
8092	0
8093	0
8094	1
8095	0
8096	1
8097	0
8098	0
8099	0
8100	0
8101	0
8102	0
8103	0
8104	0
8105	1
8106	0
8107	0
8108	0
8109	1
8110	0
8111	1
8112	0
8113	0
8114	0
8115	0
8116	0
8117	1
8118	0
8119	0
8120	0
8121	0
8122	0
8123	0
8124	0
8125	0
8126	0
8127	0
8128	0
8129	0
8130	0
8131	0
8132	0
8133	0
8134	0
8135	0
8136	0
8137	0
8138	0
8139	0
8140	0
8141	0
8142	0
8143	0
8144	0
8145	0
8146	0
8147	0
8148	0
8149	0
8150	0
8151	0
8152	0
8153	0
8154	0
8155	0
8156	0
8157	0
8158	0
8159	0
8160	0
8161	0
8162	0
8163	0
8164	0
8165	0
8166	0
8167	0
8168	0
8169	0
8170	0
8171	0
8172	0
8173	0
8174	0
8175	0
8176	0
8177	0
8178	0
8179	0
8180	0
8181	0
8182	0
8183	0
8184	0
8185	0
8186	0
8187	0
8188	0
8189	0
8190	0
8191	0
