0	0
1	0
2	0
3	0
4	0
5	0
6	0
7	0
8	0
9	0
10	0
11	0
12	0
13	0
14	0
15	0
16	0
17	0
18	0
19	0
20	0
21	0
22	0
23	0
24	0
25	0
26	0
27	0
28	0
29	0
30	0
31	0
32	0
33	0
34	0
35	0
36	0
37	0
38	0
39	0
40	0
41	0
42	0
43	0
44	0
45	0
46	0
47	0
48	0
49	0
50	0
51	0
52	0
53	0
54	0
55	0
56	0
57	0
58	0
59	0
60	0
61	0
62	0
63	0
64	0
65	0
66	0
67	0
68	0
69	0
70	0
71	0
72	0
73	0
74	0
75	0
76	0
77	0
78	0
79	0
80	0
81	0
82	0
83	0
84	0
85	0
86	0
87	0
88	0
89	0
90	0
91	0
92	0
93	0
94	1
95	9
96	28
97	45
98	51
99	60
100	46
101	49
102	51
103	51
104	55
105	67
106	62
107	62
108	70
109	78
110	65
111	66
112	44
113	69
114	55
115	67
116	50
117	47
118	59
119	53
120	59
121	63
122	47
123	56
124	71
125	72
126	60
127	58
128	49
129	61
130	65
131	63
132	65
133	72
134	67
135	63
136	71
137	63
138	71
139	81
140	64
141	56
142	57
143	60
144	58
145	53
146	59
147	70
148	50
149	60
150	55
151	63
152	53
153	57
154	60
155	64
156	58
157	64
158	67
159	62
160	69
161	64
162	62
163	61
164	69
165	59
166	68
167	64
168	71
169	62
170	67
171	46
172	58
173	72
174	52
175	65
176	59
177	53
178	68
179	51
180	78
181	60
182	71
183	59
184	54
185	51
186	58
187	52
188	57
189	62
190	65
191	82
192	61
193	67
194	52
195	56
196	70
197	68
198	60
199	58
200	63
201	68
202	61
203	69
204	61
205	52
206	63
207	59
208	72
209	60
210	66
211	71
212	70
213	62
214	63
215	81
216	69
217	71
218	60
219	62
220	67
221	56
222	61
223	70
224	61
225	63
226	65
227	67
228	53
229	52
230	45
231	59
232	59
233	60
234	61
235	64
236	57
237	71
238	64
239	51
240	75
241	63
242	65
243	52
244	64
245	66
246	58
247	86
248	68
249	78
250	60
251	66
252	68
253	67
254	62
255	47
256	66
257	60
258	64
259	80
260	59
261	63
262	75
263	52
264	76
265	70
266	69
267	79
268	62
269	71
270	86
271	49
272	69
273	58
274	67
275	72
276	68
277	73
278	55
279	66
280	60
281	71
282	75
283	79
284	65
285	64
286	56
287	70
288	76
289	86
290	75
291	67
292	71
293	60
294	70
295	51
296	66
297	74
298	61
299	63
300	70
301	68
302	47
303	80
304	77
305	56
306	77
307	67
308	76
309	47
310	74
311	73
312	77
313	79
314	76
315	57
316	66
317	65
318	72
319	56
320	67
321	72
322	67
323	62
324	64
325	59
326	66
327	61
328	60
329	72
330	69
331	61
332	77
333	71
334	58
335	53
336	66
337	57
338	71
339	83
340	78
341	72
342	67
343	72
344	84
345	73
346	58
347	72
348	67
349	59
350	72
351	71
352	55
353	77
354	53
355	81
356	65
357	71
358	63
359	81
360	74
361	63
362	56
363	75
364	76
365	74
366	58
367	68
368	81
369	58
370	79
371	79
372	72
373	66
374	74
375	81
376	76
377	63
378	81
379	66
380	91
381	62
382	69
383	66
384	67
385	75
386	76
387	61
388	68
389	79
390	71
391	70
392	55
393	76
394	65
395	87
396	85
397	62
398	70
399	68
400	72
401	74
402	55
403	67
404	84
405	81
406	89
407	81
408	56
409	68
410	69
411	74
412	77
413	76
414	68
415	68
416	58
417	59
418	61
419	76
420	70
421	73
422	68
423	91
424	54
425	77
426	67
427	82
428	66
429	72
430	74
431	72
432	75
433	79
434	76
435	76
436	66
437	77
438	63
439	71
440	73
441	73
442	73
443	72
444	69
445	77
446	72
447	71
448	64
449	75
450	83
451	75
452	78
453	81
454	78
455	95
456	75
457	91
458	93
459	65
460	89
461	78
462	80
463	77
464	66
465	65
466	73
467	73
468	67
469	82
470	68
471	62
472	77
473	85
474	70
475	75
476	78
477	81
478	65
479	58
480	72
481	81
482	82
483	68
484	63
485	85
486	59
487	68
488	70
489	74
490	60
491	75
492	74
493	74
494	74
495	78
496	58
497	71
498	62
499	79
500	79
501	65
502	93
503	73
504	64
505	81
506	91
507	84
508	79
509	93
510	72
511	53
512	71
513	64
514	70
515	71
516	73
517	70
518	81
519	78
520	78
521	73
522	54
523	72
524	73
525	61
526	77
527	73
528	76
529	56
530	81
531	67
532	72
533	56
534	66
535	76
536	73
537	72
538	65
539	67
540	68
541	79
542	83
543	65
544	62
545	60
546	71
547	56
548	71
549	86
550	74
551	76
552	81
553	61
554	71
555	69
556	59
557	73
558	53
559	70
560	59
561	87
562	76
563	65
564	66
565	79
566	65
567	69
568	71
569	76
570	64
571	69
572	70
573	77
574	58
575	82
576	58
577	74
578	83
579	69
580	76
581	71
582	83
583	80
584	66
585	84
586	72
587	88
588	78
589	88
590	71
591	49
592	74
593	81
594	60
595	65
596	72
597	71
598	73
599	66
600	80
601	68
602	70
603	68
604	71
605	86
606	76
607	65
608	74
609	83
610	77
611	57
612	73
613	71
614	86
615	71
616	78
617	90
618	73
619	81
620	69
621	66
622	55
623	72
624	75
625	66
626	78
627	92
628	62
629	75
630	69
631	61
632	67
633	65
634	66
635	76
636	85
637	79
638	77
639	75
640	53
641	67
642	63
643	85
644	74
645	75
646	75
647	81
648	63
649	63
650	77
651	70
652	76
653	61
654	77
655	77
656	80
657	76
658	92
659	86
660	73
661	68
662	75
663	58
664	68
665	73
666	73
667	90
668	78
669	70
670	74
671	76
672	71
673	64
674	90
675	82
676	71
677	63
678	70
679	68
680	74
681	72
682	76
683	60
684	93
685	73
686	58
687	68
688	92
689	70
690	68
691	63
692	75
693	92
694	64
695	56
696	75
697	58
698	70
699	87
700	72
701	69
702	88
703	67
704	82
705	79
706	81
707	65
708	75
709	54
710	66
711	75
712	73
713	71
714	72
715	68
716	76
717	73
718	70
719	83
720	83
721	60
722	66
723	80
724	62
725	78
726	87
727	63
728	62
729	59
730	79
731	60
732	58
733	81
734	74
735	77
736	71
737	80
738	79
739	77
740	70
741	64
742	81
743	65
744	75
745	80
746	68
747	66
748	88
749	72
750	94
751	85
752	70
753	70
754	64
755	82
756	75
757	72
758	75
759	68
760	79
761	66
762	73
763	74
764	82
765	64
766	78
767	91
768	78
769	63
770	57
771	70
772	86
773	83
774	74
775	81
776	68
777	67
778	64
779	83
780	78
781	78
782	112
783	70
784	69
785	76
786	63
787	93
788	91
789	84
790	63
791	74
792	72
793	78
794	71
795	85
796	75
797	67
798	72
799	79
800	63
801	82
802	59
803	70
804	62
805	70
806	72
807	72
808	66
809	68
810	76
811	64
812	87
813	67
814	80
815	79
816	79
817	71
818	77
819	79
820	88
821	64
822	91
823	82
824	89
825	86
826	62
827	78
828	82
829	77
830	77
831	71
832	86
833	79
834	70
835	82
836	69
837	93
838	83
839	82
840	73
841	88
842	74
843	65
844	85
845	70
846	72
847	78
848	87
849	76
850	91
851	75
852	64
853	78
854	61
855	84
856	77
857	78
858	68
859	73
860	84
861	71
862	76
863	66
864	87
865	73
866	73
867	69
868	63
869	76
870	82
871	80
872	80
873	84
874	59
875	80
876	79
877	75
878	79
879	80
880	71
881	98
882	76
883	89
884	89
885	75
886	85
887	89
888	83
889	75
890	95
891	78
892	87
893	86
894	70
895	64
896	89
897	84
898	70
899	71
900	76
901	90
902	70
903	78
904	59
905	88
906	79
907	106
908	81
909	75
910	73
911	76
912	90
913	77
914	73
915	73
916	94
917	70
918	83
919	75
920	68
921	85
922	78
923	64
924	86
925	90
926	74
927	77
928	80
929	75
930	75
931	69
932	77
933	83
934	93
935	86
936	92
937	85
938	72
939	76
940	88
941	102
942	85
943	89
944	88
945	94
946	79
947	92
948	70
949	82
950	62
951	87
952	77
953	88
954	88
955	95
956	80
957	90
958	69
959	88
960	88
961	73
962	96
963	86
964	85
965	63
966	84
967	84
968	72
969	84
970	75
971	68
972	76
973	101
974	80
975	80
976	86
977	66
978	83
979	92
980	70
981	88
982	80
983	78
984	87
985	67
986	82
987	95
988	79
989	81
990	70
991	66
992	78
993	81
994	94
995	81
996	63
997	84
998	96
999	81
1000	79
1001	71
1002	88
1003	83
1004	87
1005	68
1006	80
1007	76
1008	76
1009	65
1010	79
1011	85
1012	65
1013	81
1014	91
1015	89
1016	98
1017	76
1018	92
1019	85
1020	81
1021	82
1022	70
1023	59
1024	90
1025	105
1026	73
1027	86
1028	99
1029	86
1030	85
1031	98
1032	70
1033	74
1034	93
1035	80
1036	78
1037	85
1038	71
1039	80
1040	78
1041	81
1042	88
1043	87
1044	71
1045	81
1046	76
1047	96
1048	99
1049	102
1050	80
1051	82
1052	90
1053	89
1054	78
1055	66
1056	84
1057	92
1058	94
1059	86
1060	68
1061	72
1062	90
1063	111
1064	75
1065	78
1066	108
1067	74
1068	82
1069	98
1070	89
1071	92
1072	77
1073	92
1074	89
1075	76
1076	84
1077	80
1078	87
1079	109
1080	72
1081	89
1082	85
1083	83
1084	68
1085	76
1086	91
1087	81
1088	77
1089	89
1090	81
1091	83
1092	81
1093	85
1094	80
1095	90
1096	91
1097	98
1098	90
1099	83
1100	78
1101	81
1102	93
1103	80
1104	76
1105	74
1106	85
1107	95
1108	89
1109	81
1110	82
1111	104
1112	97
1113	93
1114	88
1115	91
1116	86
1117	87
1118	92
1119	82
1120	86
1121	86
1122	95
1123	109
1124	92
1125	95
1126	99
1127	79
1128	83
1129	88
1130	81
1131	85
1132	86
1133	79
1134	92
1135	84
1136	104
1137	80
1138	76
1139	91
1140	84
1141	95
1142	75
1143	86
1144	86
1145	91
1146	68
1147	96
1148	79
1149	89
1150	96
1151	68
1152	97
1153	83
1154	86
1155	94
1156	101
1157	86
1158	77
1159	91
1160	94
1161	86
1162	86
1163	79
1164	73
1165	81
1166	98
1167	77
1168	93
1169	87
1170	81
1171	93
1172	82
1173	91
1174	91
1175	98
1176	99
1177	77
1178	106
1179	86
1180	89
1181	72
1182	105
1183	77
1184	83
1185	82
1186	82
1187	85
1188	101
1189	92
1190	87
1191	80
1192	77
1193	92
1194	83
1195	99
1196	88
1197	86
1198	94
1199	85
1200	98
1201	90
1202	80
1203	88
1204	107
1205	85
1206	84
1207	95
1208	77
1209	86
1210	96
1211	88
1212	103
1213	83
1214	103
1215	90
1216	96
1217	86
1218	78
1219	63
1220	94
1221	87
1222	97
1223	79
1224	97
1225	98
1226	100
1227	63
1228	92
1229	81
1230	104
1231	86
1232	88
1233	88
1234	79
1235	77
1236	88
1237	101
1238	93
1239	75
1240	94
1241	81
1242	85
1243	87
1244	89
1245	86
1246	93
1247	91
1248	77
1249	82
1250	95
1251	95
1252	79
1253	95
1254	96
1255	111
1256	71
1257	83
1258	71
1259	97
1260	98
1261	85
1262	84
1263	86
1264	89
1265	94
1266	84
1267	91
1268	81
1269	92
1270	76
1271	82
1272	67
1273	92
1274	81
1275	76
1276	71
1277	96
1278	77
1279	94
1280	91
1281	92
1282	96
1283	75
1284	86
1285	87
1286	93
1287	75
1288	78
1289	83
1290	89
1291	84
1292	75
1293	78
1294	84
1295	79
1296	106
1297	83
1298	72
1299	94
1300	81
1301	99
1302	79
1303	89
1304	75
1305	91
1306	82
1307	76
1308	93
1309	66
1310	96
1311	93
1312	103
1313	77
1314	89
1315	73
1316	81
1317	70
1318	72
1319	90
1320	86
1321	76
1322	69
1323	89
1324	88
1325	78
1326	89
1327	76
1328	90
1329	79
1330	89
1331	102
1332	95
1333	92
1334	106
1335	80
1336	82
1337	86
1338	93
1339	76
1340	73
1341	93
1342	73
1343	87
1344	97
1345	72
1346	99
1347	93
1348	80
1349	78
1350	90
1351	61
1352	81
1353	87
1354	93
1355	74
1356	87
1357	93
1358	86
1359	72
1360	90
1361	95
1362	67
1363	80
1364	93
1365	74
1366	104
1367	96
1368	85
1369	85
1370	91
1371	76
1372	97
1373	84
1374	81
1375	78
1376	90
1377	85
1378	92
1379	96
1380	88
1381	83
1382	94
1383	95
1384	82
1385	89
1386	72
1387	74
1388	89
1389	97
1390	84
1391	96
1392	95
1393	82
1394	85
1395	73
1396	79
1397	94
1398	91
1399	85
1400	88
1401	92
1402	80
1403	89
1404	75
1405	82
1406	76
1407	85
1408	86
1409	67
1410	84
1411	74
1412	89
1413	89
1414	88
1415	72
1416	80
1417	98
1418	86
1419	88
1420	84
1421	88
1422	81
1423	82
1424	73
1425	84
1426	95
1427	77
1428	82
1429	89
1430	86
1431	89
1432	73
1433	81
1434	84
1435	92
1436	74
1437	84
1438	96
1439	76
1440	83
1441	77
1442	82
1443	93
1444	86
1445	100
1446	83
1447	84
1448	94
1449	94
1450	88
1451	88
1452	110
1453	96
1454	71
1455	87
1456	89
1457	75
1458	92
1459	93
1460	96
1461	98
1462	80
1463	97
1464	95
1465	78
1466	84
1467	93
1468	95
1469	95
1470	110
1471	80
1472	73
1473	86
1474	109
1475	93
1476	90
1477	98
1478	79
1479	84
1480	86
1481	95
1482	87
1483	81
1484	93
1485	76
1486	91
1487	86
1488	72
1489	69
1490	77
1491	92
1492	68
1493	91
1494	78
1495	72
1496	83
1497	84
1498	87
1499	93
1500	81
1501	84
1502	79
1503	89
1504	99
1505	95
1506	80
1507	84
1508	105
1509	92
1510	98
1511	82
1512	82
1513	82
1514	77
1515	80
1516	102
1517	95
1518	80
1519	90
1520	76
1521	82
1522	91
1523	94
1524	71
1525	78
1526	97
1527	78
1528	96
1529	83
1530	79
1531	98
1532	99
1533	94
1534	84
1535	97
1536	79
1537	84
1538	75
1539	90
1540	96
1541	78
1542	86
1543	81
1544	77
1545	94
1546	89
1547	82
1548	92
1549	83
1550	79
1551	95
1552	86
1553	93
1554	85
1555	102
1556	96
1557	93
1558	84
1559	87
1560	81
1561	83
1562	94
1563	92
1564	76
1565	98
1566	101
1567	73
1568	66
1569	74
1570	95
1571	76
1572	98
1573	104
1574	88
1575	98
1576	97
1577	88
1578	81
1579	92
1580	82
1581	73
1582	86
1583	85
1584	97
1585	105
1586	105
1587	93
1588	71
1589	89
1590	78
1591	82
1592	85
1593	95
1594	89
1595	90
1596	94
1597	93
1598	79
1599	85
1600	83
1601	89
1602	84
1603	109
1604	83
1605	96
1606	78
1607	87
1608	95
1609	72
1610	87
1611	74
1612	90
1613	90
1614	88
1615	92
1616	90
1617	109
1618	84
1619	93
1620	77
1621	87
1622	73
1623	93
1624	91
1625	94
1626	99
1627	99
1628	73
1629	96
1630	90
1631	77
1632	88
1633	95
1634	88
1635	107
1636	84
1637	87
1638	87
1639	70
1640	81
1641	70
1642	85
1643	93
1644	89
1645	73
1646	99
1647	94
1648	81
1649	102
1650	75
1651	98
1652	80
1653	95
1654	83
1655	80
1656	90
1657	76
1658	103
1659	102
1660	92
1661	87
1662	77
1663	75
1664	97
1665	84
1666	96
1667	89
1668	101
1669	81
1670	76
1671	94
1672	81
1673	80
1674	96
1675	88
1676	84
1677	84
1678	101
1679	97
1680	109
1681	81
1682	99
1683	104
1684	96
1685	88
1686	90
1687	77
1688	96
1689	92
1690	95
1691	96
1692	98
1693	86
1694	87
1695	79
1696	95
1697	103
1698	78
1699	101
1700	89
1701	91
1702	89
1703	79
1704	99
1705	91
1706	91
1707	74
1708	88
1709	73
1710	103
1711	101
1712	89
1713	103
1714	97
1715	90
1716	75
1717	91
1718	93
1719	94
1720	82
1721	85
1722	107
1723	82
1724	85
1725	110
1726	85
1727	99
1728	92
1729	72
1730	94
1731	98
1732	81
1733	84
1734	85
1735	93
1736	95
1737	87
1738	96
1739	91
1740	83
1741	89
1742	112
1743	78
1744	82
1745	93
1746	69
1747	81
1748	103
1749	81
1750	72
1751	95
1752	77
1753	103
1754	91
1755	80
1756	101
1757	85
1758	92
1759	107
1760	79
1761	104
1762	95
1763	86
1764	74
1765	87
1766	83
1767	119
1768	89
1769	94
1770	77
1771	91
1772	94
1773	87
1774	107
1775	98
1776	81
1777	89
1778	85
1779	72
1780	85
1781	104
1782	98
1783	104
1784	81
1785	88
1786	94
1787	97
1788	91
1789	89
1790	81
1791	102
1792	97
1793	89
1794	90
1795	75
1796	94
1797	71
1798	80
1799	86
1800	86
1801	81
1802	89
1803	76
1804	90
1805	99
1806	86
1807	82
1808	87
1809	103
1810	94
1811	64
1812	91
1813	87
1814	80
1815	112
1816	88
1817	81
1818	85
1819	81
1820	90
1821	84
1822	84
1823	87
1824	99
1825	88
1826	91
1827	75
1828	79
1829	103
1830	103
1831	100
1832	97
1833	100
1834	85
1835	90
1836	83
1837	86
1838	84
1839	90
1840	73
1841	103
1842	104
1843	103
1844	102
1845	80
1846	98
1847	88
1848	90
1849	92
1850	90
1851	83
1852	90
1853	85
1854	85
1855	89
1856	90
1857	88
1858	109
1859	99
1860	81
1861	97
1862	83
1863	105
1864	71
1865	94
1866	81
1867	87
1868	83
1869	88
1870	104
1871	92
1872	67
1873	91
1874	84
1875	90
1876	100
1877	95
1878	74
1879	98
1880	88
1881	93
1882	82
1883	86
1884	86
1885	113
1886	81
1887	96
1888	98
1889	100
1890	82
1891	100
1892	92
1893	82
1894	90
1895	75
1896	91
1897	91
1898	109
1899	78
1900	99
1901	84
1902	86
1903	91
1904	94
1905	92
1906	84
1907	88
1908	92
1909	90
1910	91
1911	93
1912	90
1913	92
1914	85
1915	83
1916	93
1917	82
1918	90
1919	92
1920	101
1921	92
1922	89
1923	94
1924	110
1925	77
1926	75
1927	85
1928	89
1929	108
1930	103
1931	99
1932	87
1933	94
1934	103
1935	93
1936	77
1937	81
1938	101
1939	76
1940	95
1941	97
1942	88
1943	97
1944	77
1945	78
1946	91
1947	92
1948	76
1949	91
1950	93
1951	104
1952	87
1953	104
1954	93
1955	88
1956	91
1957	77
1958	80
1959	85
1960	86
1961	93
1962	93
1963	92
1964	86
1965	100
1966	85
1967	90
1968	93
1969	104
1970	95
1971	98
1972	89
1973	79
1974	78
1975	81
1976	91
1977	89
1978	93
1979	87
1980	88
1981	90
1982	101
1983	88
1984	90
1985	89
1986	83
1987	103
1988	94
1989	70
1990	83
1991	101
1992	92
1993	100
1994	98
1995	122
1996	86
1997	102
1998	103
1999	98
2000	78
2001	88
2002	76
2003	99
2004	86
2005	94
2006	100
2007	99
2008	88
2009	95
2010	91
2011	100
2012	93
2013	87
2014	88
2015	102
2016	89
2017	83
2018	80
2019	96
2020	104
2021	87
2022	94
2023	90
2024	97
2025	96
2026	95
2027	90
2028	100
2029	87
2030	96
2031	90
2032	79
2033	100
2034	100
2035	72
2036	88
2037	86
2038	73
2039	96
2040	69
2041	73
2042	90
2043	84
2044	87
2045	83
2046	86
2047	96
2048	70
2049	102
2050	90
2051	100
2052	83
2053	112
2054	96
2055	82
2056	101
2057	90
2058	101
2059	108
2060	102
2061	102
2062	87
2063	106
2064	91
2065	93
2066	96
2067	85
2068	96
2069	86
2070	95
2071	87
2072	113
2073	74
2074	90
2075	95
2076	98
2077	78
2078	104
2079	78
2080	97
2081	111
2082	81
2083	101
2084	99
2085	77
2086	118
2087	106
2088	75
2089	95
2090	97
2091	90
2092	86
2093	85
2094	80
2095	93
2096	110
2097	107
2098	103
2099	97
2100	98
2101	103
2102	91
2103	100
2104	85
2105	100
2106	87
2107	90
2108	100
2109	82
2110	79
2111	88
2112	69
2113	109
2114	93
2115	97
2116	104
2117	76
2118	89
2119	105
2120	80
2121	102
2122	83
2123	70
2124	91
2125	89
2126	89
2127	94
2128	91
2129	81
2130	88
2131	90
2132	91
2133	88
2134	97
2135	93
2136	94
2137	124
2138	85
2139	85
2140	96
2141	112
2142	87
2143	79
2144	95
2145	96
2146	95
2147	94
2148	96
2149	109
2150	98
2151	78
2152	90
2153	85
2154	94
2155	88
2156	101
2157	99
2158	84
2159	87
2160	95
2161	83
2162	92
2163	90
2164	84
2165	87
2166	96
2167	94
2168	94
2169	84
2170	96
2171	101
2172	81
2173	78
2174	90
2175	89
2176	96
2177	116
2178	101
2179	91
2180	82
2181	94
2182	106
2183	78
2184	110
2185	94
2186	91
2187	78
2188	102
2189	92
2190	98
2191	91
2192	111
2193	90
2194	111
2195	91
2196	87
2197	101
2198	87
2199	97
2200	110
2201	91
2202	105
2203	106
2204	80
2205	84
2206	86
2207	87
2208	113
2209	119
2210	93
2211	96
2212	90
2213	91
2214	93
2215	79
2216	96
2217	102
2218	91
2219	102
2220	106
2221	106
2222	86
2223	115
2224	105
2225	99
2226	98
2227	113
2228	105
2229	110
2230	99
2231	110
2232	113
2233	123
2234	96
2235	106
2236	103
2237	98
2238	98
2239	107
2240	104
2241	107
2242	99
2243	104
2244	82
2245	121
2246	95
2247	109
2248	113
2249	94
2250	92
2251	90
2252	102
2253	100
2254	94
2255	116
2256	106
2257	101
2258	102
2259	118
2260	97
2261	101
2262	106
2263	111
2264	111
2265	103
2266	101
2267	103
2268	120
2269	114
2270	102
2271	103
2272	134
2273	119
2274	112
2275	119
2276	90
2277	108
2278	113
2279	112
2280	120
2281	105
2282	85
2283	109
2284	116
2285	94
2286	112
2287	128
2288	119
2289	93
2290	103
2291	107
2292	100
2293	95
2294	108
2295	90
2296	107
2297	101
2298	120
2299	126
2300	118
2301	102
2302	138
2303	119
2304	107
2305	115
2306	91
2307	117
2308	106
2309	102
2310	113
2311	120
2312	114
2313	118
2314	100
2315	93
2316	128
2317	114
2318	117
2319	117
2320	116
2321	103
2322	114
2323	111
2324	118
2325	116
2326	117
2327	127
2328	123
2329	121
2330	108
2331	117
2332	129
2333	117
2334	109
2335	110
2336	110
2337	105
2338	110
2339	117
2340	120
2341	101
2342	109
2343	133
2344	124
2345	107
2346	92
2347	110
2348	135
2349	113
2350	118
2351	127
2352	110
2353	135
2354	115
2355	123
2356	114
2357	108
2358	108
2359	110
2360	130
2361	118
2362	96
2363	118
2364	124
2365	111
2366	110
2367	119
2368	115
2369	117
2370	118
2371	110
2372	120
2373	111
2374	113
2375	107
2376	134
2377	120
2378	109
2379	115
2380	131
2381	134
2382	133
2383	116
2384	119
2385	109
2386	107
2387	117
2388	131
2389	143
2390	146
2391	128
2392	116
2393	121
2394	116
2395	119
2396	120
2397	102
2398	112
2399	117
2400	127
2401	121
2402	114
2403	140
2404	132
2405	122
2406	132
2407	143
2408	127
2409	136
2410	144
2411	124
2412	123
2413	128
2414	121
2415	122
2416	139
2417	123
2418	127
2419	126
2420	119
2421	137
2422	121
2423	137
2424	124
2425	116
2426	126
2427	134
2428	129
2429	132
2430	124
2431	121
2432	133
2433	122
2434	120
2435	127
2436	120
2437	129
2438	137
2439	129
2440	139
2441	125
2442	145
2443	144
2444	138
2445	126
2446	123
2447	139
2448	111
2449	125
2450	126
2451	138
2452	147
2453	120
2454	125
2455	117
2456	108
2457	109
2458	124
2459	151
2460	123
2461	108
2462	139
2463	123
2464	133
2465	111
2466	107
2467	119
2468	151
2469	119
2470	140
2471	133
2472	121
2473	145
2474	124
2475	145
2476	119
2477	138
2478	115
2479	140
2480	134
2481	117
2482	116
2483	119
2484	123
2485	147
2486	123
2487	133
2488	131
2489	110
2490	134
2491	132
2492	137
2493	138
2494	108
2495	130
2496	134
2497	121
2498	113
2499	116
2500	140
2501	144
2502	122
2503	104
2504	130
2505	121
2506	151
2507	123
2508	122
2509	162
2510	123
2511	140
2512	136
2513	123
2514	121
2515	123
2516	139
2517	161
2518	122
2519	130
2520	119
2521	115
2522	135
2523	116
2524	138
2525	135
2526	123
2527	140
2528	141
2529	137
2530	149
2531	119
2532	137
2533	143
2534	123
2535	125
2536	148
2537	154
2538	149
2539	117
2540	143
2541	119
2542	103
2543	134
2544	138
2545	134
2546	135
2547	118
2548	112
2549	144
2550	109
2551	130
2552	134
2553	138
2554	104
2555	122
2556	111
2557	121
2558	111
2559	124
2560	130
2561	136
2562	146
2563	107
2564	132
2565	128
2566	130
2567	120
2568	102
2569	113
2570	130
2571	122
2572	134
2573	117
2574	105
2575	121
2576	117
2577	131
2578	137
2579	123
2580	123
2581	125
2582	127
2583	151
2584	134
2585	108
2586	110
2587	124
2588	131
2589	121
2590	129
2591	106
2592	133
2593	103
2594	128
2595	134
2596	125
2597	111
2598	125
2599	137
2600	127
2601	125
2602	134
2603	138
2604	115
2605	116
2606	121
2607	125
2608	129
2609	106
2610	104
2611	125
2612	129
2613	126
2614	133
2615	129
2616	120
2617	127
2618	118
2619	129
2620	111
2621	114
2622	124
2623	97
2624	130
2625	127
2626	114
2627	121
2628	112
2629	132
2630	127
2631	135
2632	134
2633	115
2634	112
2635	112
2636	119
2637	119
2638	126
2639	113
2640	118
2641	114
2642	119
2643	131
2644	148
2645	131
2646	125
2647	127
2648	143
2649	127
2650	119
2651	119
2652	117
2653	123
2654	114
2655	122
2656	117
2657	115
2658	123
2659	122
2660	112
2661	103
2662	85
2663	103
2664	131
2665	113
2666	115
2667	128
2668	119
2669	127
2670	109
2671	119
2672	107
2673	106
2674	109
2675	125
2676	125
2677	112
2678	89
2679	133
2680	117
2681	132
2682	121
2683	124
2684	112
2685	119
2686	105
2687	104
2688	115
2689	105
2690	106
2691	118
2692	101
2693	119
2694	125
2695	104
2696	130
2697	140
2698	119
2699	90
2700	132
2701	115
2702	113
2703	129
2704	119
2705	124
2706	125
2707	94
2708	131
2709	112
2710	117
2711	88
2712	114
2713	110
2714	134
2715	141
2716	122
2717	89
2718	105
2719	93
2720	125
2721	94
2722	97
2723	117
2724	110
2725	126
2726	100
2727	114
2728	107
2729	110
2730	112
2731	112
2732	122
2733	121
2734	122
2735	101
2736	114
2737	117
2738	113
2739	106
2740	114
2741	105
2742	104
2743	100
2744	125
2745	108
2746	128
2747	94
2748	121
2749	121
2750	109
2751	102
2752	113
2753	120
2754	107
2755	113
2756	124
2757	97
2758	116
2759	114
2760	111
2761	129
2762	101
2763	110
2764	128
2765	105
2766	119
2767	122
2768	100
2769	115
2770	96
2771	115
2772	119
2773	108
2774	105
2775	109
2776	114
2777	112
2778	120
2779	99
2780	130
2781	131
2782	124
2783	123
2784	107
2785	101
2786	112
2787	98
2788	114
2789	91
2790	116
2791	102
2792	108
2793	92
2794	123
2795	111
2796	125
2797	120
2798	108
2799	113
2800	109
2801	112
2802	113
2803	104
2804	109
2805	125
2806	122
2807	82
2808	108
2809	120
2810	137
2811	108
2812	103
2813	104
2814	111
2815	116
2816	91
2817	85
2818	98
2819	112
2820	110
2821	126
2822	98
2823	117
2824	124
2825	108
2826	108
2827	108
2828	96
2829	96
2830	130
2831	113
2832	110
2833	110
2834	103
2835	107
2836	101
2837	121
2838	118
2839	100
2840	116
2841	106
2842	103
2843	115
2844	96
2845	94
2846	113
2847	124
2848	100
2849	125
2850	94
2851	111
2852	90
2853	111
2854	95
2855	116
2856	109
2857	107
2858	100
2859	116
2860	110
2861	112
2862	104
2863	104
2864	104
2865	109
2866	108
2867	104
2868	92
2869	118
2870	122
2871	95
2872	111
2873	106
2874	105
2875	93
2876	108
2877	118
2878	114
2879	107
2880	107
2881	110
2882	122
2883	100
2884	110
2885	115
2886	116
2887	102
2888	112
2889	100
2890	130
2891	111
2892	108
2893	107
2894	109
2895	106
2896	99
2897	98
2898	116
2899	93
2900	93
2901	117
2902	102
2903	102
2904	112
2905	113
2906	90
2907	93
2908	107
2909	111
2910	118
2911	102
2912	98
2913	99
2914	92
2915	96
2916	105
2917	122
2918	103
2919	85
2920	92
2921	138
2922	103
2923	116
2924	114
2925	117
2926	124
2927	89
2928	109
2929	99
2930	106
2931	104
2932	113
2933	115
2934	96
2935	121
2936	102
2937	105
2938	95
2939	101
2940	77
2941	112
2942	119
2943	116
2944	96
2945	112
2946	103
2947	111
2948	108
2949	97
2950	113
2951	102
2952	103
2953	87
2954	106
2955	120
2956	101
2957	74
2958	105
2959	112
2960	95
2961	91
2962	85
2963	107
2964	98
2965	123
2966	103
2967	93
2968	104
2969	101
2970	100
2971	98
2972	89
2973	113
2974	105
2975	96
2976	102
2977	104
2978	93
2979	116
2980	112
2981	113
2982	89
2983	98
2984	107
2985	103
2986	104
2987	100
2988	101
2989	92
2990	82
2991	119
2992	97
2993	95
2994	102
2995	87
2996	90
2997	93
2998	88
2999	101
3000	95
3001	104
3002	125
3003	96
3004	93
3005	103
3006	108
3007	80
3008	108
3009	116
3010	106
3011	98
3012	104
3013	93
3014	109
3015	87
3016	105
3017	98
3018	97
3019	89
3020	97
3021	118
3022	115
3023	100
3024	123
3025	93
3026	106
3027	113
3028	104
3029	99
3030	112
3031	92
3032	98
3033	82
3034	114
3035	91
3036	104
3037	99
3038	98
3039	106
3040	104
3041	107
3042	100
3043	102
3044	86
3045	97
3046	104
3047	89
3048	87
3049	103
3050	88
3051	92
3052	106
3053	105
3054	112
3055	95
3056	109
3057	86
3058	107
3059	91
3060	89
3061	96
3062	95
3063	96
3064	86
3065	111
3066	95
3067	88
3068	87
3069	97
3070	86
3071	93
3072	94
3073	98
3074	108
3075	91
3076	98
3077	87
3078	80
3079	114
3080	92
3081	106
3082	98
3083	106
3084	98
3085	114
3086	98
3087	84
3088	89
3089	104
3090	103
3091	101
3092	97
3093	84
3094	105
3095	100
3096	105
3097	92
3098	112
3099	94
3100	112
3101	99
3102	90
3103	75
3104	87
3105	109
3106	116
3107	109
3108	84
3109	96
3110	92
3111	84
3112	118
3113	107
3114	88
3115	98
3116	73
3117	98
3118	81
3119	91
3120	111
3121	88
3122	83
3123	108
3124	100
3125	111
3126	98
3127	101
3128	96
3129	98
3130	92
3131	85
3132	77
3133	88
3134	98
3135	94
3136	102
3137	105
3138	77
3139	90
3140	95
3141	99
3142	93
3143	84
3144	115
3145	74
3146	92
3147	110
3148	86
3149	90
3150	111
3151	98
3152	90
3153	95
3154	88
3155	91
3156	106
3157	84
3158	95
3159	90
3160	96
3161	88
3162	91
3163	95
3164	96
3165	89
3166	71
3167	86
3168	91
3169	106
3170	110
3171	91
3172	71
3173	92
3174	105
3175	113
3176	109
3177	84
3178	84
3179	105
3180	99
3181	76
3182	105
3183	101
3184	91
3185	97
3186	93
3187	84
3188	97
3189	97
3190	80
3191	81
3192	99
3193	95
3194	95
3195	84
3196	96
3197	86
3198	97
3199	93
3200	99
3201	94
3202	81
3203	91
3204	109
3205	92
3206	96
3207	87
3208	90
3209	95
3210	106
3211	92
3212	89
3213	111
3214	93
3215	108
3216	90
3217	79
3218	75
3219	80
3220	115
3221	103
3222	106
3223	89
3224	81
3225	82
3226	95
3227	85
3228	97
3229	92
3230	90
3231	84
3232	98
3233	90
3234	88
3235	88
3236	94
3237	87
3238	83
3239	89
3240	86
3241	84
3242	78
3243	86
3244	83
3245	107
3246	89
3247	83
3248	83
3249	99
3250	77
3251	87
3252	82
3253	77
3254	105
3255	78
3256	79
3257	89
3258	95
3259	94
3260	85
3261	101
3262	102
3263	79
3264	96
3265	85
3266	79
3267	86
3268	82
3269	110
3270	88
3271	83
3272	75
3273	99
3274	87
3275	83
3276	96
3277	101
3278	71
3279	95
3280	86
3281	81
3282	95
3283	81
3284	82
3285	91
3286	83
3287	82
3288	82
3289	90
3290	92
3291	92
3292	107
3293	90
3294	81
3295	81
3296	78
3297	80
3298	76
3299	74
3300	84
3301	126
3302	82
3303	85
3304	73
3305	90
3306	72
3307	89
3308	104
3309	105
3310	89
3311	81
3312	79
3313	78
3314	80
3315	80
3316	82
3317	95
3318	89
3319	77
3320	95
3321	89
3322	97
3323	81
3324	95
3325	72
3326	86
3327	98
3328	75
3329	87
3330	82
3331	101
3332	87
3333	85
3334	87
3335	87
3336	96
3337	79
3338	90
3339	73
3340	97
3341	84
3342	91
3343	85
3344	91
3345	92
3346	73
3347	78
3348	85
3349	90
3350	102
3351	99
3352	78
3353	72
3354	93
3355	78
3356	88
3357	97
3358	78
3359	83
3360	75
3361	83
3362	80
3363	84
3364	81
3365	89
3366	82
3367	114
3368	81
3369	87
3370	99
3371	88
3372	83
3373	76
3374	96
3375	86
3376	101
3377	110
3378	86
3379	90
3380	97
3381	77
3382	81
3383	93
3384	75
3385	93
3386	107
3387	88
3388	83
3389	105
3390	89
3391	87
3392	103
3393	97
3394	87
3395	72
3396	91
3397	78
3398	81
3399	85
3400	102
3401	82
3402	90
3403	90
3404	71
3405	73
3406	77
3407	99
3408	72
3409	79
3410	77
3411	77
3412	74
3413	70
3414	80
3415	99
3416	83
3417	75
3418	72
3419	74
3420	102
3421	91
3422	86
3423	88
3424	98
3425	70
3426	84
3427	87
3428	80
3429	85
3430	93
3431	78
3432	81
3433	86
3434	88
3435	71
3436	77
3437	85
3438	94
3439	75
3440	75
3441	76
3442	73
3443	80
3444	65
3445	69
3446	89
3447	73
3448	86
3449	70
3450	73
3451	95
3452	89
3453	82
3454	79
3455	96
3456	86
3457	84
3458	79
3459	91
3460	76
3461	80
3462	101
3463	76
3464	78
3465	74
3466	80
3467	82
3468	89
3469	87
3470	99
3471	74
3472	69
3473	91
3474	89
3475	72
3476	80
3477	87
3478	81
3479	79
3480	85
3481	95
3482	90
3483	79
3484	107
3485	86
3486	78
3487	88
3488	76
3489	79
3490	99
3491	100
3492	78
3493	99
3494	61
3495	70
3496	90
3497	93
3498	83
3499	68
3500	78
3501	74
3502	76
3503	82
3504	77
3505	90
3506	88
3507	82
3508	94
3509	85
3510	81
3511	83
3512	83
3513	74
3514	57
3515	78
3516	88
3517	79
3518	73
3519	77
3520	86
3521	77
3522	79
3523	78
3524	79
3525	74
3526	74
3527	79
3528	79
3529	75
3530	82
3531	78
3532	63
3533	80
3534	80
3535	81
3536	66
3537	86
3538	93
3539	69
3540	74
3541	77
3542	92
3543	76
3544	90
3545	90
3546	89
3547	88
3548	80
3549	80
3550	102
3551	81
3552	72
3553	79
3554	86
3555	72
3556	81
3557	73
3558	87
3559	81
3560	74
3561	93
3562	97
3563	72
3564	73
3565	77
3566	87
3567	63
3568	86
3569	95
3570	97
3571	76
3572	79
3573	77
3574	63
3575	96
3576	96
3577	91
3578	70
3579	87
3580	92
3581	71
3582	79
3583	73
3584	72
3585	66
3586	75
3587	86
3588	64
3589	73
3590	87
3591	74
3592	84
3593	72
3594	87
3595	71
3596	99
3597	83
3598	82
3599	86
3600	66
3601	68
3602	94
3603	92
3604	72
3605	64
3606	69
3607	58
3608	82
3609	101
3610	86
3611	75
3612	87
3613	83
3614	88
3615	84
3616	76
3617	73
3618	94
3619	61
3620	85
3621	60
3622	76
3623	88
3624	58
3625	82
3626	96
3627	78
3628	79
3629	89
3630	76
3631	71
3632	84
3633	83
3634	85
3635	75
3636	90
3637	79
3638	80
3639	78
3640	73
3641	85
3642	96
3643	81
3644	93
3645	74
3646	63
3647	91
3648	81
3649	76
3650	69
3651	79
3652	83
3653	84
3654	80
3655	79
3656	77
3657	71
3658	95
3659	76
3660	90
3661	100
3662	76
3663	75
3664	77
3665	89
3666	92
3667	77
3668	70
3669	93
3670	64
3671	98
3672	61
3673	94
3674	89
3675	97
3676	77
3677	75
3678	80
3679	76
3680	78
3681	78
3682	65
3683	87
3684	83
3685	88
3686	70
3687	88
3688	70
3689	77
3690	65
3691	91
3692	76
3693	87
3694	81
3695	87
3696	79
3697	84
3698	70
3699	83
3700	91
3701	70
3702	79
3703	74
3704	80
3705	80
3706	75
3707	72
3708	65
3709	79
3710	74
3711	79
3712	70
3713	66
3714	79
3715	76
3716	66
3717	80
3718	99
3719	98
3720	82
3721	80
3722	78
3723	86
3724	85
3725	84
3726	86
3727	90
3728	88
3729	79
3730	79
3731	76
3732	89
3733	73
3734	85
3735	77
3736	63
3737	75
3738	79
3739	75
3740	78
3741	87
3742	80
3743	70
3744	79
3745	84
3746	71
3747	57
3748	78
3749	62
3750	82
3751	79
3752	85
3753	81
3754	80
3755	78
3756	82
3757	75
3758	80
3759	79
3760	77
3761	87
3762	77
3763	70
3764	75
3765	81
3766	82
3767	78
3768	59
3769	66
3770	83
3771	58
3772	80
3773	96
3774	79
3775	67
3776	68
3777	83
3778	87
3779	75
3780	74
3781	69
3782	81
3783	75
3784	84
3785	73
3786	76
3787	76
3788	82
3789	81
3790	77
3791	76
3792	83
3793	72
3794	76
3795	63
3796	76
3797	76
3798	76
3799	82
3800	78
3801	77
3802	59
3803	64
3804	86
3805	84
3806	82
3807	68
3808	85
3809	81
3810	75
3811	61
3812	80
3813	68
3814	76
3815	91
3816	64
3817	83
3818	73
3819	78
3820	83
3821	71
3822	75
3823	72
3824	68
3825	85
3826	88
3827	91
3828	74
3829	64
3830	68
3831	78
3832	77
3833	72
3834	86
3835	72
3836	77
3837	71
3838	78
3839	61
3840	79
3841	74
3842	68
3843	65
3844	74
3845	74
3846	77
3847	78
3848	86
3849	72
3850	82
3851	77
3852	71
3853	70
3854	83
3855	83
3856	63
3857	92
3858	78
3859	78
3860	67
3861	56
3862	68
3863	83
3864	84
3865	93
3866	83
3867	68
3868	75
3869	76
3870	70
3871	82
3872	83
3873	58
3874	72
3875	61
3876	83
3877	77
3878	56
3879	62
3880	77
3881	71
3882	82
3883	71
3884	74
3885	72
3886	69
3887	62
3888	76
3889	83
3890	69
3891	82
3892	73
3893	89
3894	69
3895	73
3896	74
3897	61
3898	75
3899	84
3900	80
3901	63
3902	80
3903	77
3904	64
3905	73
3906	74
3907	74
3908	78
3909	64
3910	62
3911	76
3912	89
3913	77
3914	72
3915	79
3916	72
3917	77
3918	78
3919	77
3920	72
3921	73
3922	70
3923	84
3924	73
3925	64
3926	65
3927	79
3928	64
3929	75
3930	77
3931	58
3932	85
3933	71
3934	68
3935	65
3936	71
3937	85
3938	73
3939	79
3940	78
3941	61
3942	71
3943	78
3944	82
3945	79
3946	67
3947	73
3948	87
3949	69
3950	87
3951	80
3952	74
3953	74
3954	74
3955	103
3956	69
3957	85
3958	77
3959	69
3960	65
3961	77
3962	75
3963	66
3964	64
3965	77
3966	75
3967	64
3968	90
3969	73
3970	87
3971	65
3972	83
3973	86
3974	65
3975	88
3976	73
3977	86
3978	71
3979	88
3980	71
3981	82
3982	69
3983	72
3984	69
3985	63
3986	70
3987	78
3988	68
3989	78
3990	71
3991	70
3992	62
3993	75
3994	93
3995	60
3996	76
3997	93
3998	55
3999	79
4000	80
4001	65
4002	87
4003	87
4004	63
4005	66
4006	88
4007	107
4008	64
4009	83
4010	86
4011	82
4012	86
4013	88
4014	78
4015	70
4016	75
4017	69
4018	90
4019	78
4020	81
4021	68
4022	77
4023	69
4024	61
4025	73
4026	66
4027	80
4028	66
4029	74
4030	77
4031	67
4032	61
4033	79
4034	80
4035	66
4036	78
4037	61
4038	66
4039	71
4040	91
4041	68
4042	62
4043	81
4044	73
4045	84
4046	66
4047	72
4048	69
4049	74
4050	87
4051	79
4052	84
4053	65
4054	69
4055	69
4056	67
4057	68
4058	65
4059	88
4060	86
4061	78
4062	72
4063	62
4064	88
4065	80
4066	89
4067	75
4068	79
4069	89
4070	78
4071	66
4072	84
4073	64
4074	65
4075	92
4076	65
4077	80
4078	79
4079	70
4080	63
4081	61
4082	70
4083	71
4084	71
4085	78
4086	70
4087	58
4088	68
4089	73
4090	60
4091	71
4092	59
4093	83
4094	79
4095	79
4096	77
4097	88
4098	74
4099	81
4100	65
4101	73
4102	79
4103	76
4104	69
4105	66
4106	67
4107	78
4108	73
4109	67
4110	77
4111	92
4112	77
4113	72
4114	68
4115	70
4116	89
4117	51
4118	78
4119	82
4120	69
4121	92
4122	66
4123	92
4124	75
4125	67
4126	62
4127	58
4128	86
4129	68
4130	73
4131	78
4132	75
4133	83
4134	74
4135	59
4136	81
4137	88
4138	80
4139	65
4140	75
4141	65
4142	69
4143	69
4144	86
4145	91
4146	64
4147	88
4148	78
4149	70
4150	67
4151	69
4152	79
4153	86
4154	71
4155	79
4156	65
4157	61
4158	61
4159	60
4160	68
4161	72
4162	76
4163	71
4164	73
4165	56
4166	76
4167	74
4168	68
4169	67
4170	56
4171	74
4172	67
4173	75
4174	78
4175	77
4176	76
4177	81
4178	78
4179	76
4180	65
4181	63
4182	60
4183	77
4184	70
4185	74
4186	65
4187	85
4188	82
4189	76
4190	70
4191	86
4192	71
4193	62
4194	78
4195	68
4196	76
4197	86
4198	77
4199	82
4200	83
4201	68
4202	65
4203	69
4204	74
4205	73
4206	65
4207	71
4208	84
4209	69
4210	69
4211	59
4212	71
4213	76
4214	74
4215	71
4216	74
4217	71
4218	60
4219	88
4220	80
4221	80
4222	69
4223	78
4224	76
4225	74
4226	78
4227	66
4228	67
4229	78
4230	79
4231	73
4232	70
4233	75
4234	78
4235	85
4236	84
4237	50
4238	77
4239	82
4240	88
4241	65
4242	74
4243	76
4244	65
4245	70
4246	72
4247	84
4248	71
4249	63
4250	61
4251	69
4252	69
4253	61
4254	72
4255	72
4256	77
4257	79
4258	72
4259	64
4260	82
4261	81
4262	55
4263	78
4264	63
4265	59
4266	71
4267	67
4268	86
4269	67
4270	56
4271	79
4272	67
4273	64
4274	79
4275	80
4276	76
4277	73
4278	65
4279	58
4280	74
4281	82
4282	82
4283	62
4284	79
4285	73
4286	59
4287	67
4288	78
4289	75
4290	59
4291	72
4292	64
4293	55
4294	66
4295	60
4296	63
4297	70
4298	71
4299	59
4300	70
4301	66
4302	71
4303	85
4304	63
4305	64
4306	54
4307	72
4308	74
4309	67
4310	73
4311	75
4312	61
4313	73
4314	65
4315	60
4316	62
4317	80
4318	50
4319	67
4320	59
4321	75
4322	82
4323	54
4324	75
4325	79
4326	78
4327	69
4328	65
4329	69
4330	61
4331	45
4332	68
4333	70
4334	76
4335	58
4336	69
4337	80
4338	76
4339	70
4340	59
4341	71
4342	85
4343	72
4344	64
4345	59
4346	81
4347	67
4348	87
4349	69
4350	64
4351	56
4352	63
4353	69
4354	67
4355	50
4356	68
4357	74
4358	69
4359	47
4360	63
4361	73
4362	69
4363	63
4364	58
4365	79
4366	65
4367	66
4368	54
4369	53
4370	47
4371	63
4372	52
4373	51
4374	62
4375	61
4376	61
4377	62
4378	68
4379	77
4380	51
4381	62
4382	58
4383	64
4384	51
4385	54
4386	66
4387	69
4388	60
4389	60
4390	66
4391	61
4392	62
4393	60
4394	59
4395	62
4396	53
4397	66
4398	75
4399	53
4400	70
4401	52
4402	56
4403	58
4404	81
4405	64
4406	61
4407	59
4408	68
4409	66
4410	73
4411	62
4412	56
4413	50
4414	67
4415	80
4416	57
4417	52
4418	59
4419	48
4420	71
4421	58
4422	56
4423	69
4424	46
4425	63
4426	75
4427	68
4428	48
4429	51
4430	64
4431	43
4432	68
4433	60
4434	69
4435	56
4436	64
4437	51
4438	45
4439	66
4440	54
4441	54
4442	52
4443	51
4444	58
4445	52
4446	51
4447	60
4448	57
4449	47
4450	52
4451	59
4452	55
4453	59
4454	51
4455	48
4456	70
4457	49
4458	59
4459	45
4460	73
4461	67
4462	48
4463	45
4464	54
4465	59
4466	56
4467	57
4468	55
4469	60
4470	66
4471	48
4472	50
4473	57
4474	64
4475	55
4476	62
4477	54
4478	67
4479	48
4480	50
4481	60
4482	66
4483	44
4484	58
4485	43
4486	65
4487	65
4488	50
4489	45
4490	72
4491	46
4492	37
4493	65
4494	63
4495	62
4496	52
4497	64
4498	49
4499	53
4500	58
4501	59
4502	49
4503	50
4504	48
4505	67
4506	60
4507	46
4508	62
4509	51
4510	59
4511	53
4512	66
4513	63
4514	46
4515	61
4516	55
4517	51
4518	56
4519	56
4520	54
4521	59
4522	53
4523	33
4524	57
4525	49
4526	62
4527	46
4528	45
4529	48
4530	56
4531	52
4532	52
4533	59
4534	55
4535	48
4536	58
4537	53
4538	43
4539	55
4540	34
4541	50
4542	34
4543	49
4544	42
4545	40
4546	55
4547	44
4548	58
4549	44
4550	52
4551	51
4552	46
4553	49
4554	59
4555	44
4556	64
4557	50
4558	47
4559	49
4560	53
4561	45
4562	47
4563	43
4564	64
4565	47
4566	49
4567	57
4568	55
4569	38
4570	60
4571	52
4572	45
4573	45
4574	49
4575	53
4576	47
4577	61
4578	46
4579	40
4580	42
4581	43
4582	39
4583	36
4584	52
4585	51
4586	52
4587	44
4588	36
4589	42
4590	55
4591	48
4592	48
4593	41
4594	45
4595	45
4596	44
4597	36
4598	41
4599	48
4600	41
4601	50
4602	50
4603	36
4604	39
4605	47
4606	40
4607	53
4608	41
4609	47
4610	52
4611	47
4612	34
4613	42
4614	38
4615	36
4616	42
4617	45
4618	44
4619	39
4620	49
4621	42
4622	41
4623	41
4624	38
4625	47
4626	52
4627	40
4628	41
4629	40
4630	49
4631	43
4632	38
4633	30
4634	45
4635	39
4636	30
4637	39
4638	28
4639	37
4640	40
4641	37
4642	42
4643	41
4644	41
4645	31
4646	49
4647	34
4648	42
4649	52
4650	43
4651	44
4652	34
4653	45
4654	38
4655	41
4656	40
4657	47
4658	37
4659	32
4660	41
4661	46
4662	44
4663	43
4664	45
4665	43
4666	54
4667	48
4668	57
4669	51
4670	32
4671	45
4672	53
4673	38
4674	42
4675	47
4676	40
4677	38
4678	39
4679	46
4680	43
4681	38
4682	42
4683	49
4684	37
4685	41
4686	51
4687	39
4688	35
4689	33
4690	46
4691	43
4692	36
4693	35
4694	49
4695	41
4696	27
4697	34
4698	39
4699	39
4700	43
4701	31
4702	48
4703	51
4704	32
4705	39
4706	39
4707	43
4708	37
4709	43
4710	38
4711	41
4712	44
4713	32
4714	49
4715	43
4716	33
4717	47
4718	44
4719	44
4720	29
4721	37
4722	31
4723	36
4724	37
4725	34
4726	34
4727	36
4728	51
4729	40
4730	46
4731	34
4732	37
4733	31
4734	41
4735	45
4736	35
4737	34
4738	40
4739	34
4740	33
4741	32
4742	39
4743	35
4744	48
4745	29
4746	34
4747	32
4748	35
4749	37
4750	40
4751	31
4752	37
4753	36
4754	40
4755	27
4756	39
4757	36
4758	41
4759	27
4760	33
4761	39
4762	35
4763	31
4764	39
4765	39
4766	35
4767	30
4768	37
4769	31
4770	35
4771	38
4772	39
4773	28
4774	39
4775	31
4776	38
4777	49
4778	26
4779	36
4780	30
4781	35
4782	30
4783	30
4784	29
4785	28
4786	50
4787	45
4788	38
4789	40
4790	39
4791	42
4792	34
4793	33
4794	48
4795	23
4796	41
4797	43
4798	41
4799	29
4800	30
4801	40
4802	29
4803	42
4804	48
4805	36
4806	42
4807	38
4808	34
4809	34
4810	47
4811	38
4812	34
4813	28
4814	23
4815	35
4816	33
4817	27
4818	36
4819	34
4820	26
4821	29
4822	36
4823	34
4824	43
4825	42
4826	30
4827	31
4828	20
4829	41
4830	33
4831	41
4832	38
4833	28
4834	26
4835	31
4836	43
4837	26
4838	31
4839	36
4840	35
4841	26
4842	28
4843	24
4844	32
4845	52
4846	35
4847	27
4848	34
4849	32
4850	34
4851	27
4852	36
4853	29
4854	41
4855	34
4856	36
4857	33
4858	32
4859	32
4860	33
4861	25
4862	31
4863	39
4864	43
4865	36
4866	30
4867	44
4868	32
4869	31
4870	29
4871	30
4872	30
4873	34
4874	29
4875	34
4876	40
4877	32
4878	42
4879	24
4880	31
4881	26
4882	34
4883	27
4884	29
4885	37
4886	23
4887	26
4888	36
4889	29
4890	32
4891	31
4892	26
4893	28
4894	25
4895	35
4896	35
4897	33
4898	37
4899	43
4900	26
4901	40
4902	35
4903	27
4904	24
4905	26
4906	35
4907	27
4908	41
4909	37
4910	34
4911	35
4912	42
4913	35
4914	32
4915	39
4916	19
4917	17
4918	28
4919	33
4920	29
4921	44
4922	33
4923	24
4924	33
4925	32
4926	22
4927	25
4928	22
4929	35
4930	32
4931	33
4932	37
4933	29
4934	29
4935	29
4936	33
4937	23
4938	30
4939	29
4940	28
4941	31
4942	35
4943	36
4944	33
4945	40
4946	36
4947	33
4948	32
4949	46
4950	27
4951	28
4952	22
4953	36
4954	25
4955	25
4956	33
4957	37
4958	26
4959	38
4960	34
4961	28
4962	32
4963	26
4964	32
4965	30
4966	31
4967	38
4968	28
4969	23
4970	26
4971	16
4972	36
4973	35
4974	34
4975	30
4976	39
4977	31
4978	32
4979	24
4980	30
4981	27
4982	41
4983	36
4984	27
4985	26
4986	37
4987	28
4988	26
4989	32
4990	29
4991	33
4992	25
4993	24
4994	31
4995	36
4996	28
4997	28
4998	29
4999	23
5000	33
5001	25
5002	28
5003	24
5004	25
5005	27
5006	26
5007	27
5008	38
5009	33
5010	31
5011	26
5012	30
5013	29
5014	19
5015	33
5016	35
5017	33
5018	23
5019	31
5020	19
5021	26
5022	31
5023	24
5024	32
5025	34
5026	26
5027	16
5028	31
5029	28
5030	24
5031	28
5032	25
5033	34
5034	28
5035	29
5036	37
5037	31
5038	29
5039	31
5040	31
5041	31
5042	27
5043	27
5044	24
5045	19
5046	39
5047	22
5048	24
5049	32
5050	27
5051	30
5052	22
5053	37
5054	24
5055	23
5056	24
5057	28
5058	29
5059	23
5060	23
5061	29
5062	32
5063	20
5064	31
5065	35
5066	30
5067	25
5068	23
5069	30
5070	27
5071	21
5072	31
5073	22
5074	26
5075	34
5076	39
5077	32
5078	21
5079	33
5080	28
5081	27
5082	31
5083	25
5084	32
5085	35
5086	19
5087	21
5088	28
5089	25
5090	28
5091	38
5092	29
5093	30
5094	17
5095	33
5096	22
5097	28
5098	27
5099	28
5100	17
5101	32
5102	36
5103	32
5104	27
5105	21
5106	38
5107	26
5108	29
5109	33
5110	22
5111	20
5112	36
5113	22
5114	31
5115	28
5116	24
5117	24
5118	23
5119	30
5120	35
5121	35
5122	27
5123	40
5124	29
5125	40
5126	30
5127	30
5128	32
5129	35
5130	25
5131	24
5132	40
5133	26
5134	17
5135	25
5136	31
5137	23
5138	26
5139	36
5140	31
5141	37
5142	24
5143	26
5144	31
5145	23
5146	35
5147	27
5148	37
5149	28
5150	29
5151	26
5152	30
5153	30
5154	29
5155	26
5156	29
5157	26
5158	15
5159	31
5160	19
5161	24
5162	27
5163	33
5164	24
5165	28
5166	36
5167	32
5168	22
5169	30
5170	23
5171	23
5172	22
5173	28
5174	30
5175	25
5176	31
5177	25
5178	20
5179	25
5180	25
5181	26
5182	18
5183	32
5184	19
5185	29
5186	35
5187	29
5188	23
5189	30
5190	23
5191	23
5192	31
5193	17
5194	24
5195	31
5196	33
5197	28
5198	26
5199	30
5200	28
5201	32
5202	34
5203	27
5204	22
5205	29
5206	28
5207	31
5208	36
5209	28
5210	22
5211	24
5212	33
5213	18
5214	24
5215	21
5216	30
5217	29
5218	24
5219	15
5220	33
5221	29
5222	18
5223	24
5224	37
5225	28
5226	23
5227	21
5228	26
5229	18
5230	34
5231	24
5232	17
5233	26
5234	28
5235	30
5236	29
5237	22
5238	24
5239	22
5240	29
5241	31
5242	29
5243	29
5244	25
5245	25
5246	23
5247	25
5248	35
5249	30
5250	26
5251	30
5252	20
5253	37
5254	21
5255	25
5256	31
5257	16
5258	22
5259	30
5260	31
5261	14
5262	16
5263	22
5264	26
5265	23
5266	32
5267	26
5268	23
5269	23
5270	26
5271	31
5272	38
5273	28
5274	23
5275	19
5276	23
5277	26
5278	31
5279	32
5280	33
5281	21
5282	15
5283	28
5284	23
5285	21
5286	30
5287	30
5288	28
5289	28
5290	19
5291	26
5292	27
5293	21
5294	24
5295	32
5296	28
5297	25
5298	20
5299	24
5300	29
5301	30
5302	30
5303	17
5304	19
5305	20
5306	34
5307	24
5308	22
5309	26
5310	29
5311	27
5312	26
5313	20
5314	23
5315	24
5316	27
5317	20
5318	23
5319	26
5320	22
5321	27
5322	20
5323	27
5324	32
5325	30
5326	28
5327	19
5328	30
5329	32
5330	18
5331	20
5332	21
5333	23
5334	25
5335	31
5336	22
5337	28
5338	27
5339	26
5340	29
5341	30
5342	28
5343	26
5344	26
5345	23
5346	23
5347	28
5348	25
5349	24
5350	26
5351	21
5352	24
5353	29
5354	26
5355	34
5356	23
5357	20
5358	37
5359	24
5360	25
5361	32
5362	25
5363	27
5364	37
5365	32
5366	25
5367	25
5368	21
5369	28
5370	23
5371	22
5372	20
5373	33
5374	28
5375	34
5376	29
5377	27
5378	29
5379	29
5380	24
5381	15
5382	16
5383	19
5384	31
5385	22
5386	28
5387	25
5388	22
5389	23
5390	17
5391	29
5392	29
5393	21
5394	22
5395	23
5396	21
5397	25
5398	23
5399	24
5400	26
5401	23
5402	19
5403	18
5404	30
5405	17
5406	17
5407	28
5408	15
5409	27
5410	31
5411	22
5412	21
5413	25
5414	31
5415	26
5416	23
5417	27
5418	33
5419	29
5420	24
5421	17
5422	28
5423	25
5424	30
5425	29
5426	20
5427	37
5428	35
5429	27
5430	24
5431	28
5432	30
5433	21
5434	13
5435	20
5436	23
5437	18
5438	22
5439	29
5440	32
5441	22
5442	21
5443	23
5444	25
5445	25
5446	25
5447	20
5448	17
5449	20
5450	18
5451	27
5452	20
5453	21
5454	27
5455	21
5456	24
5457	18
5458	17
5459	24
5460	34
5461	18
5462	21
5463	34
5464	26
5465	19
5466	27
5467	26
5468	21
5469	28
5470	27
5471	26
5472	14
5473	27
5474	21
5475	22
5476	24
5477	31
5478	26
5479	30
5480	24
5481	32
5482	25
5483	21
5484	23
5485	27
5486	29
5487	22
5488	23
5489	24
5490	26
5491	25
5492	23
5493	22
5494	26
5495	28
5496	18
5497	31
5498	28
5499	22
5500	26
5501	31
5502	24
5503	22
5504	32
5505	25
5506	19
5507	21
5508	28
5509	26
5510	28
5511	17
5512	19
5513	30
5514	30
5515	26
5516	29
5517	23
5518	36
5519	18
5520	31
5521	19
5522	27
5523	21
5524	19
5525	21
5526	24
5527	13
5528	21
5529	28
5530	26
5531	12
5532	19
5533	19
5534	27
5535	22
5536	23
5537	29
5538	27
5539	23
5540	18
5541	25
5542	30
5543	21
5544	28
5545	25
5546	23
5547	18
5548	32
5549	21
5550	23
5551	19
5552	29
5553	31
5554	22
5555	28
5556	23
5557	20
5558	30
5559	23
5560	19
5561	21
5562	23
5563	25
5564	15
5565	27
5566	25
5567	30
5568	21
5569	23
5570	26
5571	19
5572	27
5573	24
5574	26
5575	26
5576	16
5577	20
5578	26
5579	32
5580	21
5581	24
5582	26
5583	29
5584	28
5585	39
5586	27
5587	21
5588	27
5589	21
5590	19
5591	27
5592	18
5593	25
5594	31
5595	11
5596	24
5597	18
5598	34
5599	25
5600	22
5601	23
5602	31
5603	25
5604	19
5605	20
5606	25
5607	23
5608	16
5609	22
5610	29
5611	23
5612	29
5613	31
5614	26
5615	21
5616	25
5617	30
5618	26
5619	14
5620	24
5621	23
5622	25
5623	26
5624	24
5625	32
5626	21
5627	25
5628	30
5629	25
5630	25
5631	25
5632	28
5633	30
5634	20
5635	26
5636	23
5637	24
5638	19
5639	21
5640	34
5641	22
5642	24
5643	20
5644	24
5645	25
5646	21
5647	25
5648	29
5649	27
5650	18
5651	25
5652	23
5653	29
5654	29
5655	14
5656	18
5657	28
5658	27
5659	23
5660	26
5661	17
5662	25
5663	18
5664	32
5665	25
5666	28
5667	20
5668	25
5669	27
5670	22
5671	16
5672	24
5673	26
5674	19
5675	14
5676	29
5677	17
5678	28
5679	29
5680	24
5681	21
5682	23
5683	23
5684	23
5685	20
5686	21
5687	14
5688	29
5689	17
5690	22
5691	25
5692	24
5693	25
5694	27
5695	11
5696	31
5697	21
5698	15
5699	16
5700	23
5701	29
5702	28
5703	29
5704	28
5705	26
5706	33
5707	24
5708	29
5709	32
5710	30
5711	27
5712	13
5713	19
5714	28
5715	27
5716	28
5717	21
5718	22
5719	19
5720	21
5721	20
5722	17
5723	25
5724	19
5725	22
5726	20
5727	24
5728	10
5729	23
5730	31
5731	38
5732	20
5733	14
5734	19
5735	33
5736	22
5737	14
5738	25
5739	18
5740	21
5741	25
5742	23
5743	20
5744	21
5745	26
5746	20
5747	17
5748	31
5749	21
5750	20
5751	19
5752	28
5753	20
5754	24
5755	19
5756	27
5757	31
5758	27
5759	16
5760	22
5761	27
5762	23
5763	19
5764	17
5765	21
5766	27
5767	22
5768	16
5769	26
5770	23
5771	20
5772	23
5773	22
5774	31
5775	26
5776	25
5777	26
5778	23
5779	24
5780	26
5781	24
5782	24
5783	22
5784	21
5785	26
5786	20
5787	29
5788	25
5789	25
5790	14
5791	19
5792	26
5793	25
5794	21
5795	22
5796	24
5797	26
5798	21
5799	21
5800	28
5801	20
5802	23
5803	17
5804	28
5805	28
5806	20
5807	21
5808	19
5809	19
5810	27
5811	24
5812	28
5813	28
5814	25
5815	22
5816	26
5817	32
5818	24
5819	26
5820	27
5821	14
5822	17
5823	25
5824	29
5825	24
5826	33
5827	23
5828	26
5829	22
5830	25
5831	27
5832	15
5833	31
5834	21
5835	40
5836	22
5837	18
5838	31
5839	30
5840	27
5841	20
5842	23
5843	20
5844	25
5845	29
5846	31
5847	26
5848	20
5849	26
5850	30
5851	26
5852	21
5853	31
5854	22
5855	34
5856	25
5857	22
5858	25
5859	33
5860	27
5861	24
5862	26
5863	31
5864	27
5865	28
5866	21
5867	32
5868	24
5869	27
5870	20
5871	27
5872	24
5873	21
5874	24
5875	23
5876	18
5877	28
5878	26
5879	24
5880	31
5881	18
5882	21
5883	29
5884	28
5885	28
5886	32
5887	34
5888	24
5889	21
5890	22
5891	27
5892	17
5893	23
5894	33
5895	16
5896	25
5897	22
5898	27
5899	17
5900	22
5901	26
5902	18
5903	35
5904	22
5905	24
5906	22
5907	28
5908	29
5909	21
5910	30
5911	25
5912	22
5913	22
5914	18
5915	27
5916	31
5917	25
5918	26
5919	21
5920	26
5921	33
5922	33
5923	30
5924	20
5925	29
5926	34
5927	27
5928	22
5929	33
5930	26
5931	26
5932	22
5933	19
5934	27
5935	24
5936	25
5937	19
5938	22
5939	21
5940	20
5941	25
5942	24
5943	31
5944	24
5945	17
5946	27
5947	27
5948	22
5949	17
5950	27
5951	27
5952	24
5953	22
5954	22
5955	28
5956	25
5957	27
5958	23
5959	24
5960	20
5961	20
5962	18
5963	23
5964	28
5965	24
5966	21
5967	31
5968	29
5969	20
5970	19
5971	27
5972	25
5973	18
5974	14
5975	21
5976	21
5977	20
5978	22
5979	19
5980	23
5981	21
5982	31
5983	20
5984	29
5985	17
5986	25
5987	21
5988	18
5989	24
5990	32
5991	20
5992	32
5993	28
5994	19
5995	25
5996	25
5997	24
5998	30
5999	19
6000	22
6001	21
6002	31
6003	20
6004	16
6005	28
6006	26
6007	21
6008	29
6009	26
6010	35
6011	25
6012	28
6013	21
6014	26
6015	28
6016	28
6017	21
6018	23
6019	27
6020	23
6021	20
6022	26
6023	21
6024	33
6025	32
6026	24
6027	20
6028	30
6029	21
6030	29
6031	28
6032	17
6033	24
6034	18
6035	36
6036	29
6037	32
6038	23
6039	31
6040	18
6041	28
6042	25
6043	23
6044	22
6045	22
6046	27
6047	20
6048	35
6049	34
6050	20
6051	28
6052	19
6053	19
6054	18
6055	24
6056	26
6057	28
6058	22
6059	27
6060	25
6061	28
6062	24
6063	25
6064	29
6065	24
6066	34
6067	33
6068	28
6069	25
6070	30
6071	22
6072	30
6073	26
6074	32
6075	22
6076	28
6077	30
6078	35
6079	29
6080	30
6081	30
6082	26
6083	20
6084	29
6085	15
6086	20
6087	34
6088	30
6089	29
6090	27
6091	29
6092	18
6093	27
6094	26
6095	14
6096	37
6097	28
6098	21
6099	31
6100	19
6101	27
6102	22
6103	20
6104	26
6105	16
6106	20
6107	39
6108	23
6109	32
6110	24
6111	17
6112	19
6113	32
6114	28
6115	16
6116	26
6117	25
6118	26
6119	26
6120	24
6121	25
6122	30
6123	37
6124	27
6125	33
6126	26
6127	24
6128	32
6129	29
6130	20
6131	20
6132	34
6133	32
6134	30
6135	24
6136	24
6137	21
6138	23
6139	19
6140	22
6141	29
6142	37
6143	22
6144	29
6145	25
6146	44
6147	30
6148	34
6149	36
6150	40
6151	35
6152	26
6153	22
6154	28
6155	31
6156	22
6157	42
6158	29
6159	25
6160	33
6161	34
6162	30
6163	41
6164	23
6165	27
6166	22
6167	24
6168	27
6169	26
6170	33
6171	27
6172	25
6173	27
6174	29
6175	38
6176	34
6177	25
6178	34
6179	32
6180	25
6181	29
6182	28
6183	28
6184	27
6185	26
6186	35
6187	39
6188	30
6189	32
6190	29
6191	24
6192	30
6193	23
6194	36
6195	43
6196	28
6197	25
6198	36
6199	33
6200	31
6201	37
6202	34
6203	29
6204	31
6205	38
6206	29
6207	44
6208	36
6209	26
6210	34
6211	35
6212	42
6213	21
6214	38
6215	32
6216	27
6217	28
6218	29
6219	33
6220	33
6221	36
6222	42
6223	38
6224	37
6225	30
6226	34
6227	35
6228	42
6229	41
6230	41
6231	46
6232	32
6233	23
6234	46
6235	36
6236	40
6237	33
6238	49
6239	47
6240	35
6241	41
6242	35
6243	38
6244	36
6245	43
6246	39
6247	42
6248	42
6249	35
6250	40
6251	32
6252	36
6253	50
6254	37
6255	36
6256	40
6257	46
6258	42
6259	34
6260	43
6261	41
6262	44
6263	38
6264	32
6265	35
6266	47
6267	35
6268	31
6269	46
6270	43
6271	34
6272	49
6273	44
6274	36
6275	45
6276	45
6277	48
6278	43
6279	57
6280	43
6281	51
6282	52
6283	56
6284	61
6285	40
6286	38
6287	51
6288	44
6289	36
6290	41
6291	51
6292	40
6293	58
6294	40
6295	49
6296	42
6297	45
6298	40
6299	60
6300	50
6301	35
6302	59
6303	51
6304	43
6305	53
6306	42
6307	50
6308	54
6309	60
6310	51
6311	57
6312	49
6313	63
6314	39
6315	61
6316	58
6317	61
6318	55
6319	52
6320	39
6321	59
6322	47
6323	58
6324	65
6325	45
6326	69
6327	58
6328	58
6329	50
6330	43
6331	65
6332	66
6333	74
6334	57
6335	59
6336	53
6337	65
6338	58
6339	59
6340	57
6341	58
6342	54
6343	66
6344	57
6345	62
6346	61
6347	67
6348	55
6349	63
6350	53
6351	71
6352	62
6353	62
6354	70
6355	70
6356	81
6357	57
6358	63
6359	70
6360	73
6361	76
6362	77
6363	78
6364	67
6365	74
6366	65
6367	76
6368	50
6369	85
6370	73
6371	59
6372	62
6373	60
6374	71
6375	66
6376	74
6377	75
6378	75
6379	69
6380	66
6381	84
6382	89
6383	76
6384	101
6385	68
6386	86
6387	95
6388	84
6389	90
6390	105
6391	84
6392	82
6393	41
6394	73
6395	93
6396	76
6397	96
6398	79
6399	94
6400	90
6401	81
6402	84
6403	86
6404	91
6405	85
6406	91
6407	103
6408	114
6409	102
6410	89
6411	90
6412	105
6413	88
6414	87
6415	103
6416	91
6417	97
6418	87
6419	101
6420	101
6421	94
6422	107
6423	101
6424	98
6425	81
6426	113
6427	101
6428	113
6429	112
6430	95
6431	101
6432	111
6433	112
6434	102
6435	89
6436	111
6437	92
6438	96
6439	121
6440	113
6441	108
6442	111
6443	98
6444	116
6445	115
6446	116
6447	106
6448	130
6449	98
6450	121
6451	110
6452	116
6453	109
6454	118
6455	135
6456	127
6457	126
6458	109
6459	126
6460	134
6461	133
6462	127
6463	134
6464	137
6465	133
6466	119
6467	123
6468	149
6469	124
6470	128
6471	140
6472	130
6473	144
6474	132
6475	130
6476	132
6477	139
6478	130
6479	145
6480	144
6481	132
6482	149
6483	158
6484	154
6485	139
6486	142
6487	164
6488	133
6489	142
6490	158
6491	135
6492	186
6493	148
6494	149
6495	151
6496	145
6497	150
6498	150
6499	145
6500	156
6501	166
6502	150
6503	165
6504	148
6505	176
6506	150
6507	189
6508	200
6509	161
6510	163
6511	166
6512	163
6513	154
6514	178
6515	184
6516	180
6517	149
6518	172
6519	148
6520	173
6521	181
6522	166
6523	166
6524	184
6525	193
6526	173
6527	188
6528	166
6529	180
6530	198
6531	218
6532	174
6533	211
6534	185
6535	192
6536	216
6537	196
6538	186
6539	165
6540	211
6541	192
6542	198
6543	201
6544	192
6545	205
6546	182
6547	188
6548	211
6549	220
6550	204
6551	217
6552	200
6553	216
6554	218
6555	210
6556	206
6557	247
6558	213
6559	195
6560	224
6561	204
6562	196
6563	232
6564	223
6565	203
6566	218
6567	236
6568	226
6569	206
6570	220
6571	215
6572	222
6573	244
6574	232
6575	229
6576	252
6577	231
6578	221
6579	247
6580	238
6581	237
6582	235
6583	225
6584	244
6585	231
6586	251
6587	241
6588	248
6589	225
6590	248
6591	279
6592	237
6593	254
6594	248
6595	260
6596	243
6597	264
6598	252
6599	263
6600	260
6601	244
6602	263
6603	271
6604	263
6605	251
6606	267
6607	265
6608	296
6609	273
6610	318
6611	249
6612	299
6613	277
6614	263
6615	290
6616	271
6617	303
6618	296
6619	289
6620	294
6621	260
6622	270
6623	284
6624	311
6625	269
6626	299
6627	308
6628	282
6629	306
6630	308
6631	309
6632	300
6633	305
6634	307
6635	322
6636	302
6637	286
6638	279
6639	311
6640	307
6641	328
6642	322
6643	322
6644	317
6645	295
6646	310
6647	309
6648	302
6649	335
6650	323
6651	337
6652	320
6653	336
6654	365
6655	317
6656	330
6657	320
6658	324
6659	326
6660	318
6661	309
6662	349
6663	289
6664	334
6665	332
6666	325
6667	306
6668	331
6669	340
6670	334
6671	333
6672	311
6673	337
6674	328
6675	358
6676	347
6677	348
6678	319
6679	342
6680	338
6681	334
6682	354
6683	365
6684	355
6685	367
6686	389
6687	350
6688	346
6689	351
6690	348
6691	380
6692	390
6693	389
6694	365
6695	340
6696	355
6697	367
6698	375
6699	381
6700	377
6701	400
6702	377
6703	345
6704	368
6705	346
6706	384
6707	386
6708	432
6709	397
6710	396
6711	399
6712	395
6713	399
6714	392
6715	416
6716	415
6717	402
6718	397
6719	410
6720	404
6721	398
6722	370
6723	377
6724	414
6725	409
6726	397
6727	396
6728	414
6729	384
6730	362
6731	388
6732	387
6733	398
6734	387
6735	401
6736	404
6737	384
6738	418
6739	392
6740	403
6741	437
6742	416
6743	454
6744	419
6745	390
6746	407
6747	416
6748	422
6749	401
6750	380
6751	438
6752	437
6753	423
6754	441
6755	409
6756	427
6757	429
6758	440
6759	418
6760	431
6761	425
6762	472
6763	452
6764	396
6765	460
6766	446
6767	431
6768	492
6769	451
6770	427
6771	432
6772	404
6773	474
6774	436
6775	459
6776	472
6777	426
6778	477
6779	396
6780	379
6781	423
6782	471
6783	437
6784	435
6785	437
6786	407
6787	482
6788	482
6789	465
6790	467
6791	397
6792	437
6793	481
6794	445
6795	443
6796	448
6797	486
6798	459
6799	447
6800	466
6801	423
6802	467
6803	457
6804	429
6805	468
6806	411
6807	460
6808	448
6809	419
6810	415
6811	499
6812	503
6813	501
6814	420
6815	477
6816	403
6817	466
6818	458
6819	461
6820	460
6821	490
6822	483
6823	468
6824	445
6825	452
6826	427
6827	465
6828	460
6829	457
6830	453
6831	444
6832	467
6833	493
6834	492
6835	473
6836	442
6837	471
6838	459
6839	462
6840	500
6841	459
6842	466
6843	490
6844	456
6845	437
6846	435
6847	450
6848	473
6849	443
6850	451
6851	481
6852	498
6853	434
6854	498
6855	451
6856	433
6857	443
6858	477
6859	464
6860	486
6861	479
6862	458
6863	462
6864	442
6865	459
6866	486
6867	455
6868	461
6869	477
6870	498
6871	451
6872	450
6873	480
6874	448
6875	496
6876	453
6877	474
6878	502
6879	434
6880	436
6881	431
6882	467
6883	479
6884	453
6885	423
6886	495
6887	472
6888	465
6889	455
6890	479
6891	450
6892	467
6893	470
6894	457
6895	447
6896	485
6897	419
6898	477
6899	440
6900	449
6901	448
6902	456
6903	444
6904	489
6905	442
6906	455
6907	456
6908	472
6909	464
6910	447
6911	446
6912	445
6913	482
6914	440
6915	500
6916	444
6917	464
6918	431
6919	429
6920	456
6921	431
6922	464
6923	433
6924	431
6925	456
6926	419
6927	441
6928	448
6929	424
6930	456
6931	450
6932	440
6933	394
6934	455
6935	454
6936	440
6937	449
6938	467
6939	435
6940	406
6941	433
6942	421
6943	427
6944	440
6945	431
6946	410
6947	439
6948	433
6949	465
6950	385
6951	413
6952	425
6953	417
6954	434
6955	410
6956	424
6957	426
6958	393
6959	404
6960	439
6961	436
6962	426
6963	399
6964	419
6965	393
6966	396
6967	399
6968	419
6969	386
6970	392
6971	388
6972	428
6973	393
6974	404
6975	384
6976	435
6977	374
6978	394
6979	415
6980	377
6981	416
6982	382
6983	372
6984	371
6985	381
6986	377
6987	399
6988	402
6989	401
6990	396
6991	350
6992	390
6993	326
6994	378
6995	370
6996	375
6997	351
6998	390
6999	418
7000	358
7001	361
7002	361
7003	385
7004	350
7005	378
7006	393
7007	375
7008	355
7009	346
7010	359
7011	358
7012	339
7013	362
7014	356
7015	339
7016	351
7017	381
7018	328
7019	368
7020	351
7021	366
7022	366
7023	349
7024	339
7025	358
7026	330
7027	323
7028	333
7029	336
7030	334
7031	359
7032	381
7033	362
7034	311
7035	348
7036	333
7037	339
7038	322
7039	351
7040	336
7041	305
7042	338
7043	330
7044	315
7045	290
7046	311
7047	304
7048	331
7049	343
7050	297
7051	317
7052	326
7053	321
7054	301
7055	281
7056	295
7057	318
7058	287
7059	314
7060	296
7061	298
7062	270
7063	278
7064	310
7065	282
7066	304
7067	296
7068	279
7069	287
7070	268
7071	265
7072	275
7073	292
7074	308
7075	265
7076	256
7077	284
7078	266
7079	280
7080	274
7081	249
7082	258
7083	289
7084	269
7085	254
7086	289
7087	289
7088	269
7089	265
7090	245
7091	306
7092	241
7093	271
7094	241
7095	257
7096	239
7097	242
7098	248
7099	230
7100	254
7101	252
7102	257
7103	209
7104	250
7105	267
7106	221
7107	217
7108	237
7109	201
7110	260
7111	246
7112	239
7113	223
7114	247
7115	220
7116	228
7117	210
7118	234
7119	232
7120	206
7121	194
7122	224
7123	202
7124	229
7125	209
7126	239
7127	211
7128	228
7129	222
7130	230
7131	185
7132	202
7133	194
7134	214
7135	185
7136	217
7137	189
7138	204
7139	205
7140	173
7141	207
7142	175
7143	205
7144	195
7145	187
7146	178
7147	191
7148	209
7149	182
7150	206
7151	180
7152	182
7153	178
7154	180
7155	184
7156	173
7157	176
7158	178
7159	160
7160	172
7161	178
7162	197
7163	144
7164	171
7165	161
7166	169
7167	165
7168	163
7169	177
7170	153
7171	177
7172	160
7173	162
7174	159
7175	145
7176	152
7177	169
7178	148
7179	178
7180	134
7181	132
7182	148
7183	155
7184	149
7185	151
7186	144
7187	138
7188	132
7189	120
7190	137
7191	136
7192	129
7193	153
7194	133
7195	134
7196	134
7197	123
7198	137
7199	123
7200	128
7201	139
7202	135
7203	150
7204	157
7205	117
7206	137
7207	130
7208	124
7209	100
7210	145
7211	123
7212	104
7213	122
7214	114
7215	119
7216	116
7217	116
7218	101
7219	156
7220	120
7221	101
7222	99
7223	109
7224	108
7225	139
7226	108
7227	115
7228	113
7229	120
7230	92
7231	125
7232	121
7233	103
7234	112
7235	87
7236	108
7237	103
7238	88
7239	107
7240	98
7241	96
7242	105
7243	93
7244	91
7245	94
7246	91
7247	95
7248	94
7249	100
7250	88
7251	80
7252	97
7253	91
7254	81
7255	85
7256	98
7257	78
7258	98
7259	89
7260	92
7261	99
7262	91
7263	85
7264	81
7265	82
7266	73
7267	83
7268	80
7269	75
7270	73
7271	78
7272	84
7273	72
7274	63
7275	79
7276	73
7277	67
7278	72
7279	66
7280	81
7281	64
7282	76
7283	73
7284	79
7285	72
7286	85
7287	56
7288	71
7289	68
7290	68
7291	76
7292	73
7293	63
7294	59
7295	60
7296	68
7297	58
7298	71
7299	72
7300	62
7301	67
7302	52
7303	61
7304	58
7305	59
7306	65
7307	54
7308	61
7309	52
7310	50
7311	47
7312	56
7313	62
7314	53
7315	68
7316	59
7317	52
7318	48
7319	55
7320	50
7321	62
7322	52
7323	53
7324	62
7325	61
7326	43
7327	57
7328	45
7329	44
7330	53
7331	39
7332	32
7333	54
7334	36
7335	37
7336	51
7337	35
7338	43
7339	36
7340	38
7341	49
7342	47
7343	44
7344	45
7345	37
7346	45
7347	51
7348	48
7349	45
7350	47
7351	45
7352	48
7353	39
7354	37
7355	27
7356	49
7357	39
7358	45
7359	37
7360	30
7361	44
7362	33
7363	38
7364	40
7365	30
7366	30
7367	46
7368	42
7369	39
7370	38
7371	38
7372	37
7373	28
7374	31
7375	36
7376	38
7377	30
7378	29
7379	38
7380	39
7381	48
7382	38
7383	31
7384	30
7385	35
7386	38
7387	42
7388	38
7389	31
7390	26
7391	26
7392	43
7393	28
7394	35
7395	31
7396	31
7397	38
7398	28
7399	32
7400	32
7401	29
7402	27
7403	18
7404	45
7405	27
7406	29
7407	39
7408	29
7409	23
7410	28
7411	19
7412	30
7413	24
7414	28
7415	24
7416	21
7417	28
7418	24
7419	18
7420	36
7421	28
7422	21
7423	27
7424	17
7425	19
7426	26
7427	23
7428	25
7429	15
7430	31
7431	24
7432	28
7433	30
7434	27
7435	24
7436	24
7437	21
7438	19
7439	27
7440	16
7441	26
7442	28
7443	23
7444	30
7445	22
7446	16
7447	24
7448	28
7449	21
7450	22
7451	13
7452	28
7453	29
7454	20
7455	20
7456	26
7457	25
7458	23
7459	18
7460	24
7461	16
7462	13
7463	25
7464	19
7465	25
7466	21
7467	19
7468	18
7469	17
7470	20
7471	17
7472	20
7473	19
7474	24
7475	21
7476	13
7477	19
7478	22
7479	23
7480	28
7481	20
7482	20
7483	22
7484	14
7485	17
7486	16
7487	15
7488	18
7489	10
7490	12
7491	17
7492	22
7493	15
7494	24
7495	21
7496	22
7497	20
7498	12
7499	19
7500	25
7501	14
7502	15
7503	27
7504	13
7505	16
7506	14
7507	22
7508	9
7509	17
7510	16
7511	21
7512	17
7513	21
7514	12
7515	13
7516	10
7517	19
7518	11
7519	19
7520	16
7521	19
7522	17
7523	19
7524	20
7525	15
7526	11
7527	15
7528	13
7529	13
7530	13
7531	10
7532	15
7533	15
7534	20
7535	15
7536	11
7537	20
7538	13
7539	11
7540	17
7541	16
7542	15
7543	12
7544	9
7545	12
7546	15
7547	7
7548	24
7549	18
7550	15
7551	12
7552	18
7553	15
7554	16
7555	18
7556	14
7557	10
7558	14
7559	20
7560	12
7561	15
7562	20
7563	21
7564	20
7565	12
7566	18
7567	17
7568	15
7569	15
7570	17
7571	11
7572	21
7573	19
7574	18
7575	10
7576	11
7577	10
7578	11
7579	17
7580	15
7581	18
7582	21
7583	15
7584	9
7585	12
7586	19
7587	12
7588	13
7589	13
7590	15
7591	14
7592	13
7593	18
7594	10
7595	16
7596	22
7597	14
7598	12
7599	14
7600	10
7601	16
7602	17
7603	9
7604	15
7605	18
7606	14
7607	14
7608	10
7609	10
7610	24
7611	14
7612	21
7613	9
7614	15
7615	24
7616	18
7617	15
7618	19
7619	20
7620	14
7621	19
7622	14
7623	23
7624	14
7625	17
7626	10
7627	17
7628	13
7629	14
7630	11
7631	13
7632	15
7633	14
7634	10
7635	21
7636	17
7637	14
7638	15
7639	14
7640	20
7641	9
7642	12
7643	9
7644	27
7645	13
7646	20
7647	11
7648	16
7649	15
7650	19
7651	9
7652	24
7653	14
7654	14
7655	18
7656	8
7657	13
7658	15
7659	17
7660	14
7661	8
7662	14
7663	13
7664	9
7665	8
7666	21
7667	13
7668	10
7669	17
7670	16
7671	8
7672	16
7673	12
7674	9
7675	12
7676	18
7677	11
7678	9
7679	13
7680	7
7681	12
7682	11
7683	10
7684	18
7685	7
7686	19
7687	13
7688	10
7689	12
7690	16
7691	11
7692	7
7693	15
7694	15
7695	15
7696	15
7697	15
7698	12
7699	16
7700	19
7701	5
7702	19
7703	15
7704	13
7705	12
7706	20
7707	14
7708	12
7709	16
7710	13
7711	16
7712	20
7713	8
7714	11
7715	15
7716	19
7717	11
7718	13
7719	16
7720	17
7721	12
7722	8
7723	14
7724	13
7725	21
7726	17
7727	10
7728	10
7729	21
7730	15
7731	14
7732	21
7733	16
7734	12
7735	18
7736	19
7737	18
7738	18
7739	8
7740	12
7741	7
7742	21
7743	8
7744	19
7745	16
7746	17
7747	22
7748	12
7749	12
7750	14
7751	13
7752	20
7753	12
7754	13
7755	11
7756	15
7757	19
7758	13
7759	19
7760	12
7761	8
7762	8
7763	18
7764	22
7765	10
7766	10
7767	6
7768	15
7769	16
7770	10
7771	23
7772	15
7773	14
7774	8
7775	22
7776	10
7777	14
7778	14
7779	16
7780	13
7781	16
7782	8
7783	15
7784	10
7785	9
7786	13
7787	16
7788	11
7789	15
7790	13
7791	17
7792	13
7793	18
7794	15
7795	17
7796	18
7797	12
7798	16
7799	17
7800	14
7801	12
7802	17
7803	12
7804	8
7805	13
7806	17
7807	12
7808	14
7809	14
7810	18
7811	12
7812	17
7813	14
7814	19
7815	13
7816	19
7817	11
7818	8
7819	11
7820	10
7821	17
7822	16
7823	10
7824	18
7825	16
7826	8
7827	14
7828	14
7829	19
7830	11
7831	18
7832	10
7833	11
7834	15
7835	10
7836	9
7837	7
7838	12
7839	12
7840	13
7841	11
7842	15
7843	14
7844	21
7845	16
7846	16
7847	21
7848	17
7849	16
7850	12
7851	12
7852	14
7853	10
7854	7
7855	8
7856	10
7857	10
7858	12
7859	10
7860	13
7861	11
7862	21
7863	15
7864	14
7865	18
7866	14
7867	11
7868	16
7869	15
7870	19
7871	9
7872	8
7873	15
7874	11
7875	22
7876	14
7877	15
7878	20
7879	11
7880	26
7881	10
7882	14
7883	11
7884	12
7885	13
7886	16
7887	14
7888	12
7889	12
7890	11
7891	13
7892	16
7893	14
7894	9
7895	17
7896	13
7897	16
7898	16
7899	12
7900	17
7901	12
7902	11
7903	14
7904	19
7905	14
7906	11
7907	14
7908	13
7909	19
7910	19
7911	12
7912	15
7913	17
7914	12
7915	20
7916	8
7917	15
7918	18
7919	7
7920	15
7921	9
7922	11
7923	13
7924	14
7925	17
7926	11
7927	14
7928	15
7929	15
7930	19
7931	15
7932	16
7933	10
7934	10
7935	13
7936	11
7937	13
7938	7
7939	8
7940	18
7941	16
7942	9
7943	10
7944	10
7945	10
7946	9
7947	15
7948	16
7949	15
7950	11
7951	12
7952	10
7953	12
7954	17
7955	11
7956	11
7957	17
7958	10
7959	20
7960	12
7961	18
7962	13
7963	10
7964	8
7965	11
7966	13
7967	13
7968	15
7969	14
7970	21
7971	15
7972	18
7973	14
7974	9
7975	9
7976	10
7977	11
7978	16
7979	12
7980	14
7981	18
7982	10
7983	12
7984	12
7985	15
7986	11
7987	11
7988	14
7989	20
7990	11
7991	14
7992	6
7993	14
7994	16
7995	17
7996	18
7997	16
7998	11
7999	13
8000	19
8001	18
8002	11
8003	15
8004	14
8005	12
8006	14
8007	11
8008	14
8009	14
8010	15
8011	19
8012	16
8013	12
8014	8
8015	13
8016	22
8017	17
8018	13
8019	16
8020	12
8021	24
8022	19
8023	11
8024	14
8025	19
8026	15
8027	10
8028	15
8029	13
8030	12
8031	10
8032	15
8033	11
8034	14
8035	12
8036	16
8037	7
8038	12
8039	6
8040	17
8041	13
8042	14
8043	5
8044	9
8045	16
8046	12
8047	16
8048	12
8049	19
8050	14
8051	11
8052	10
8053	19
8054	12
8055	10
8056	8
8057	14
8058	15
8059	17
8060	15
8061	21
8062	12
8063	14
8064	13
8065	9
8066	14
8067	15
8068	14
8069	13
8070	11
8071	17
8072	24
8073	12
8074	18
8075	22
8076	17
8077	19
8078	14
8079	11
8080	16
8081	8
8082	15
8083	16
8084	11
8085	14
8086	14
8087	16
8088	19
8089	21
8090	22
8091	17
8092	10
8093	4
8094	12
8095	9
8096	9
8097	2
8098	1
8099	2
8100	1
8101	0
8102	0
8103	1
8104	0
8105	0
8106	0
8107	0
8108	1
8109	0
8110	0
8111	0
8112	0
8113	1
8114	1
8115	1
8116	1
8117	0
8118	0
8119	1
8120	0
8121	0
8122	0
8123	0
8124	0
8125	0
8126	0
8127	0
8128	0
8129	1
8130	0
8131	0
8132	0
8133	0
8134	0
8135	1
8136	1
8137	0
8138	0
8139	0
8140	0
8141	0
8142	0
8143	0
8144	0
8145	0
8146	0
8147	0
8148	0
8149	0
8150	1
8151	0
8152	0
8153	0
8154	0
8155	0
8156	0
8157	0
8158	0
8159	0
8160	0
8161	0
8162	0
8163	0
8164	0
8165	0
8166	0
8167	0
8168	0
8169	0
8170	0
8171	0
8172	0
8173	0
8174	0
8175	0
8176	0
8177	0
8178	0
8179	0
8180	0
8181	0
8182	0
8183	0
8184	0
8185	0
8186	0
8187	0
8188	0
8189	0
8190	0
8191	0
