0	0
1	0
2	0
3	0
4	0
5	0
6	0
7	0
8	0
9	0
10	0
11	0
12	0
13	0
14	0
15	0
16	0
17	0
18	0
19	0
20	0
21	0
22	0
23	0
24	0
25	0
26	0
27	0
28	0
29	0
30	0
31	0
32	0
33	0
34	0
35	0
36	0
37	0
38	0
39	0
40	0
41	0
42	0
43	0
44	0
45	0
46	0
47	0
48	0
49	0
50	0
51	0
52	0
53	0
54	0
55	0
56	0
57	0
58	0
59	0
60	0
61	0
62	0
63	0
64	0
65	0
66	0
67	0
68	0
69	0
70	0
71	0
72	0
73	0
74	0
75	0
76	0
77	0
78	0
79	0
80	0
81	0
82	0
83	0
84	0
85	0
86	0
87	0
88	0
89	0
90	0
91	0
92	0
93	0
94	0
95	0
96	0
97	0
98	0
99	0
100	0
101	0
102	0
103	0
104	0
105	0
106	0
107	0
108	0
109	0
110	0
111	0
112	0
113	0
114	0
115	0
116	0
117	0
118	0
119	0
120	0
121	0
122	0
123	0
124	0
125	0
126	0
127	0
128	0
129	0
130	0
131	0
132	0
133	0
134	0
135	0
136	0
137	0
138	0
139	0
140	0
141	0
142	0
143	0
144	0
145	0
146	0
147	0
148	0
149	0
150	0
151	0
152	0
153	0
154	0
155	0
156	0
157	0
158	0
159	0
160	0
161	0
162	0
163	0
164	0
165	0
166	0
167	0
168	0
169	0
170	0
171	0
172	0
173	0
174	0
175	0
176	0
177	0
178	0
179	0
180	0
181	0
182	0
183	0
184	0
185	0
186	0
187	0
188	0
189	0
190	0
191	0
192	0
193	0
194	0
195	0
196	0
197	0
198	0
199	0
200	0
201	0
202	0
203	0
204	0
205	0
206	0
207	0
208	0
209	0
210	0
211	0
212	0
213	0
214	0
215	0
216	0
217	0
218	0
219	0
220	0
221	0
222	0
223	0
224	0
225	0
226	0
227	0
228	0
229	0
230	0
231	0
232	0
233	0
234	0
235	0
236	0
237	0
238	0
239	0
240	0
241	0
242	0
243	0
244	0
245	0
246	0
247	0
248	0
249	0
250	0
251	0
252	0
253	0
254	0
255	0
256	0
257	0
258	0
259	0
260	0
261	0
262	0
263	0
264	0
265	0
266	0
267	0
268	0
269	0
270	0
271	0
272	0
273	0
274	0
275	0
276	0
277	0
278	0
279	0
280	0
281	0
282	0
283	0
284	0
285	0
286	0
287	0
288	0
289	0
290	0
291	0
292	0
293	0
294	0
295	0
296	0
297	0
298	0
299	0
300	0
301	0
302	0
303	0
304	0
305	0
306	0
307	0
308	0
309	0
310	0
311	0
312	0
313	0
314	0
315	0
316	0
317	0
318	0
319	0
320	0
321	0
322	0
323	0
324	0
325	0
326	0
327	0
328	0
329	0
330	0
331	0
332	0
333	0
334	0
335	0
336	0
337	0
338	0
339	0
340	0
341	0
342	0
343	0
344	0
345	0
346	0
347	0
348	0
349	0
350	0
351	0
352	0
353	0
354	0
355	0
356	0
357	0
358	0
359	0
360	0
361	0
362	0
363	0
364	0
365	0
366	0
367	0
368	0
369	0
370	0
371	0
372	0
373	0
374	0
375	0
376	0
377	0
378	0
379	0
380	0
381	0
382	0
383	0
384	0
385	0
386	0
387	0
388	0
389	0
390	0
391	0
392	0
393	0
394	0
395	0
396	0
397	0
398	0
399	0
400	0
401	0
402	0
403	0
404	0
405	0
406	0
407	0
408	0
409	0
410	0
411	0
412	0
413	0
414	0
415	0
416	0
417	0
418	0
419	0
420	0
421	0
422	0
423	0
424	0
425	0
426	0
427	0
428	0
429	0
430	0
431	0
432	0
433	0
434	0
435	0
436	0
437	0
438	0
439	0
440	0
441	0
442	0
443	0
444	0
445	0
446	0
447	0
448	0
449	0
450	0
451	0
452	0
453	0
454	0
455	1
456	0
457	0
458	0
459	0
460	0
461	0
462	0
463	0
464	0
465	0
466	0
467	0
468	0
469	0
470	0
471	0
472	0
473	0
474	0
475	0
476	0
477	0
478	0
479	0
480	0
481	0
482	0
483	0
484	0
485	0
486	0
487	0
488	0
489	0
490	0
491	0
492	0
493	0
494	0
495	0
496	0
497	0
498	0
499	0
500	0
501	0
502	0
503	0
504	0
505	0
506	0
507	0
508	0
509	0
510	0
511	0
512	0
513	0
514	0
515	0
516	0
517	0
518	0
519	0
520	0
521	0
522	0
523	0
524	0
525	0
526	0
527	0
528	0
529	0
530	0
531	0
532	0
533	0
534	0
535	0
536	0
537	0
538	0
539	0
540	0
541	0
542	0
543	0
544	0
545	0
546	0
547	0
548	0
549	0
550	0
551	0
552	0
553	0
554	0
555	0
556	0
557	0
558	0
559	0
560	0
561	0
562	0
563	0
564	0
565	0
566	0
567	0
568	0
569	0
570	0
571	0
572	0
573	0
574	0
575	0
576	0
577	0
578	0
579	0
580	0
581	0
582	0
583	0
584	0
585	0
586	0
587	0
588	0
589	0
590	0
591	0
592	0
593	0
594	0
595	0
596	0
597	0
598	0
599	0
600	0
601	0
602	0
603	0
604	0
605	0
606	0
607	0
608	0
609	0
610	0
611	0
612	0
613	0
614	0
615	0
616	0
617	0
618	0
619	0
620	0
621	0
622	0
623	0
624	0
625	0
626	0
627	0
628	0
629	0
630	0
631	0
632	0
633	0
634	0
635	0
636	0
637	0
638	0
639	0
640	0
641	0
642	0
643	0
644	0
645	0
646	0
647	0
648	0
649	0
650	0
651	0
652	0
653	0
654	0
655	0
656	0
657	0
658	0
659	0
660	0
661	0
662	0
663	0
664	0
665	0
666	0
667	0
668	0
669	0
670	0
671	0
672	0
673	0
674	0
675	0
676	0
677	0
678	0
679	0
680	0
681	0
682	0
683	0
684	0
685	0
686	0
687	0
688	0
689	0
690	0
691	0
692	0
693	0
694	0
695	0
696	0
697	0
698	0
699	0
700	0
701	0
702	0
703	0
704	0
705	0
706	0
707	0
708	0
709	0
710	0
711	0
712	0
713	0
714	0
715	0
716	0
717	0
718	0
719	0
720	0
721	0
722	0
723	0
724	0
725	0
726	0
727	0
728	0
729	0
730	0
731	0
732	0
733	0
734	0
735	0
736	0
737	0
738	0
739	0
740	0
741	0
742	0
743	0
744	0
745	0
746	0
747	0
748	0
749	0
750	0
751	1
752	0
753	0
754	0
755	0
756	0
757	0
758	0
759	0
760	0
761	0
762	0
763	0
764	0
765	0
766	0
767	0
768	0
769	0
770	0
771	0
772	0
773	0
774	0
775	0
776	0
777	0
778	0
779	0
780	0
781	0
782	0
783	0
784	0
785	0
786	0
787	0
788	0
789	0
790	0
791	0
792	0
793	0
794	0
795	0
796	0
797	0
798	0
799	0
800	0
801	0
802	0
803	0
804	0
805	0
806	0
807	1
808	0
809	0
810	0
811	0
812	0
813	0
814	0
815	0
816	0
817	0
818	0
819	0
820	0
821	1
822	0
823	0
824	0
825	0
826	0
827	0
828	0
829	0
830	0
831	0
832	0
833	0
834	0
835	0
836	0
837	0
838	0
839	0
840	0
841	0
842	0
843	0
844	0
845	0
846	0
847	0
848	0
849	0
850	0
851	0
852	0
853	0
854	0
855	0
856	0
857	0
858	1
859	0
860	0
861	0
862	0
863	0
864	0
865	0
866	0
867	0
868	0
869	0
870	0
871	0
872	0
873	0
874	0
875	0
876	0
877	0
878	0
879	0
880	0
881	0
882	0
883	0
884	0
885	0
886	0
887	0
888	0
889	0
890	0
891	0
892	0
893	0
894	0
895	0
896	0
897	0
898	0
899	0
900	0
901	0
902	0
903	0
904	0
905	0
906	0
907	0
908	0
909	0
910	0
911	0
912	0
913	0
914	0
915	0
916	0
917	0
918	0
919	0
920	1
921	0
922	0
923	0
924	0
925	0
926	0
927	0
928	0
929	0
930	0
931	0
932	0
933	0
934	0
935	0
936	0
937	0
938	0
939	0
940	0
941	0
942	0
943	0
944	0
945	0
946	0
947	0
948	0
949	0
950	0
951	0
952	0
953	0
954	0
955	0
956	0
957	0
958	0
959	0
960	0
961	0
962	0
963	0
964	0
965	0
966	0
967	0
968	0
969	0
970	0
971	0
972	0
973	0
974	0
975	0
976	0
977	0
978	0
979	0
980	0
981	0
982	0
983	0
984	0
985	0
986	0
987	0
988	0
989	0
990	0
991	0
992	0
993	0
994	0
995	0
996	0
997	0
998	0
999	0
1000	0
1001	0
1002	0
1003	0
1004	0
1005	0
1006	0
1007	0
1008	0
1009	0
1010	0
1011	0
1012	0
1013	0
1014	0
1015	0
1016	0
1017	0
1018	0
1019	0
1020	0
1021	0
1022	0
1023	0
1024	0
1025	0
1026	0
1027	0
1028	0
1029	0
1030	0
1031	0
1032	0
1033	0
1034	0
1035	0
1036	0
1037	0
1038	0
1039	0
1040	0
1041	0
1042	0
1043	0
1044	0
1045	0
1046	0
1047	0
1048	0
1049	0
1050	0
1051	0
1052	0
1053	0
1054	0
1055	1
1056	0
1057	0
1058	0
1059	0
1060	0
1061	0
1062	0
1063	0
1064	0
1065	0
1066	0
1067	0
1068	0
1069	0
1070	0
1071	0
1072	0
1073	1
1074	0
1075	0
1076	0
1077	0
1078	0
1079	0
1080	0
1081	0
1082	0
1083	0
1084	0
1085	0
1086	0
1087	0
1088	0
1089	0
1090	0
1091	0
1092	0
1093	0
1094	0
1095	1
1096	0
1097	0
1098	0
1099	0
1100	0
1101	0
1102	0
1103	0
1104	0
1105	0
1106	0
1107	0
1108	0
1109	0
1110	0
1111	0
1112	0
1113	0
1114	0
1115	0
1116	0
1117	0
1118	0
1119	0
1120	0
1121	0
1122	1
1123	0
1124	1
1125	0
1126	0
1127	0
1128	0
1129	0
1130	0
1131	1
1132	0
1133	0
1134	0
1135	0
1136	0
1137	0
1138	0
1139	0
1140	0
1141	0
1142	0
1143	0
1144	0
1145	1
1146	0
1147	0
1148	1
1149	1
1150	0
1151	0
1152	0
1153	0
1154	0
1155	1
1156	0
1157	2
1158	0
1159	0
1160	1
1161	0
1162	0
1163	0
1164	0
1165	0
1166	0
1167	1
1168	1
1169	1
1170	0
1171	0
1172	2
1173	2
1174	2
1175	1
1176	1
1177	3
1178	0
1179	2
1180	2
1181	1
1182	0
1183	1
1184	0
1185	0
1186	1
1187	1
1188	2
1189	5
1190	0
1191	2
1192	1
1193	0
1194	1
1195	1
1196	0
1197	3
1198	0
1199	1
1200	2
1201	2
1202	6
1203	1
1204	1
1205	1
1206	1
1207	2
1208	1
1209	1
1210	4
1211	3
1212	2
1213	3
1214	1
1215	0
1216	0
1217	1
1218	0
1219	1
1220	3
1221	4
1222	2
1223	1
1224	2
1225	0
1226	1
1227	4
1228	2
1229	1
1230	2
1231	1
1232	1
1233	1
1234	2
1235	3
1236	1
1237	3
1238	2
1239	2
1240	0
1241	1
1242	0
1243	2
1244	2
1245	2
1246	1
1247	2
1248	2
1249	1
1250	1
1251	2
1252	4
1253	1
1254	5
1255	2
1256	0
1257	3
1258	2
1259	1
1260	4
1261	2
1262	1
1263	1
1264	0
1265	3
1266	1
1267	1
1268	0
1269	3
1270	2
1271	2
1272	1
1273	1
1274	5
1275	2
1276	5
1277	2
1278	1
1279	4
1280	2
1281	2
1282	0
1283	0
1284	0
1285	2
1286	5
1287	1
1288	4
1289	2
1290	1
1291	1
1292	0
1293	1
1294	1
1295	0
1296	1
1297	0
1298	1
1299	0
1300	2
1301	3
1302	1
1303	1
1304	0
1305	3
1306	2
1307	3
1308	2
1309	3
1310	1
1311	2
1312	0
1313	1
1314	1
1315	1
1316	2
1317	4
1318	2
1319	3
1320	2
1321	0
1322	0
1323	3
1324	3
1325	0
1326	3
1327	1
1328	0
1329	1
1330	0
1331	1
1332	0
1333	2
1334	1
1335	1
1336	0
1337	1
1338	2
1339	3
1340	1
1341	0
1342	3
1343	2
1344	0
1345	2
1346	4
1347	4
1348	0
1349	2
1350	2
1351	2
1352	1
1353	1
1354	0
1355	0
1356	3
1357	0
1358	2
1359	0
1360	0
1361	2
1362	2
1363	1
1364	1
1365	1
1366	2
1367	2
1368	2
1369	5
1370	2
1371	3
1372	0
1373	3
1374	3
1375	0
1376	3
1377	0
1378	4
1379	2
1380	0
1381	1
1382	1
1383	0
1384	4
1385	0
1386	2
1387	3
1388	3
1389	2
1390	1
1391	4
1392	3
1393	0
1394	1
1395	5
1396	2
1397	2
1398	2
1399	3
1400	2
1401	3
1402	2
1403	2
1404	6
1405	2
1406	0
1407	0
1408	1
1409	5
1410	5
1411	1
1412	1
1413	0
1414	3
1415	1
1416	3
1417	5
1418	3
1419	2
1420	0
1421	2
1422	4
1423	2
1424	1
1425	6
1426	3
1427	1
1428	3
1429	1
1430	0
1431	6
1432	7
1433	4
1434	4
1435	6
1436	3
1437	5
1438	2
1439	3
1440	2
1441	0
1442	5
1443	2
1444	2
1445	5
1446	4
1447	3
1448	4
1449	2
1450	5
1451	1
1452	4
1453	3
1454	7
1455	5
1456	4
1457	3
1458	3
1459	2
1460	6
1461	2
1462	3
1463	2
1464	4
1465	4
1466	4
1467	1
1468	2
1469	5
1470	8
1471	4
1472	7
1473	4
1474	6
1475	3
1476	8
1477	3
1478	9
1479	4
1480	11
1481	9
1482	4
1483	11
1484	5
1485	4
1486	6
1487	7
1488	5
1489	9
1490	5
1491	8
1492	5
1493	8
1494	7
1495	6
1496	5
1497	6
1498	7
1499	2
1500	5
1501	9
1502	8
1503	7
1504	5
1505	8
1506	8
1507	3
1508	7
1509	7
1510	0
1511	5
1512	6
1513	8
1514	13
1515	7
1516	5
1517	3
1518	9
1519	7
1520	13
1521	7
1522	10
1523	11
1524	9
1525	6
1526	8
1527	7
1528	9
1529	7
1530	8
1531	11
1532	9
1533	6
1534	14
1535	15
1536	6
1537	14
1538	7
1539	12
1540	14
1541	16
1542	6
1543	9
1544	9
1545	10
1546	8
1547	12
1548	10
1549	9
1550	16
1551	14
1552	10
1553	11
1554	13
1555	8
1556	14
1557	18
1558	9
1559	16
1560	21
1561	19
1562	17
1563	13
1564	16
1565	15
1566	7
1567	18
1568	15
1569	16
1570	20
1571	23
1572	18
1573	16
1574	12
1575	23
1576	13
1577	16
1578	14
1579	20
1580	16
1581	15
1582	19
1583	15
1584	25
1585	26
1586	20
1587	11
1588	18
1589	18
1590	21
1591	21
1592	25
1593	14
1594	21
1595	30
1596	18
1597	22
1598	19
1599	22
1600	25
1601	15
1602	34
1603	30
1604	29
1605	20
1606	21
1607	29
1608	37
1609	25
1610	37
1611	23
1612	36
1613	23
1614	31
1615	40
1616	23
1617	24
1618	24
1619	32
1620	30
1621	27
1622	36
1623	27
1624	26
1625	32
1626	27
1627	27
1628	32
1629	39
1630	48
1631	34
1632	29
1633	33
1634	28
1635	20
1636	40
1637	37
1638	33
1639	37
1640	37
1641	30
1642	37
1643	42
1644	42
1645	45
1646	44
1647	34
1648	35
1649	37
1650	39
1651	59
1652	30
1653	48
1654	37
1655	40
1656	54
1657	47
1658	39
1659	49
1660	33
1661	54
1662	44
1663	53
1664	36
1665	53
1666	38
1667	43
1668	39
1669	62
1670	54
1671	49
1672	51
1673	49
1674	59
1675	40
1676	61
1677	69
1678	43
1679	58
1680	47
1681	48
1682	54
1683	57
1684	61
1685	49
1686	53
1687	46
1688	71
1689	64
1690	60
1691	41
1692	57
1693	49
1694	44
1695	71
1696	32
1697	56
1698	42
1699	53
1700	49
1701	56
1702	43
1703	49
1704	51
1705	61
1706	57
1707	53
1708	48
1709	64
1710	47
1711	51
1712	48
1713	61
1714	52
1715	50
1716	50
1717	69
1718	49
1719	51
1720	47
1721	51
1722	45
1723	45
1724	55
1725	46
1726	54
1727	49
1728	53
1729	48
1730	38
1731	49
1732	53
1733	58
1734	53
1735	44
1736	53
1737	46
1738	36
1739	38
1740	44
1741	45
1742	43
1743	52
1744	43
1745	57
1746	52
1747	44
1748	56
1749	53
1750	49
1751	56
1752	47
1753	51
1754	56
1755	47
1756	49
1757	46
1758	45
1759	41
1760	42
1761	44
1762	45
1763	44
1764	33
1765	36
1766	39
1767	50
1768	45
1769	46
1770	43
1771	40
1772	44
1773	40
1774	36
1775	34
1776	49
1777	29
1778	38
1779	33
1780	31
1781	42
1782	40
1783	43
1784	36
1785	36
1786	36
1787	38
1788	42
1789	37
1790	44
1791	36
1792	39
1793	35
1794	28
1795	38
1796	29
1797	39
1798	37
1799	29
1800	32
1801	31
1802	30
1803	43
1804	35
1805	38
1806	40
1807	30
1808	39
1809	29
1810	37
1811	28
1812	21
1813	30
1814	30
1815	38
1816	39
1817	32
1818	38
1819	39
1820	42
1821	22
1822	35
1823	33
1824	32
1825	31
1826	34
1827	27
1828	37
1829	42
1830	38
1831	38
1832	28
1833	32
1834	32
1835	43
1836	28
1837	29
1838	25
1839	41
1840	33
1841	31
1842	37
1843	30
1844	21
1845	37
1846	40
1847	33
1848	30
1849	33
1850	41
1851	36
1852	27
1853	32
1854	34
1855	27
1856	36
1857	32
1858	36
1859	32
1860	36
1861	33
1862	32
1863	30
1864	37
1865	37
1866	38
1867	33
1868	27
1869	31
1870	29
1871	29
1872	28
1873	31
1874	37
1875	28
1876	26
1877	35
1878	42
1879	36
1880	33
1881	29
1882	29
1883	29
1884	35
1885	33
1886	32
1887	32
1888	34
1889	42
1890	34
1891	34
1892	31
1893	42
1894	37
1895	35
1896	35
1897	32
1898	35
1899	47
1900	32
1901	35
1902	45
1903	26
1904	26
1905	46
1906	39
1907	32
1908	31
1909	39
1910	37
1911	37
1912	33
1913	32
1914	42
1915	46
1916	31
1917	42
1918	39
1919	42
1920	45
1921	38
1922	30
1923	44
1924	34
1925	35
1926	43
1927	38
1928	26
1929	36
1930	37
1931	28
1932	39
1933	41
1934	35
1935	46
1936	40
1937	49
1938	41
1939	39
1940	32
1941	41
1942	39
1943	28
1944	39
1945	43
1946	41
1947	42
1948	38
1949	42
1950	47
1951	43
1952	39
1953	45
1954	35
1955	37
1956	40
1957	42
1958	53
1959	41
1960	36
1961	32
1962	35
1963	34
1964	34
1965	27
1966	36
1967	48
1968	43
1969	35
1970	46
1971	29
1972	38
1973	52
1974	22
1975	40
1976	35
1977	35
1978	40
1979	33
1980	43
1981	37
1982	46
1983	36
1984	37
1985	49
1986	46
1987	39
1988	36
1989	42
1990	39
1991	43
1992	40
1993	42
1994	37
1995	45
1996	45
1997	46
1998	55
1999	48
2000	30
2001	43
2002	38
2003	42
2004	49
2005	39
2006	41
2007	37
2008	44
2009	47
2010	33
2011	36
2012	38
2013	46
2014	52
2015	41
2016	43
2017	44
2018	66
2019	45
2020	54
2021	52
2022	44
2023	31
2024	31
2025	46
2026	44
2027	39
2028	36
2029	41
2030	36
2031	45
2032	61
2033	38
2034	52
2035	50
2036	47
2037	45
2038	44
2039	46
2040	47
2041	55
2042	48
2043	51
2044	43
2045	45
2046	50
2047	32
2048	44
2049	37
2050	43
2051	43
2052	43
2053	61
2054	52
2055	59
2056	49
2057	51
2058	45
2059	36
2060	57
2061	45
2062	49
2063	34
2064	45
2065	44
2066	42
2067	41
2068	48
2069	49
2070	47
2071	44
2072	57
2073	49
2074	47
2075	43
2076	59
2077	62
2078	45
2079	60
2080	56
2081	62
2082	49
2083	39
2084	56
2085	37
2086	49
2087	53
2088	44
2089	42
2090	49
2091	47
2092	51
2093	61
2094	38
2095	61
2096	56
2097	57
2098	53
2099	47
2100	48
2101	48
2102	56
2103	44
2104	45
2105	58
2106	66
2107	60
2108	50
2109	40
2110	53
2111	53
2112	53
2113	47
2114	39
2115	48
2116	50
2117	60
2118	55
2119	50
2120	55
2121	49
2122	45
2123	45
2124	51
2125	52
2126	61
2127	44
2128	49
2129	45
2130	38
2131	54
2132	53
2133	55
2134	60
2135	56
2136	44
2137	47
2138	42
2139	48
2140	53
2141	68
2142	54
2143	71
2144	51
2145	56
2146	50
2147	57
2148	60
2149	60
2150	60
2151	44
2152	51
2153	61
2154	61
2155	52
2156	57
2157	42
2158	51
2159	51
2160	56
2161	56
2162	58
2163	51
2164	43
2165	61
2166	52
2167	52
2168	56
2169	48
2170	59
2171	57
2172	50
2173	69
2174	51
2175	54
2176	61
2177	59
2178	54
2179	46
2180	60
2181	46
2182	51
2183	61
2184	56
2185	51
2186	65
2187	56
2188	69
2189	66
2190	54
2191	58
2192	60
2193	65
2194	62
2195	58
2196	51
2197	61
2198	49
2199	64
2200	54
2201	60
2202	62
2203	58
2204	63
2205	62
2206	60
2207	70
2208	61
2209	68
2210	68
2211	63
2212	66
2213	63
2214	62
2215	47
2216	61
2217	57
2218	65
2219	47
2220	49
2221	57
2222	56
2223	62
2224	60
2225	59
2226	46
2227	52
2228	47
2229	71
2230	55
2231	53
2232	62
2233	67
2234	59
2235	56
2236	57
2237	58
2238	52
2239	44
2240	71
2241	64
2242	64
2243	65
2244	57
2245	61
2246	51
2247	65
2248	65
2249	70
2250	56
2251	74
2252	62
2253	53
2254	60
2255	53
2256	67
2257	55
2258	47
2259	46
2260	64
2261	48
2262	63
2263	64
2264	49
2265	55
2266	52
2267	59
2268	54
2269	60
2270	64
2271	65
2272	69
2273	73
2274	65
2275	64
2276	47
2277	54
2278	58
2279	60
2280	41
2281	58
2282	57
2283	54
2284	53
2285	56
2286	49
2287	64
2288	62
2289	60
2290	55
2291	48
2292	58
2293	72
2294	54
2295	61
2296	58
2297	66
2298	58
2299	69
2300	47
2301	62
2302	64
2303	68
2304	71
2305	57
2306	60
2307	68
2308	59
2309	60
2310	47
2311	51
2312	49
2313	55
2314	53
2315	58
2316	55
2317	67
2318	62
2319	61
2320	47
2321	52
2322	67
2323	41
2324	38
2325	51
2326	63
2327	47
2328	61
2329	50
2330	60
2331	54
2332	45
2333	56
2334	55
2335	66
2336	57
2337	56
2338	60
2339	42
2340	57
2341	48
2342	53
2343	52
2344	46
2345	63
2346	41
2347	53
2348	51
2349	49
2350	60
2351	40
2352	41
2353	61
2354	62
2355	59
2356	57
2357	57
2358	45
2359	54
2360	59
2361	46
2362	55
2363	69
2364	46
2365	37
2366	50
2367	52
2368	44
2369	54
2370	56
2371	75
2372	49
2373	51
2374	51
2375	43
2376	49
2377	51
2378	65
2379	63
2380	55
2381	48
2382	45
2383	41
2384	70
2385	52
2386	50
2387	55
2388	41
2389	48
2390	48
2391	51
2392	46
2393	51
2394	54
2395	45
2396	49
2397	45
2398	59
2399	58
2400	45
2401	48
2402	61
2403	48
2404	47
2405	49
2406	51
2407	51
2408	42
2409	48
2410	45
2411	49
2412	42
2413	48
2414	46
2415	47
2416	46
2417	50
2418	45
2419	40
2420	38
2421	47
2422	43
2423	46
2424	46
2425	56
2426	50
2427	45
2428	41
2429	41
2430	39
2431	43
2432	54
2433	52
2434	46
2435	46
2436	49
2437	53
2438	52
2439	46
2440	41
2441	51
2442	44
2443	41
2444	62
2445	54
2446	37
2447	54
2448	53
2449	56
2450	47
2451	52
2452	49
2453	42
2454	40
2455	57
2456	47
2457	52
2458	46
2459	47
2460	39
2461	43
2462	45
2463	47
2464	48
2465	49
2466	60
2467	45
2468	43
2469	44
2470	41
2471	52
2472	40
2473	52
2474	41
2475	37
2476	48
2477	49
2478	43
2479	45
2480	46
2481	43
2482	44
2483	33
2484	36
2485	40
2486	37
2487	39
2488	35
2489	47
2490	38
2491	53
2492	43
2493	47
2494	33
2495	35
2496	55
2497	42
2498	57
2499	31
2500	51
2501	36
2502	42
2503	36
2504	40
2505	53
2506	45
2507	41
2508	52
2509	42
2510	53
2511	44
2512	43
2513	47
2514	31
2515	41
2516	43
2517	45
2518	55
2519	47
2520	39
2521	43
2522	40
2523	32
2524	40
2525	46
2526	31
2527	32
2528	39
2529	44
2530	46
2531	43
2532	38
2533	35
2534	45
2535	49
2536	35
2537	33
2538	46
2539	39
2540	36
2541	36
2542	41
2543	37
2544	48
2545	40
2546	44
2547	41
2548	26
2549	38
2550	36
2551	36
2552	42
2553	50
2554	53
2555	47
2556	40
2557	48
2558	36
2559	44
2560	50
2561	38
2562	34
2563	37
2564	37
2565	46
2566	35
2567	30
2568	37
2569	31
2570	39
2571	33
2572	33
2573	38
2574	40
2575	24
2576	39
2577	43
2578	46
2579	47
2580	44
2581	36
2582	26
2583	35
2584	29
2585	40
2586	38
2587	38
2588	36
2589	36
2590	53
2591	39
2592	44
2593	36
2594	45
2595	37
2596	34
2597	51
2598	23
2599	44
2600	37
2601	34
2602	40
2603	37
2604	39
2605	32
2606	37
2607	39
2608	38
2609	36
2610	40
2611	27
2612	31
2613	37
2614	35
2615	28
2616	29
2617	34
2618	29
2619	37
2620	44
2621	36
2622	38
2623	30
2624	28
2625	39
2626	37
2627	29
2628	36
2629	33
2630	39
2631	41
2632	37
2633	38
2634	38
2635	28
2636	35
2637	44
2638	40
2639	32
2640	21
2641	30
2642	31
2643	32
2644	32
2645	54
2646	38
2647	37
2648	25
2649	34
2650	30
2651	37
2652	30
2653	41
2654	42
2655	33
2656	30
2657	40
2658	43
2659	45
2660	35
2661	44
2662	32
2663	37
2664	35
2665	33
2666	37
2667	31
2668	44
2669	34
2670	44
2671	52
2672	34
2673	26
2674	43
2675	40
2676	44
2677	32
2678	36
2679	38
2680	33
2681	35
2682	37
2683	44
2684	42
2685	38
2686	36
2687	32
2688	36
2689	31
2690	32
2691	33
2692	43
2693	33
2694	33
2695	33
2696	33
2697	40
2698	39
2699	38
2700	40
2701	34
2702	38
2703	35
2704	34
2705	30
2706	42
2707	35
2708	26
2709	26
2710	32
2711	37
2712	45
2713	25
2714	38
2715	30
2716	36
2717	36
2718	32
2719	32
2720	36
2721	31
2722	44
2723	37
2724	32
2725	34
2726	31
2727	34
2728	38
2729	28
2730	38
2731	30
2732	40
2733	39
2734	27
2735	30
2736	30
2737	23
2738	37
2739	23
2740	27
2741	36
2742	27
2743	37
2744	26
2745	40
2746	32
2747	24
2748	36
2749	24
2750	28
2751	31
2752	32
2753	30
2754	43
2755	38
2756	35
2757	36
2758	37
2759	34
2760	39
2761	28
2762	32
2763	37
2764	31
2765	29
2766	39
2767	39
2768	26
2769	36
2770	34
2771	37
2772	27
2773	33
2774	37
2775	30
2776	28
2777	29
2778	34
2779	23
2780	30
2781	33
2782	25
2783	34
2784	39
2785	33
2786	22
2787	36
2788	34
2789	35
2790	32
2791	40
2792	32
2793	33
2794	38
2795	24
2796	30
2797	26
2798	36
2799	40
2800	27
2801	36
2802	31
2803	43
2804	32
2805	37
2806	34
2807	37
2808	28
2809	39
2810	33
2811	18
2812	30
2813	26
2814	28
2815	26
2816	33
2817	23
2818	30
2819	36
2820	26
2821	30
2822	34
2823	35
2824	29
2825	33
2826	25
2827	36
2828	20
2829	36
2830	23
2831	29
2832	22
2833	39
2834	27
2835	25
2836	33
2837	40
2838	31
2839	35
2840	35
2841	30
2842	29
2843	42
2844	27
2845	29
2846	28
2847	29
2848	27
2849	24
2850	31
2851	33
2852	34
2853	22
2854	29
2855	31
2856	23
2857	25
2858	26
2859	20
2860	36
2861	30
2862	23
2863	26
2864	27
2865	25
2866	23
2867	29
2868	24
2869	30
2870	24
2871	24
2872	26
2873	26
2874	29
2875	24
2876	22
2877	27
2878	25
2879	28
2880	22
2881	26
2882	25
2883	37
2884	21
2885	26
2886	27
2887	21
2888	25
2889	20
2890	30
2891	33
2892	27
2893	25
2894	31
2895	23
2896	21
2897	26
2898	34
2899	23
2900	22
2901	22
2902	24
2903	25
2904	23
2905	25
2906	39
2907	33
2908	26
2909	31
2910	28
2911	15
2912	32
2913	30
2914	21
2915	32
2916	23
2917	22
2918	29
2919	25
2920	19
2921	34
2922	32
2923	27
2924	27
2925	25
2926	26
2927	23
2928	25
2929	24
2930	25
2931	23
2932	30
2933	20
2934	21
2935	22
2936	24
2937	26
2938	17
2939	24
2940	29
2941	22
2942	24
2943	28
2944	25
2945	19
2946	23
2947	29
2948	27
2949	17
2950	27
2951	22
2952	21
2953	23
2954	21
2955	21
2956	28
2957	22
2958	27
2959	22
2960	29
2961	29
2962	27
2963	27
2964	29
2965	31
2966	17
2967	29
2968	25
2969	20
2970	20
2971	23
2972	25
2973	22
2974	22
2975	28
2976	26
2977	24
2978	19
2979	15
2980	30
2981	27
2982	17
2983	22
2984	18
2985	15
2986	28
2987	30
2988	26
2989	27
2990	23
2991	26
2992	24
2993	18
2994	23
2995	26
2996	31
2997	16
2998	30
2999	28
3000	29
3001	31
3002	21
3003	29
3004	15
3005	18
3006	18
3007	33
3008	37
3009	30
3010	20
3011	25
3012	25
3013	20
3014	16
3015	16
3016	18
3017	17
3018	25
3019	23
3020	19
3021	30
3022	19
3023	18
3024	25
3025	25
3026	28
3027	12
3028	29
3029	25
3030	28
3031	22
3032	22
3033	16
3034	26
3035	18
3036	25
3037	18
3038	22
3039	12
3040	34
3041	26
3042	27
3043	15
3044	28
3045	29
3046	27
3047	32
3048	17
3049	34
3050	14
3051	23
3052	29
3053	22
3054	28
3055	15
3056	25
3057	24
3058	29
3059	21
3060	19
3061	28
3062	27
3063	27
3064	26
3065	25
3066	16
3067	28
3068	21
3069	18
3070	27
3071	19
3072	21
3073	26
3074	23
3075	21
3076	16
3077	22
3078	24
3079	16
3080	24
3081	25
3082	17
3083	24
3084	19
3085	31
3086	10
3087	18
3088	21
3089	26
3090	15
3091	18
3092	16
3093	20
3094	20
3095	27
3096	22
3097	22
3098	21
3099	17
3100	21
3101	21
3102	20
3103	25
3104	17
3105	21
3106	20
3107	20
3108	18
3109	20
3110	35
3111	23
3112	19
3113	20
3114	23
3115	14
3116	21
3117	26
3118	33
3119	29
3120	24
3121	23
3122	24
3123	20
3124	13
3125	19
3126	17
3127	22
3128	21
3129	24
3130	20
3131	20
3132	25
3133	17
3134	22
3135	29
3136	30
3137	28
3138	27
3139	18
3140	34
3141	21
3142	29
3143	26
3144	21
3145	26
3146	31
3147	20
3148	19
3149	31
3150	16
3151	23
3152	18
3153	21
3154	24
3155	29
3156	18
3157	20
3158	25
3159	22
3160	33
3161	14
3162	24
3163	17
3164	28
3165	27
3166	17
3167	25
3168	22
3169	27
3170	17
3171	15
3172	30
3173	13
3174	21
3175	24
3176	21
3177	21
3178	24
3179	18
3180	10
3181	25
3182	31
3183	29
3184	28
3185	24
3186	18
3187	20
3188	22
3189	18
3190	17
3191	19
3192	21
3193	22
3194	27
3195	23
3196	17
3197	18
3198	21
3199	22
3200	17
3201	17
3202	24
3203	16
3204	21
3205	18
3206	26
3207	17
3208	19
3209	15
3210	24
3211	21
3212	12
3213	23
3214	22
3215	28
3216	21
3217	25
3218	25
3219	20
3220	20
3221	22
3222	10
3223	27
3224	19
3225	25
3226	20
3227	22
3228	18
3229	24
3230	15
3231	19
3232	19
3233	14
3234	25
3235	18
3236	21
3237	27
3238	19
3239	14
3240	20
3241	25
3242	20
3243	28
3244	22
3245	23
3246	24
3247	15
3248	20
3249	25
3250	16
3251	15
3252	22
3253	22
3254	24
3255	12
3256	25
3257	18
3258	25
3259	17
3260	27
3261	15
3262	19
3263	21
3264	24
3265	16
3266	16
3267	26
3268	22
3269	15
3270	22
3271	16
3272	22
3273	23
3274	25
3275	19
3276	23
3277	19
3278	12
3279	18
3280	10
3281	23
3282	11
3283	16
3284	19
3285	15
3286	10
3287	15
3288	15
3289	18
3290	15
3291	11
3292	27
3293	15
3294	20
3295	24
3296	22
3297	22
3298	11
3299	21
3300	22
3301	23
3302	20
3303	13
3304	13
3305	14
3306	11
3307	17
3308	19
3309	17
3310	23
3311	16
3312	19
3313	17
3314	19
3315	18
3316	22
3317	21
3318	31
3319	25
3320	14
3321	15
3322	16
3323	11
3324	11
3325	20
3326	11
3327	20
3328	15
3329	18
3330	16
3331	14
3332	19
3333	24
3334	23
3335	19
3336	23
3337	19
3338	15
3339	20
3340	17
3341	19
3342	17
3343	11
3344	16
3345	15
3346	13
3347	14
3348	21
3349	22
3350	18
3351	18
3352	18
3353	21
3354	19
3355	21
3356	11
3357	19
3358	20
3359	16
3360	22
3361	13
3362	19
3363	26
3364	18
3365	11
3366	23
3367	12
3368	13
3369	16
3370	16
3371	21
3372	10
3373	21
3374	32
3375	20
3376	15
3377	22
3378	18
3379	28
3380	12
3381	17
3382	14
3383	22
3384	17
3385	21
3386	14
3387	13
3388	15
3389	21
3390	17
3391	17
3392	21
3393	13
3394	18
3395	16
3396	20
3397	20
3398	13
3399	14
3400	25
3401	19
3402	18
3403	14
3404	13
3405	15
3406	14
3407	23
3408	12
3409	19
3410	21
3411	9
3412	19
3413	15
3414	11
3415	25
3416	15
3417	16
3418	11
3419	14
3420	14
3421	21
3422	13
3423	17
3424	18
3425	13
3426	18
3427	24
3428	14
3429	19
3430	16
3431	22
3432	17
3433	14
3434	8
3435	17
3436	21
3437	19
3438	18
3439	14
3440	18
3441	17
3442	17
3443	20
3444	20
3445	21
3446	15
3447	19
3448	18
3449	17
3450	21
3451	9
3452	17
3453	14
3454	17
3455	15
3456	13
3457	14
3458	11
3459	16
3460	11
3461	20
3462	12
3463	12
3464	19
3465	11
3466	12
3467	14
3468	11
3469	20
3470	20
3471	23
3472	19
3473	10
3474	7
3475	20
3476	23
3477	13
3478	18
3479	11
3480	15
3481	16
3482	12
3483	26
3484	19
3485	18
3486	18
3487	12
3488	13
3489	17
3490	13
3491	21
3492	15
3493	10
3494	13
3495	20
3496	15
3497	21
3498	20
3499	19
3500	12
3501	18
3502	22
3503	17
3504	22
3505	21
3506	18
3507	12
3508	13
3509	14
3510	12
3511	18
3512	20
3513	17
3514	19
3515	19
3516	16
3517	19
3518	18
3519	19
3520	15
3521	17
3522	21
3523	14
3524	18
3525	19
3526	17
3527	12
3528	15
3529	18
3530	19
3531	17
3532	20
3533	21
3534	20
3535	15
3536	16
3537	20
3538	21
3539	21
3540	22
3541	16
3542	16
3543	13
3544	17
3545	17
3546	16
3547	11
3548	11
3549	12
3550	15
3551	19
3552	15
3553	16
3554	17
3555	15
3556	12
3557	20
3558	16
3559	14
3560	16
3561	17
3562	23
3563	25
3564	13
3565	18
3566	23
3567	13
3568	29
3569	17
3570	15
3571	15
3572	16
3573	19
3574	22
3575	22
3576	17
3577	16
3578	28
3579	26
3580	21
3581	21
3582	26
3583	19
3584	20
3585	15
3586	17
3587	19
3588	22
3589	21
3590	17
3591	25
3592	15
3593	11
3594	17
3595	23
3596	18
3597	20
3598	19
3599	13
3600	20
3601	18
3602	18
3603	20
3604	23
3605	24
3606	16
3607	17
3608	19
3609	31
3610	31
3611	21
3612	14
3613	17
3614	26
3615	18
3616	23
3617	23
3618	22
3619	23
3620	24
3621	19
3622	24
3623	22
3624	25
3625	21
3626	22
3627	22
3628	23
3629	22
3630	18
3631	22
3632	26
3633	27
3634	31
3635	18
3636	20
3637	18
3638	15
3639	21
3640	11
3641	24
3642	17
3643	18
3644	25
3645	29
3646	20
3647	23
3648	27
3649	31
3650	23
3651	19
3652	29
3653	20
3654	18
3655	18
3656	24
3657	29
3658	31
3659	19
3660	28
3661	30
3662	26
3663	25
3664	27
3665	33
3666	25
3667	27
3668	18
3669	20
3670	22
3671	30
3672	27
3673	22
3674	19
3675	31
3676	23
3677	35
3678	18
3679	33
3680	25
3681	30
3682	20
3683	30
3684	19
3685	30
3686	32
3687	27
3688	38
3689	25
3690	20
3691	26
3692	22
3693	31
3694	20
3695	32
3696	37
3697	32
3698	24
3699	24
3700	28
3701	27
3702	27
3703	38
3704	37
3705	18
3706	35
3707	35
3708	34
3709	31
3710	35
3711	33
3712	34
3713	31
3714	33
3715	37
3716	23
3717	32
3718	35
3719	34
3720	33
3721	30
3722	45
3723	23
3724	26
3725	31
3726	36
3727	28
3728	48
3729	42
3730	26
3731	34
3732	32
3733	28
3734	40
3735	27
3736	21
3737	41
3738	38
3739	31
3740	42
3741	34
3742	24
3743	24
3744	30
3745	24
3746	36
3747	29
3748	38
3749	31
3750	37
3751	37
3752	41
3753	31
3754	33
3755	30
3756	31
3757	36
3758	28
3759	27
3760	41
3761	38
3762	30
3763	30
3764	27
3765	32
3766	44
3767	45
3768	23
3769	26
3770	33
3771	35
3772	29
3773	38
3774	37
3775	41
3776	34
3777	40
3778	41
3779	41
3780	33
3781	34
3782	39
3783	36
3784	37
3785	45
3786	51
3787	49
3788	30
3789	49
3790	34
3791	29
3792	37
3793	38
3794	34
3795	42
3796	43
3797	51
3798	49
3799	46
3800	37
3801	39
3802	38
3803	44
3804	43
3805	30
3806	35
3807	31
3808	38
3809	51
3810	44
3811	34
3812	38
3813	46
3814	49
3815	39
3816	48
3817	38
3818	34
3819	37
3820	46
3821	55
3822	43
3823	38
3824	38
3825	48
3826	38
3827	44
3828	35
3829	41
3830	39
3831	45
3832	38
3833	43
3834	44
3835	47
3836	41
3837	41
3838	31
3839	32
3840	34
3841	34
3842	55
3843	41
3844	48
3845	46
3846	36
3847	38
3848	39
3849	39
3850	39
3851	36
3852	49
3853	30
3854	42
3855	49
3856	47
3857	52
3858	44
3859	41
3860	31
3861	40
3862	32
3863	52
3864	54
3865	53
3866	40
3867	39
3868	32
3869	42
3870	46
3871	41
3872	35
3873	38
3874	36
3875	41
3876	38
3877	41
3878	46
3879	41
3880	37
3881	44
3882	49
3883	41
3884	42
3885	37
3886	51
3887	43
3888	35
3889	45
3890	46
3891	39
3892	35
3893	37
3894	47
3895	40
3896	57
3897	57
3898	45
3899	49
3900	37
3901	43
3902	50
3903	58
3904	45
3905	37
3906	35
3907	53
3908	48
3909	34
3910	39
3911	33
3912	44
3913	57
3914	47
3915	44
3916	45
3917	44
3918	46
3919	43
3920	45
3921	49
3922	56
3923	60
3924	41
3925	32
3926	50
3927	51
3928	51
3929	42
3930	41
3931	41
3932	43
3933	48
3934	45
3935	39
3936	43
3937	36
3938	45
3939	39
3940	36
3941	44
3942	48
3943	40
3944	51
3945	48
3946	35
3947	40
3948	50
3949	39
3950	43
3951	48
3952	49
3953	57
3954	50
3955	55
3956	49
3957	40
3958	48
3959	48
3960	49
3961	46
3962	55
3963	44
3964	40
3965	49
3966	48
3967	58
3968	49
3969	48
3970	51
3971	49
3972	47
3973	50
3974	47
3975	49
3976	41
3977	43
3978	43
3979	54
3980	48
3981	32
3982	50
3983	55
3984	47
3985	49
3986	50
3987	50
3988	49
3989	53
3990	40
3991	53
3992	57
3993	53
3994	60
3995	51
3996	59
3997	50
3998	52
3999	48
4000	52
4001	48
4002	46
4003	57
4004	57
4005	43
4006	44
4007	45
4008	47
4009	54
4010	54
4011	52
4012	48
4013	51
4014	52
4015	46
4016	61
4017	57
4018	46
4019	36
4020	58
4021	60
4022	49
4023	56
4024	68
4025	58
4026	61
4027	38
4028	46
4029	60
4030	56
4031	48
4032	57
4033	52
4034	64
4035	61
4036	56
4037	58
4038	64
4039	60
4040	47
4041	54
4042	65
4043	53
4044	74
4045	52
4046	58
4047	55
4048	56
4049	55
4050	56
4051	44
4052	71
4053	48
4054	62
4055	68
4056	60
4057	65
4058	59
4059	52
4060	58
4061	62
4062	63
4063	73
4064	55
4065	48
4066	58
4067	67
4068	62
4069	52
4070	61
4071	57
4072	64
4073	54
4074	51
4075	67
4076	68
4077	44
4078	70
4079	66
4080	57
4081	62
4082	67
4083	71
4084	69
4085	61
4086	73
4087	72
4088	67
4089	72
4090	66
4091	61
4092	73
4093	62
4094	63
4095	64
4096	71
4097	64
4098	62
4099	41
4100	63
4101	60
4102	69
4103	67
4104	64
4105	67
4106	64
4107	67
4108	67
4109	56
4110	65
4111	68
4112	59
4113	76
4114	71
4115	102
4116	69
4117	64
4118	68
4119	79
4120	69
4121	77
4122	76
4123	70
4124	67
4125	66
4126	67
4127	74
4128	71
4129	88
4130	59
4131	83
4132	72
4133	78
4134	93
4135	69
4136	64
4137	75
4138	74
4139	66
4140	84
4141	77
4142	79
4143	62
4144	64
4145	76
4146	78
4147	60
4148	95
4149	79
4150	65
4151	68
4152	81
4153	75
4154	64
4155	77
4156	85
4157	69
4158	71
4159	65
4160	73
4161	47
4162	77
4163	76
4164	72
4165	83
4166	88
4167	65
4168	79
4169	69
4170	70
4171	69
4172	87
4173	66
4174	73
4175	93
4176	78
4177	77
4178	70
4179	68
4180	80
4181	91
4182	81
4183	64
4184	84
4185	78
4186	63
4187	70
4188	80
4189	73
4190	74
4191	88
4192	70
4193	75
4194	76
4195	93
4196	68
4197	83
4198	83
4199	83
4200	72
4201	79
4202	74
4203	74
4204	68
4205	74
4206	76
4207	73
4208	82
4209	70
4210	81
4211	74
4212	83
4213	66
4214	83
4215	70
4216	65
4217	78
4218	81
4219	80
4220	80
4221	68
4222	84
4223	76
4224	62
4225	81
4226	70
4227	70
4228	63
4229	90
4230	94
4231	82
4232	75
4233	65
4234	74
4235	70
4236	85
4237	93
4238	76
4239	86
4240	95
4241	75
4242	82
4243	82
4244	74
4245	81
4246	69
4247	81
4248	81
4249	82
4250	75
4251	78
4252	71
4253	71
4254	55
4255	70
4256	65
4257	66
4258	79
4259	84
4260	78
4261	71
4262	80
4263	74
4264	94
4265	69
4266	69
4267	79
4268	79
4269	81
4270	73
4271	79
4272	68
4273	79
4274	59
4275	82
4276	76
4277	73
4278	80
4279	77
4280	74
4281	85
4282	92
4283	67
4284	81
4285	82
4286	70
4287	66
4288	61
4289	70
4290	75
4291	84
4292	75
4293	89
4294	72
4295	55
4296	72
4297	87
4298	67
4299	63
4300	69
4301	49
4302	75
4303	55
4304	73
4305	71
4306	65
4307	65
4308	71
4309	65
4310	68
4311	65
4312	69
4313	77
4314	56
4315	65
4316	75
4317	67
4318	70
4319	69
4320	62
4321	66
4322	69
4323	72
4324	53
4325	63
4326	63
4327	74
4328	64
4329	78
4330	83
4331	60
4332	66
4333	69
4334	65
4335	64
4336	51
4337	61
4338	54
4339	61
4340	70
4341	52
4342	68
4343	55
4344	70
4345	65
4346	71
4347	53
4348	53
4349	60
4350	55
4351	61
4352	61
4353	54
4354	43
4355	63
4356	54
4357	51
4358	66
4359	55
4360	46
4361	55
4362	65
4363	51
4364	53
4365	53
4366	54
4367	59
4368	67
4369	65
4370	60
4371	56
4372	52
4373	56
4374	42
4375	42
4376	67
4377	54
4378	56
4379	65
4380	53
4381	53
4382	57
4383	48
4384	49
4385	64
4386	56
4387	50
4388	42
4389	47
4390	46
4391	56
4392	56
4393	43
4394	49
4395	41
4396	66
4397	45
4398	41
4399	52
4400	45
4401	42
4402	46
4403	49
4404	61
4405	53
4406	39
4407	49
4408	46
4409	53
4410	46
4411	53
4412	37
4413	49
4414	52
4415	59
4416	46
4417	63
4418	50
4419	32
4420	45
4421	52
4422	44
4423	52
4424	47
4425	43
4426	47
4427	47
4428	51
4429	40
4430	37
4431	45
4432	34
4433	28
4434	54
4435	32
4436	51
4437	49
4438	40
4439	42
4440	33
4441	24
4442	35
4443	47
4444	29
4445	37
4446	52
4447	43
4448	41
4449	45
4450	34
4451	30
4452	36
4453	45
4454	50
4455	55
4456	37
4457	43
4458	38
4459	37
4460	30
4461	26
4462	38
4463	34
4464	43
4465	34
4466	36
4467	38
4468	49
4469	26
4470	37
4471	41
4472	34
4473	31
4474	34
4475	37
4476	47
4477	23
4478	39
4479	28
4480	39
4481	40
4482	30
4483	38
4484	39
4485	35
4486	36
4487	37
4488	46
4489	41
4490	32
4491	35
4492	21
4493	33
4494	37
4495	45
4496	44
4497	38
4498	32
4499	35
4500	46
4501	37
4502	27
4503	34
4504	36
4505	32
4506	44
4507	37
4508	30
4509	42
4510	39
4511	32
4512	35
4513	34
4514	26
4515	22
4516	30
4517	28
4518	31
4519	41
4520	35
4521	34
4522	38
4523	38
4524	33
4525	36
4526	31
4527	45
4528	30
4529	30
4530	36
4531	60
4532	37
4533	30
4534	34
4535	28
4536	41
4537	33
4538	30
4539	37
4540	26
4541	36
4542	32
4543	41
4544	38
4545	34
4546	35
4547	36
4548	41
4549	22
4550	33
4551	26
4552	47
4553	29
4554	36
4555	34
4556	47
4557	32
4558	33
4559	42
4560	35
4561	36
4562	42
4563	44
4564	29
4565	37
4566	39
4567	35
4568	39
4569	32
4570	40
4571	54
4572	29
4573	31
4574	35
4575	48
4576	39
4577	50
4578	43
4579	42
4580	38
4581	42
4582	32
4583	37
4584	37
4585	36
4586	34
4587	28
4588	45
4589	39
4590	41
4591	40
4592	41
4593	47
4594	42
4595	37
4596	37
4597	42
4598	42
4599	33
4600	31
4601	49
4602	48
4603	46
4604	47
4605	50
4606	38
4607	49
4608	52
4609	47
4610	44
4611	44
4612	41
4613	59
4614	59
4615	42
4616	54
4617	50
4618	42
4619	45
4620	53
4621	64
4622	60
4623	59
4624	48
4625	52
4626	52
4627	64
4628	53
4629	64
4630	48
4631	63
4632	51
4633	47
4634	66
4635	61
4636	51
4637	59
4638	64
4639	59
4640	55
4641	59
4642	44
4643	66
4644	53
4645	65
4646	86
4647	57
4648	53
4649	58
4650	73
4651	62
4652	54
4653	71
4654	57
4655	64
4656	64
4657	87
4658	76
4659	48
4660	71
4661	61
4662	74
4663	86
4664	57
4665	60
4666	67
4667	66
4668	67
4669	80
4670	64
4671	62
4672	76
4673	69
4674	72
4675	76
4676	75
4677	63
4678	74
4679	74
4680	82
4681	93
4682	61
4683	67
4684	60
4685	72
4686	70
4687	82
4688	83
4689	80
4690	72
4691	74
4692	84
4693	75
4694	91
4695	69
4696	91
4697	93
4698	89
4699	83
4700	77
4701	83
4702	77
4703	72
4704	87
4705	82
4706	106
4707	85
4708	84
4709	104
4710	83
4711	74
4712	88
4713	98
4714	95
4715	91
4716	104
4717	97
4718	99
4719	91
4720	86
4721	100
4722	114
4723	92
4724	94
4725	85
4726	103
4727	96
4728	123
4729	106
4730	101
4731	96
4732	106
4733	104
4734	100
4735	93
4736	120
4737	100
4738	116
4739	107
4740	113
4741	96
4742	94
4743	102
4744	110
4745	134
4746	139
4747	94
4748	122
4749	99
4750	110
4751	109
4752	103
4753	110
4754	117
4755	119
4756	106
4757	115
4758	120
4759	103
4760	133
4761	122
4762	112
4763	109
4764	116
4765	128
4766	138
4767	106
4768	118
4769	119
4770	128
4771	114
4772	125
4773	123
4774	157
4775	129
4776	143
4777	141
4778	123
4779	139
4780	117
4781	116
4782	117
4783	115
4784	151
4785	122
4786	130
4787	154
4788	133
4789	124
4790	146
4791	131
4792	143
4793	134
4794	150
4795	148
4796	159
4797	146
4798	147
4799	172
4800	141
4801	164
4802	164
4803	135
4804	161
4805	144
4806	130
4807	149
4808	165
4809	159
4810	167
4811	158
4812	162
4813	152
4814	134
4815	159
4816	171
4817	172
4818	146
4819	163
4820	142
4821	151
4822	156
4823	145
4824	148
4825	168
4826	156
4827	162
4828	149
4829	158
4830	156
4831	171
4832	176
4833	151
4834	148
4835	165
4836	167
4837	175
4838	157
4839	164
4840	170
4841	160
4842	143
4843	176
4844	155
4845	146
4846	171
4847	162
4848	166
4849	168
4850	146
4851	196
4852	166
4853	182
4854	140
4855	156
4856	168
4857	164
4858	161
4859	181
4860	163
4861	170
4862	146
4863	152
4864	173
4865	151
4866	198
4867	153
4868	194
4869	151
4870	190
4871	191
4872	191
4873	169
4874	161
4875	165
4876	185
4877	170
4878	151
4879	179
4880	171
4881	184
4882	168
4883	174
4884	171
4885	185
4886	191
4887	168
4888	169
4889	175
4890	175
4891	180
4892	146
4893	189
4894	164
4895	196
4896	183
4897	171
4898	203
4899	189
4900	166
4901	193
4902	175
4903	159
4904	198
4905	196
4906	177
4907	162
4908	174
4909	173
4910	181
4911	180
4912	186
4913	173
4914	171
4915	174
4916	183
4917	187
4918	189
4919	172
4920	170
4921	199
4922	202
4923	203
4924	192
4925	181
4926	173
4927	184
4928	191
4929	186
4930	182
4931	170
4932	175
4933	175
4934	210
4935	177
4936	179
4937	171
4938	186
4939	195
4940	179
4941	194
4942	188
4943	184
4944	186
4945	196
4946	184
4947	183
4948	202
4949	183
4950	199
4951	187
4952	191
4953	168
4954	186
4955	189
4956	212
4957	183
4958	191
4959	214
4960	203
4961	177
4962	193
4963	193
4964	192
4965	214
4966	183
4967	216
4968	171
4969	182
4970	169
4971	177
4972	181
4973	189
4974	180
4975	184
4976	189
4977	176
4978	175
4979	186
4980	179
4981	183
4982	172
4983	160
4984	183
4985	174
4986	201
4987	180
4988	186
4989	177
4990	171
4991	168
4992	189
4993	203
4994	174
4995	169
4996	174
4997	161
4998	174
4999	167
5000	193
5001	174
5002	170
5003	168
5004	190
5005	174
5006	171
5007	217
5008	194
5009	172
5010	175
5011	202
5012	176
5013	146
5014	178
5015	189
5016	173
5017	188
5018	185
5019	194
5020	164
5021	177
5022	179
5023	179
5024	212
5025	173
5026	170
5027	179
5028	167
5029	158
5030	166
5031	208
5032	181
5033	177
5034	181
5035	170
5036	169
5037	164
5038	174
5039	164
5040	155
5041	142
5042	172
5043	171
5044	157
5045	161
5046	174
5047	146
5048	134
5049	160
5050	161
5051	145
5052	168
5053	170
5054	156
5055	172
5056	167
5057	175
5058	161
5059	182
5060	153
5061	175
5062	164
5063	170
5064	158
5065	173
5066	132
5067	140
5068	165
5069	149
5070	159
5071	163
5072	153
5073	163
5074	160
5075	129
5076	166
5077	154
5078	141
5079	147
5080	164
5081	169
5082	162
5083	159
5084	146
5085	144
5086	150
5087	160
5088	138
5089	148
5090	136
5091	151
5092	153
5093	149
5094	151
5095	158
5096	147
5097	172
5098	169
5099	145
5100	123
5101	178
5102	130
5103	133
5104	157
5105	136
5106	130
5107	159
5108	135
5109	144
5110	121
5111	140
5112	152
5113	124
5114	121
5115	125
5116	140
5117	123
5118	144
5119	127
5120	118
5121	142
5122	137
5123	142
5124	160
5125	150
5126	134
5127	120
5128	118
5129	120
5130	134
5131	145
5132	129
5133	129
5134	142
5135	154
5136	121
5137	131
5138	115
5139	142
5140	150
5141	126
5142	121
5143	122
5144	120
5145	112
5146	102
5147	106
5148	124
5149	118
5150	111
5151	121
5152	125
5153	123
5154	101
5155	120
5156	136
5157	110
5158	121
5159	145
5160	137
5161	134
5162	136
5163	98
5164	97
5165	115
5166	130
5167	117
5168	95
5169	97
5170	115
5171	111
5172	93
5173	91
5174	96
5175	104
5176	105
5177	108
5178	112
5179	123
5180	99
5181	98
5182	103
5183	98
5184	108
5185	117
5186	107
5187	102
5188	120
5189	112
5190	113
5191	97
5192	96
5193	96
5194	102
5195	103
5196	99
5197	81
5198	92
5199	101
5200	111
5201	78
5202	100
5203	99
5204	91
5205	97
5206	100
5207	99
5208	99
5209	98
5210	90
5211	97
5212	91
5213	77
5214	94
5215	110
5216	103
5217	100
5218	94
5219	84
5220	96
5221	93
5222	91
5223	101
5224	81
5225	89
5226	72
5227	94
5228	99
5229	100
5230	99
5231	82
5232	87
5233	85
5234	87
5235	89
5236	103
5237	80
5238	81
5239	99
5240	88
5241	86
5242	89
5243	96
5244	87
5245	79
5246	86
5247	81
5248	79
5249	102
5250	79
5251	65
5252	89
5253	100
5254	71
5255	91
5256	78
5257	79
5258	86
5259	78
5260	81
5261	80
5262	91
5263	88
5264	89
5265	97
5266	99
5267	74
5268	96
5269	80
5270	77
5271	73
5272	98
5273	75
5274	72
5275	82
5276	89
5277	80
5278	81
5279	78
5280	66
5281	75
5282	93
5283	77
5284	86
5285	82
5286	75
5287	85
5288	60
5289	72
5290	83
5291	74
5292	83
5293	62
5294	81
5295	98
5296	79
5297	81
5298	84
5299	58
5300	89
5301	74
5302	81
5303	72
5304	75
5305	74
5306	77
5307	76
5308	71
5309	70
5310	80
5311	79
5312	90
5313	60
5314	64
5315	81
5316	68
5317	68
5318	75
5319	63
5320	61
5321	85
5322	62
5323	81
5324	78
5325	64
5326	64
5327	68
5328	64
5329	59
5330	65
5331	65
5332	71
5333	54
5334	62
5335	81
5336	79
5337	56
5338	65
5339	67
5340	80
5341	78
5342	74
5343	54
5344	56
5345	81
5346	64
5347	72
5348	71
5349	67
5350	90
5351	72
5352	76
5353	57
5354	72
5355	80
5356	48
5357	59
5358	48
5359	73
5360	66
5361	67
5362	94
5363	70
5364	59
5365	67
5366	71
5367	63
5368	54
5369	56
5370	56
5371	55
5372	79
5373	58
5374	71
5375	68
5376	53
5377	53
5378	64
5379	70
5380	67
5381	58
5382	58
5383	74
5384	59
5385	59
5386	65
5387	57
5388	53
5389	64
5390	68
5391	68
5392	69
5393	74
5394	58
5395	58
5396	56
5397	61
5398	64
5399	67
5400	78
5401	73
5402	73
5403	62
5404	46
5405	72
5406	84
5407	63
5408	64
5409	61
5410	55
5411	62
5412	71
5413	65
5414	60
5415	57
5416	62
5417	60
5418	63
5419	56
5420	67
5421	53
5422	61
5423	68
5424	55
5425	56
5426	64
5427	44
5428	73
5429	68
5430	57
5431	60
5432	50
5433	51
5434	65
5435	56
5436	45
5437	61
5438	67
5439	49
5440	59
5441	63
5442	56
5443	56
5444	57
5445	56
5446	71
5447	57
5448	51
5449	61
5450	54
5451	58
5452	62
5453	60
5454	62
5455	52
5456	54
5457	66
5458	57
5459	57
5460	45
5461	56
5462	50
5463	54
5464	50
5465	48
5466	50
5467	60
5468	58
5469	60
5470	53
5471	51
5472	46
5473	67
5474	60
5475	66
5476	49
5477	48
5478	50
5479	55
5480	49
5481	63
5482	40
5483	57
5484	52
5485	50
5486	67
5487	57
5488	53
5489	44
5490	48
5491	48
5492	45
5493	61
5494	49
5495	50
5496	49
5497	44
5498	51
5499	45
5500	49
5501	40
5502	38
5503	51
5504	47
5505	57
5506	58
5507	54
5508	49
5509	47
5510	53
5511	56
5512	62
5513	44
5514	42
5515	46
5516	48
5517	42
5518	48
5519	44
5520	49
5521	45
5522	41
5523	47
5524	30
5525	39
5526	39
5527	46
5528	40
5529	55
5530	44
5531	44
5532	58
5533	44
5534	38
5535	42
5536	43
5537	67
5538	43
5539	63
5540	53
5541	42
5542	41
5543	43
5544	53
5545	42
5546	37
5547	44
5548	41
5549	61
5550	41
5551	48
5552	45
5553	47
5554	44
5555	36
5556	29
5557	39
5558	43
5559	44
5560	46
5561	49
5562	43
5563	31
5564	42
5565	36
5566	39
5567	40
5568	44
5569	35
5570	30
5571	30
5572	45
5573	35
5574	34
5575	44
5576	54
5577	42
5578	37
5579	32
5580	36
5581	43
5582	47
5583	29
5584	43
5585	47
5586	39
5587	51
5588	41
5589	34
5590	43
5591	31
5592	36
5593	33
5594	26
5595	41
5596	29
5597	33
5598	32
5599	38
5600	37
5601	33
5602	39
5603	37
5604	38
5605	37
5606	39
5607	33
5608	31
5609	28
5610	33
5611	36
5612	30
5613	24
5614	41
5615	36
5616	28
5617	42
5618	29
5619	36
5620	23
5621	26
5622	19
5623	24
5624	30
5625	35
5626	30
5627	27
5628	26
5629	28
5630	33
5631	27
5632	29
5633	34
5634	42
5635	26
5636	33
5637	35
5638	46
5639	33
5640	24
5641	26
5642	30
5643	35
5644	28
5645	27
5646	40
5647	39
5648	28
5649	25
5650	21
5651	26
5652	29
5653	33
5654	25
5655	33
5656	19
5657	26
5658	37
5659	27
5660	20
5661	27
5662	20
5663	23
5664	21
5665	21
5666	29
5667	25
5668	15
5669	28
5670	24
5671	12
5672	21
5673	34
5674	24
5675	24
5676	23
5677	19
5678	24
5679	23
5680	27
5681	19
5682	30
5683	29
5684	29
5685	27
5686	23
5687	27
5688	24
5689	24
5690	32
5691	24
5692	27
5693	34
5694	16
5695	23
5696	19
5697	27
5698	29
5699	24
5700	17
5701	16
5702	29
5703	26
5704	26
5705	24
5706	18
5707	23
5708	28
5709	19
5710	23
5711	22
5712	26
5713	21
5714	22
5715	20
5716	35
5717	25
5718	20
5719	24
5720	21
5721	22
5722	21
5723	26
5724	19
5725	9
5726	14
5727	16
5728	18
5729	15
5730	21
5731	25
5732	16
5733	22
5734	11
5735	12
5736	19
5737	21
5738	19
5739	22
5740	17
5741	23
5742	12
5743	22
5744	21
5745	12
5746	20
5747	16
5748	19
5749	25
5750	23
5751	13
5752	26
5753	21
5754	18
5755	17
5756	15
5757	19
5758	14
5759	14
5760	15
5761	21
5762	22
5763	19
5764	14
5765	12
5766	18
5767	22
5768	19
5769	16
5770	13
5771	16
5772	18
5773	15
5774	16
5775	22
5776	22
5777	17
5778	19
5779	14
5780	16
5781	16
5782	22
5783	18
5784	17
5785	14
5786	16
5787	14
5788	13
5789	16
5790	16
5791	19
5792	14
5793	15
5794	14
5795	10
5796	17
5797	18
5798	18
5799	13
5800	13
5801	17
5802	18
5803	17
5804	20
5805	23
5806	20
5807	19
5808	16
5809	17
5810	9
5811	14
5812	14
5813	9
5814	21
5815	21
5816	14
5817	21
5818	14
5819	20
5820	14
5821	18
5822	9
5823	14
5824	12
5825	18
5826	16
5827	11
5828	18
5829	24
5830	17
5831	12
5832	20
5833	18
5834	12
5835	19
5836	13
5837	20
5838	10
5839	15
5840	14
5841	12
5842	18
5843	18
5844	16
5845	18
5846	19
5847	16
5848	21
5849	19
5850	10
5851	13
5852	12
5853	17
5854	9
5855	17
5856	10
5857	12
5858	20
5859	10
5860	18
5861	12
5862	13
5863	14
5864	17
5865	12
5866	13
5867	15
5868	11
5869	22
5870	13
5871	22
5872	11
5873	13
5874	16
5875	6
5876	9
5877	17
5878	10
5879	21
5880	14
5881	18
5882	19
5883	13
5884	15
5885	19
5886	21
5887	19
5888	18
5889	15
5890	18
5891	22
5892	17
5893	13
5894	11
5895	12
5896	19
5897	16
5898	10
5899	27
5900	14
5901	14
5902	13
5903	21
5904	16
5905	12
5906	15
5907	23
5908	18
5909	11
5910	19
5911	15
5912	26
5913	16
5914	19
5915	11
5916	20
5917	13
5918	18
5919	18
5920	14
5921	12
5922	19
5923	13
5924	15
5925	18
5926	26
5927	15
5928	17
5929	16
5930	9
5931	11
5932	23
5933	11
5934	12
5935	16
5936	13
5937	20
5938	17
5939	17
5940	18
5941	10
5942	13
5943	19
5944	15
5945	12
5946	12
5947	24
5948	12
5949	16
5950	18
5951	21
5952	18
5953	14
5954	19
5955	24
5956	17
5957	13
5958	16
5959	19
5960	20
5961	22
5962	17
5963	17
5964	19
5965	16
5966	18
5967	15
5968	18
5969	24
5970	17
5971	16
5972	19
5973	21
5974	20
5975	18
5976	16
5977	10
5978	20
5979	15
5980	18
5981	15
5982	14
5983	23
5984	9
5985	9
5986	10
5987	22
5988	20
5989	17
5990	22
5991	11
5992	22
5993	27
5994	16
5995	22
5996	15
5997	14
5998	20
5999	14
6000	21
6001	21
6002	13
6003	19
6004	19
6005	16
6006	17
6007	23
6008	22
6009	26
6010	25
6011	23
6012	10
6013	20
6014	20
6015	16
6016	20
6017	20
6018	21
6019	24
6020	15
6021	19
6022	20
6023	22
6024	21
6025	12
6026	17
6027	17
6028	12
6029	14
6030	15
6031	19
6032	19
6033	17
6034	18
6035	28
6036	23
6037	25
6038	26
6039	21
6040	32
6041	11
6042	20
6043	13
6044	22
6045	17
6046	19
6047	23
6048	26
6049	18
6050	17
6051	17
6052	17
6053	23
6054	25
6055	24
6056	24
6057	19
6058	7
6059	13
6060	16
6061	15
6062	17
6063	15
6064	25
6065	21
6066	11
6067	26
6068	20
6069	20
6070	12
6071	17
6072	21
6073	12
6074	15
6075	23
6076	16
6077	21
6078	17
6079	15
6080	26
6081	15
6082	19
6083	18
6084	18
6085	24
6086	25
6087	20
6088	20
6089	31
6090	17
6091	28
6092	22
6093	15
6094	19
6095	13
6096	24
6097	21
6098	19
6099	21
6100	17
6101	22
6102	23
6103	16
6104	17
6105	18
6106	20
6107	20
6108	18
6109	21
6110	15
6111	16
6112	19
6113	22
6114	19
6115	14
6116	22
6117	19
6118	23
6119	20
6120	22
6121	20
6122	29
6123	17
6124	22
6125	21
6126	20
6127	21
6128	29
6129	24
6130	19
6131	19
6132	17
6133	16
6134	17
6135	28
6136	13
6137	19
6138	30
6139	17
6140	24
6141	16
6142	26
6143	21
6144	20
6145	23
6146	20
6147	12
6148	18
6149	18
6150	16
6151	21
6152	20
6153	13
6154	18
6155	19
6156	20
6157	22
6158	17
6159	22
6160	17
6161	16
6162	22
6163	24
6164	10
6165	17
6166	26
6167	23
6168	17
6169	20
6170	29
6171	23
6172	17
6173	27
6174	21
6175	29
6176	25
6177	23
6178	20
6179	29
6180	16
6181	17
6182	26
6183	26
6184	24
6185	20
6186	18
6187	18
6188	15
6189	18
6190	24
6191	28
6192	15
6193	17
6194	17
6195	19
6196	25
6197	19
6198	15
6199	23
6200	17
6201	21
6202	27
6203	21
6204	14
6205	19
6206	21
6207	16
6208	16
6209	13
6210	18
6211	13
6212	18
6213	15
6214	19
6215	21
6216	22
6217	12
6218	10
6219	19
6220	12
6221	17
6222	17
6223	29
6224	23
6225	22
6226	12
6227	19
6228	15
6229	23
6230	23
6231	23
6232	19
6233	20
6234	27
6235	15
6236	17
6237	9
6238	12
6239	18
6240	18
6241	12
6242	16
6243	19
6244	16
6245	27
6246	20
6247	11
6248	23
6249	21
6250	13
6251	16
6252	16
6253	19
6254	22
6255	12
6256	15
6257	17
6258	16
6259	18
6260	10
6261	18
6262	11
6263	14
6264	16
6265	20
6266	20
6267	16
6268	11
6269	12
6270	14
6271	16
6272	12
6273	20
6274	18
6275	22
6276	16
6277	15
6278	15
6279	18
6280	16
6281	14
6282	9
6283	16
6284	12
6285	12
6286	12
6287	21
6288	13
6289	20
6290	15
6291	13
6292	14
6293	23
6294	19
6295	19
6296	15
6297	13
6298	12
6299	13
6300	14
6301	13
6302	12
6303	15
6304	17
6305	12
6306	23
6307	19
6308	17
6309	17
6310	14
6311	12
6312	21
6313	17
6314	14
6315	16
6316	13
6317	17
6318	16
6319	17
6320	24
6321	12
6322	9
6323	10
6324	13
6325	13
6326	12
6327	12
6328	14
6329	10
6330	11
6331	14
6332	13
6333	10
6334	13
6335	17
6336	11
6337	12
6338	12
6339	18
6340	14
6341	14
6342	5
6343	11
6344	15
6345	5
6346	20
6347	23
6348	8
6349	10
6350	6
6351	14
6352	9
6353	4
6354	15
6355	5
6356	20
6357	9
6358	12
6359	6
6360	11
6361	10
6362	10
6363	16
6364	7
6365	18
6366	11
6367	12
6368	19
6369	8
6370	12
6371	8
6372	12
6373	12
6374	13
6375	14
6376	15
6377	15
6378	13
6379	11
6380	17
6381	11
6382	13
6383	8
6384	8
6385	12
6386	11
6387	9
6388	17
6389	13
6390	13
6391	15
6392	10
6393	16
6394	8
6395	12
6396	8
6397	14
6398	18
6399	17
6400	8
6401	13
6402	12
6403	10
6404	6
6405	9
6406	6
6407	12
6408	12
6409	14
6410	6
6411	15
6412	6
6413	6
6414	5
6415	10
6416	10
6417	6
6418	13
6419	15
6420	10
6421	11
6422	2
6423	14
6424	10
6425	12
6426	12
6427	11
6428	9
6429	6
6430	8
6431	6
6432	10
6433	10
6434	4
6435	13
6436	10
6437	5
6438	11
6439	8
6440	8
6441	9
6442	9
6443	7
6444	4
6445	6
6446	9
6447	7
6448	10
6449	4
6450	7
6451	11
6452	9
6453	8
6454	6
6455	5
6456	5
6457	17
6458	7
6459	9
6460	2
6461	10
6462	9
6463	7
6464	6
6465	8
6466	7
6467	5
6468	14
6469	9
6470	5
6471	7
6472	10
6473	4
6474	6
6475	15
6476	9
6477	5
6478	7
6479	7
6480	6
6481	5
6482	5
6483	9
6484	6
6485	8
6486	7
6487	5
6488	8
6489	6
6490	4
6491	5
6492	7
6493	9
6494	8
6495	7
6496	6
6497	6
6498	14
6499	6
6500	1
6501	2
6502	9
6503	6
6504	4
6505	4
6506	5
6507	6
6508	5
6509	5
6510	3
6511	3
6512	4
6513	7
6514	5
6515	6
6516	5
6517	7
6518	4
6519	7
6520	3
6521	3
6522	2
6523	6
6524	6
6525	5
6526	4
6527	7
6528	3
6529	3
6530	4
6531	4
6532	6
6533	6
6534	3
6535	2
6536	0
6537	7
6538	3
6539	7
6540	4
6541	3
6542	2
6543	7
6544	2
6545	4
6546	1
6547	5
6548	5
6549	6
6550	3
6551	3
6552	4
6553	6
6554	3
6555	8
6556	5
6557	2
6558	6
6559	3
6560	6
6561	5
6562	2
6563	4
6564	6
6565	6
6566	2
6567	4
6568	3
6569	3
6570	2
6571	3
6572	6
6573	4
6574	1
6575	4
6576	6
6577	3
6578	0
6579	8
6580	3
6581	2
6582	3
6583	7
6584	5
6585	6
6586	7
6587	9
6588	6
6589	3
6590	2
6591	3
6592	3
6593	6
6594	6
6595	4
6596	6
6597	4
6598	5
6599	2
6600	5
6601	3
6602	2
6603	11
6604	2
6605	2
6606	4
6607	4
6608	5
6609	6
6610	2
6611	2
6612	2
6613	5
6614	1
6615	0
6616	1
6617	1
6618	2
6619	4
6620	2
6621	3
6622	2
6623	2
6624	1
6625	6
6626	2
6627	3
6628	1
6629	2
6630	5
6631	3
6632	2
6633	2
6634	0
6635	6
6636	5
6637	4
6638	3
6639	4
6640	1
6641	1
6642	1
6643	1
6644	2
6645	3
6646	2
6647	5
6648	5
6649	5
6650	7
6651	6
6652	5
6653	3
6654	3
6655	5
6656	5
6657	2
6658	4
6659	5
6660	3
6661	4
6662	5
6663	1
6664	4
6665	0
6666	3
6667	4
6668	3
6669	7
6670	3
6671	4
6672	3
6673	1
6674	5
6675	7
6676	4
6677	4
6678	0
6679	3
6680	6
6681	4
6682	3
6683	3
6684	1
6685	2
6686	2
6687	1
6688	5
6689	2
6690	3
6691	5
6692	6
6693	3
6694	4
6695	0
6696	4
6697	1
6698	5
6699	2
6700	0
6701	0
6702	3
6703	3
6704	0
6705	4
6706	4
6707	4
6708	3
6709	2
6710	0
6711	9
6712	0
6713	4
6714	2
6715	1
6716	1
6717	2
6718	2
6719	2
6720	4
6721	2
6722	5
6723	1
6724	3
6725	4
6726	2
6727	5
6728	4
6729	0
6730	4
6731	3
6732	5
6733	2
6734	1
6735	3
6736	4
6737	4
6738	0
6739	3
6740	4
6741	2
6742	2
6743	2
6744	3
6745	5
6746	5
6747	0
6748	3
6749	2
6750	1
6751	2
6752	1
6753	1
6754	2
6755	1
6756	5
6757	2
6758	4
6759	3
6760	2
6761	5
6762	2
6763	4
6764	3
6765	3
6766	3
6767	1
6768	4
6769	2
6770	1
6771	2
6772	2
6773	2
6774	2
6775	1
6776	1
6777	1
6778	3
6779	2
6780	2
6781	2
6782	0
6783	0
6784	2
6785	4
6786	3
6787	3
6788	2
6789	3
6790	2
6791	1
6792	1
6793	0
6794	1
6795	3
6796	0
6797	2
6798	1
6799	0
6800	4
6801	4
6802	1
6803	1
6804	2
6805	1
6806	4
6807	4
6808	1
6809	3
6810	3
6811	4
6812	1
6813	1
6814	4
6815	2
6816	4
6817	1
6818	4
6819	3
6820	4
6821	2
6822	4
6823	1
6824	1
6825	4
6826	3
6827	0
6828	1
6829	1
6830	4
6831	0
6832	0
6833	3
6834	3
6835	2
6836	3
6837	1
6838	2
6839	3
6840	1
6841	2
6842	3
6843	0
6844	1
6845	1
6846	0
6847	1
6848	2
6849	2
6850	2
6851	1
6852	1
6853	2
6854	1
6855	3
6856	2
6857	2
6858	1
6859	1
6860	0
6861	0
6862	0
6863	3
6864	3
6865	2
6866	1
6867	1
6868	0
6869	3
6870	2
6871	1
6872	1
6873	2
6874	3
6875	1
6876	1
6877	2
6878	2
6879	0
6880	1
6881	1
6882	3
6883	4
6884	3
6885	1
6886	0
6887	4
6888	2
6889	2
6890	1
6891	2
6892	4
6893	1
6894	1
6895	0
6896	2
6897	2
6898	2
6899	1
6900	2
6901	3
6902	1
6903	5
6904	2
6905	2
6906	1
6907	2
6908	0
6909	5
6910	2
6911	1
6912	1
6913	3
6914	1
6915	0
6916	3
6917	1
6918	1
6919	3
6920	1
6921	1
6922	2
6923	3
6924	1
6925	4
6926	0
6927	0
6928	2
6929	0
6930	1
6931	1
6932	0
6933	1
6934	2
6935	1
6936	4
6937	0
6938	1
6939	1
6940	2
6941	1
6942	0
6943	1
6944	0
6945	0
6946	0
6947	0
6948	1
6949	2
6950	1
6951	2
6952	2
6953	0
6954	0
6955	1
6956	0
6957	2
6958	1
6959	0
6960	2
6961	1
6962	0
6963	1
6964	1
6965	3
6966	0
6967	1
6968	4
6969	0
6970	2
6971	1
6972	1
6973	2
6974	0
6975	1
6976	0
6977	0
6978	0
6979	2
6980	1
6981	0
6982	2
6983	3
6984	1
6985	0
6986	0
6987	3
6988	0
6989	0
6990	1
6991	2
6992	1
6993	2
6994	0
6995	2
6996	1
6997	1
6998	1
6999	1
7000	1
7001	1
7002	1
7003	1
7004	2
7005	2
7006	0
7007	2
7008	2
7009	3
7010	0
7011	0
7012	0
7013	0
7014	3
7015	1
7016	0
7017	0
7018	1
7019	1
7020	1
7021	1
7022	0
7023	0
7024	1
7025	1
7026	0
7027	2
7028	2
7029	1
7030	0
7031	0
7032	1
7033	1
7034	1
7035	1
7036	0
7037	0
7038	0
7039	2
7040	1
7041	1
7042	2
7043	0
7044	2
7045	4
7046	1
7047	1
7048	2
7049	2
7050	1
7051	1
7052	4
7053	2
7054	0
7055	0
7056	0
7057	1
7058	1
7059	0
7060	1
7061	0
7062	1
7063	1
7064	2
7065	1
7066	0
7067	0
7068	0
7069	3
7070	1
7071	1
7072	0
7073	1
7074	1
7075	2
7076	2
7077	2
7078	3
7079	1
7080	3
7081	1
7082	2
7083	0
7084	0
7085	0
7086	1
7087	0
7088	1
7089	0
7090	1
7091	0
7092	1
7093	1
7094	1
7095	1
7096	1
7097	0
7098	0
7099	2
7100	0
7101	0
7102	1
7103	1
7104	0
7105	3
7106	1
7107	1
7108	0
7109	4
7110	1
7111	2
7112	2
7113	0
7114	2
7115	0
7116	1
7117	3
7118	0
7119	0
7120	1
7121	1
7122	2
7123	1
7124	0
7125	0
7126	2
7127	0
7128	1
7129	2
7130	1
7131	1
7132	1
7133	3
7134	3
7135	0
7136	2
7137	2
7138	0
7139	4
7140	0
7141	2
7142	2
7143	1
7144	4
7145	1
7146	0
7147	1
7148	3
7149	1
7150	2
7151	1
7152	2
7153	1
7154	2
7155	0
7156	0
7157	1
7158	0
7159	0
7160	1
7161	0
7162	0
7163	0
7164	2
7165	1
7166	1
7167	1
7168	0
7169	0
7170	1
7171	0
7172	0
7173	0
7174	3
7175	0
7176	1
7177	1
7178	2
7179	1
7180	0
7181	1
7182	0
7183	1
7184	1
7185	1
7186	0
7187	2
7188	0
7189	0
7190	1
7191	0
7192	0
7193	0
7194	0
7195	1
7196	2
7197	1
7198	1
7199	1
7200	1
7201	1
7202	0
7203	3
7204	2
7205	1
7206	0
7207	0
7208	1
7209	0
7210	2
7211	2
7212	0
7213	0
7214	0
7215	1
7216	1
7217	0
7218	1
7219	1
7220	3
7221	0
7222	2
7223	0
7224	1
7225	1
7226	0
7227	1
7228	0
7229	1
7230	1
7231	2
7232	0
7233	1
7234	1
7235	1
7236	0
7237	2
7238	0
7239	1
7240	0
7241	0
7242	2
7243	2
7244	2
7245	0
7246	0
7247	2
7248	4
7249	2
7250	0
7251	2
7252	1
7253	0
7254	0
7255	2
7256	0
7257	0
7258	0
7259	0
7260	0
7261	2
7262	4
7263	1
7264	2
7265	0
7266	2
7267	0
7268	1
7269	0
7270	1
7271	2
7272	0
7273	2
7274	1
7275	1
7276	2
7277	0
7278	3
7279	1
7280	1
7281	1
7282	1
7283	2
7284	0
7285	0
7286	1
7287	1
7288	1
7289	1
7290	1
7291	1
7292	0
7293	1
7294	1
7295	1
7296	1
7297	1
7298	0
7299	0
7300	4
7301	1
7302	2
7303	1
7304	0
7305	0
7306	0
7307	2
7308	0
7309	1
7310	0
7311	3
7312	0
7313	1
7314	1
7315	1
7316	2
7317	0
7318	0
7319	0
7320	1
7321	1
7322	1
7323	3
7324	3
7325	0
7326	1
7327	2
7328	0
7329	0
7330	0
7331	1
7332	0
7333	2
7334	0
7335	0
7336	0
7337	1
7338	1
7339	1
7340	0
7341	2
7342	0
7343	0
7344	1
7345	0
7346	0
7347	1
7348	1
7349	1
7350	2
7351	0
7352	1
7353	1
7354	1
7355	3
7356	0
7357	2
7358	0
7359	1
7360	3
7361	0
7362	0
7363	0
7364	0
7365	1
7366	1
7367	1
7368	2
7369	1
7370	1
7371	3
7372	0
7373	0
7374	1
7375	1
7376	1
7377	0
7378	2
7379	1
7380	0
7381	1
7382	1
7383	1
7384	0
7385	0
7386	1
7387	0
7388	0
7389	2
7390	2
7391	0
7392	0
7393	2
7394	0
7395	2
7396	3
7397	1
7398	1
7399	0
7400	0
7401	1
7402	1
7403	2
7404	2
7405	0
7406	0
7407	0
7408	3
7409	0
7410	0
7411	1
7412	1
7413	2
7414	0
7415	1
7416	0
7417	2
7418	1
7419	0
7420	0
7421	0
7422	0
7423	1
7424	0
7425	0
7426	0
7427	1
7428	0
7429	1
7430	1
7431	0
7432	2
7433	1
7434	1
7435	2
7436	0
7437	0
7438	0
7439	0
7440	0
7441	3
7442	2
7443	2
7444	3
7445	2
7446	2
7447	1
7448	3
7449	0
7450	3
7451	1
7452	0
7453	1
7454	0
7455	1
7456	0
7457	1
7458	0
7459	0
7460	1
7461	3
7462	0
7463	2
7464	0
7465	0
7466	0
7467	0
7468	0
7469	1
7470	2
7471	1
7472	4
7473	0
7474	0
7475	1
7476	0
7477	1
7478	0
7479	0
7480	1
7481	1
7482	0
7483	0
7484	1
7485	0
7486	2
7487	0
7488	0
7489	0
7490	0
7491	2
7492	0
7493	0
7494	1
7495	0
7496	0
7497	0
7498	1
7499	2
7500	1
7501	0
7502	3
7503	0
7504	0
7505	0
7506	1
7507	0
7508	2
7509	1
7510	0
7511	0
7512	1
7513	2
7514	0
7515	3
7516	1
7517	0
7518	0
7519	1
7520	1
7521	0
7522	2
7523	0
7524	0
7525	1
7526	0
7527	1
7528	1
7529	2
7530	0
7531	0
7532	1
7533	1
7534	0
7535	1
7536	0
7537	0
7538	0
7539	1
7540	2
7541	2
7542	0
7543	2
7544	1
7545	1
7546	0
7547	0
7548	1
7549	0
7550	0
7551	0
7552	1
7553	0
7554	0
7555	0
7556	2
7557	1
7558	0
7559	1
7560	1
7561	1
7562	1
7563	1
7564	1
7565	0
7566	0
7567	2
7568	1
7569	0
7570	0
7571	1
7572	0
7573	0
7574	0
7575	0
7576	1
7577	1
7578	0
7579	2
7580	0
7581	2
7582	1
7583	1
7584	0
7585	0
7586	0
7587	0
7588	0
7589	2
7590	0
7591	2
7592	1
7593	2
7594	0
7595	0
7596	0
7597	1
7598	0
7599	0
7600	1
7601	1
7602	3
7603	1
7604	0
7605	0
7606	0
7607	1
7608	0
7609	0
7610	1
7611	1
7612	0
7613	2
7614	0
7615	0
7616	0
7617	0
7618	2
7619	1
7620	1
7621	0
7622	0
7623	0
7624	1
7625	1
7626	0
7627	0
7628	0
7629	3
7630	1
7631	1
7632	0
7633	0
7634	2
7635	2
7636	0
7637	1
7638	0
7639	0
7640	0
7641	0
7642	1
7643	0
7644	1
7645	0
7646	0
7647	1
7648	0
7649	1
7650	0
7651	0
7652	1
7653	1
7654	2
7655	2
7656	1
7657	0
7658	0
7659	0
7660	0
7661	2
7662	4
7663	0
7664	1
7665	1
7666	0
7667	1
7668	0
7669	0
7670	1
7671	0
7672	0
7673	0
7674	0
7675	0
7676	1
7677	1
7678	0
7679	2
7680	1
7681	0
7682	0
7683	0
7684	1
7685	0
7686	1
7687	0
7688	1
7689	0
7690	1
7691	0
7692	0
7693	2
7694	0
7695	0
7696	1
7697	0
7698	0
7699	1
7700	0
7701	0
7702	0
7703	0
7704	3
7705	1
7706	0
7707	0
7708	0
7709	0
7710	0
7711	0
7712	0
7713	0
7714	0
7715	1
7716	0
7717	0
7718	0
7719	1
7720	0
7721	1
7722	2
7723	0
7724	0
7725	1
7726	1
7727	1
7728	0
7729	1
7730	0
7731	0
7732	1
7733	0
7734	1
7735	0
7736	0
7737	0
7738	0
7739	1
7740	1
7741	0
7742	0
7743	0
7744	0
7745	1
7746	0
7747	1
7748	0
7749	0
7750	0
7751	0
7752	0
7753	2
7754	1
7755	1
7756	0
7757	2
7758	2
7759	1
7760	0
7761	1
7762	0
7763	2
7764	0
7765	0
7766	1
7767	0
7768	0
7769	1
7770	0
7771	1
7772	2
7773	1
7774	0
7775	0
7776	0
7777	0
7778	0
7779	1
7780	2
7781	0
7782	2
7783	0
7784	0
7785	4
7786	1
7787	0
7788	1
7789	0
7790	0
7791	1
7792	0
7793	0
7794	0
7795	1
7796	1
7797	0
7798	0
7799	2
7800	0
7801	1
7802	1
7803	0
7804	1
7805	0
7806	0
7807	0
7808	2
7809	1
7810	0
7811	1
7812	0
7813	0
7814	2
7815	2
7816	2
7817	0
7818	0
7819	0
7820	0
7821	0
7822	0
7823	1
7824	1
7825	0
7826	0
7827	1
7828	0
7829	0
7830	0
7831	0
7832	0
7833	0
7834	1
7835	0
7836	1
7837	2
7838	1
7839	0
7840	0
7841	0
7842	0
7843	0
7844	0
7845	4
7846	0
7847	0
7848	1
7849	3
7850	1
7851	1
7852	2
7853	1
7854	1
7855	0
7856	2
7857	1
7858	2
7859	1
7860	0
7861	1
7862	0
7863	2
7864	0
7865	0
7866	0
7867	0
7868	3
7869	0
7870	2
7871	0
7872	1
7873	1
7874	0
7875	0
7876	1
7877	1
7878	0
7879	2
7880	0
7881	0
7882	0
7883	0
7884	0
7885	0
7886	0
7887	2
7888	2
7889	1
7890	1
7891	1
7892	1
7893	0
7894	0
7895	0
7896	0
7897	0
7898	0
7899	0
7900	0
7901	1
7902	1
7903	1
7904	0
7905	0
7906	2
7907	0
7908	0
7909	0
7910	0
7911	2
7912	0
7913	1
7914	0
7915	1
7916	1
7917	1
7918	1
7919	0
7920	0
7921	0
7922	0
7923	2
7924	2
7925	0
7926	1
7927	0
7928	2
7929	1
7930	0
7931	1
7932	0
7933	1
7934	0
7935	0
7936	1
7937	0
7938	0
7939	2
7940	1
7941	0
7942	3
7943	0
7944	1
7945	0
7946	0
7947	0
7948	0
7949	2
7950	0
7951	0
7952	0
7953	0
7954	0
7955	0
7956	0
7957	0
7958	1
7959	1
7960	1
7961	1
7962	1
7963	0
7964	1
7965	0
7966	2
7967	0
7968	1
7969	0
7970	1
7971	1
7972	0
7973	0
7974	0
7975	1
7976	1
7977	0
7978	0
7979	0
7980	2
7981	1
7982	0
7983	0
7984	1
7985	1
7986	2
7987	0
7988	1
7989	2
7990	0
7991	0
7992	1
7993	0
7994	1
7995	2
7996	2
7997	1
7998	0
7999	0
8000	0
8001	2
8002	0
8003	0
8004	1
8005	0
8006	1
8007	0
8008	1
8009	1
8010	0
8011	1
8012	0
8013	0
8014	3
8015	1
8016	2
8017	1
8018	0
8019	1
8020	0
8021	2
8022	0
8023	1
8024	1
8025	0
8026	1
8027	0
8028	1
8029	0
8030	0
8031	0
8032	0
8033	0
8034	1
8035	0
8036	1
8037	3
8038	0
8039	0
8040	0
8041	0
8042	1
8043	0
8044	0
8045	0
8046	0
8047	0
8048	0
8049	1
8050	1
8051	0
8052	0
8053	1
8054	0
8055	1
8056	0
8057	3
8058	1
8059	0
8060	1
8061	2
8062	0
8063	3
8064	0
8065	0
8066	1
8067	0
8068	1
8069	1
8070	2
8071	1
8072	0
8073	0
8074	0
8075	1
8076	1
8077	0
8078	2
8079	1
8080	0
8081	0
8082	1
8083	1
8084	0
8085	1
8086	1
8087	1
8088	0
8089	0
8090	0
8091	2
8092	0
8093	0
8094	1
8095	0
8096	0
8097	0
8098	0
8099	1
8100	0
8101	1
8102	1
8103	0
8104	0
8105	0
8106	1
8107	1
8108	0
8109	0
8110	0
8111	0
8112	1
8113	0
8114	1
8115	2
8116	1
8117	1
8118	1
8119	0
8120	0
8121	0
8122	0
8123	0
8124	2
8125	0
8126	0
8127	0
8128	0
8129	0
8130	0
8131	1
8132	0
8133	0
8134	0
8135	0
8136	0
8137	0
8138	0
8139	0
8140	0
8141	0
8142	0
8143	0
8144	1
8145	0
8146	0
8147	0
8148	0
8149	0
8150	0
8151	0
8152	0
8153	0
8154	0
8155	0
8156	0
8157	0
8158	0
8159	0
8160	0
8161	0
8162	0
8163	0
8164	0
8165	0
8166	0
8167	0
8168	0
8169	0
8170	0
8171	0
8172	0
8173	0
8174	0
8175	0
8176	0
8177	0
8178	0
8179	0
8180	0
8181	0
8182	0
8183	0
8184	0
8185	0
8186	0
8187	0
8188	0
8189	0
8190	0
8191	0
