0	0
1	0
2	0
3	0
4	0
5	0
6	0
7	0
8	0
9	0
10	0
11	0
12	0
13	0
14	0
15	0
16	0
17	0
18	0
19	0
20	0
21	0
22	0
23	0
24	0
25	0
26	0
27	0
28	0
29	0
30	0
31	0
32	0
33	0
34	0
35	0
36	0
37	0
38	0
39	0
40	0
41	0
42	0
43	0
44	0
45	0
46	0
47	0
48	0
49	0
50	0
51	0
52	0
53	0
54	0
55	0
56	0
57	0
58	0
59	0
60	0
61	0
62	0
63	0
64	0
65	0
66	0
67	0
68	0
69	0
70	0
71	0
72	0
73	0
74	0
75	0
76	0
77	0
78	0
79	0
80	0
81	0
82	0
83	0
84	0
85	0
86	0
87	0
88	0
89	0
90	0
91	0
92	0
93	0
94	0
95	0
96	0
97	0
98	0
99	0
100	0
101	0
102	0
103	0
104	0
105	0
106	0
107	0
108	0
109	0
110	0
111	0
112	0
113	0
114	0
115	0
116	0
117	0
118	0
119	0
120	0
121	0
122	0
123	0
124	0
125	0
126	0
127	0
128	0
129	0
130	0
131	0
132	0
133	0
134	0
135	0
136	0
137	0
138	0
139	0
140	0
141	0
142	0
143	0
144	0
145	0
146	0
147	0
148	0
149	0
150	0
151	0
152	0
153	0
154	0
155	0
156	0
157	0
158	0
159	0
160	0
161	0
162	0
163	0
164	0
165	0
166	0
167	0
168	0
169	0
170	0
171	0
172	0
173	0
174	0
175	0
176	0
177	0
178	0
179	0
180	0
181	0
182	0
183	0
184	0
185	0
186	0
187	0
188	0
189	0
190	0
191	0
192	0
193	0
194	0
195	0
196	0
197	0
198	0
199	0
200	0
201	0
202	0
203	0
204	0
205	0
206	0
207	0
208	0
209	0
210	0
211	0
212	0
213	0
214	0
215	0
216	0
217	0
218	0
219	0
220	0
221	0
222	0
223	0
224	0
225	0
226	0
227	0
228	0
229	0
230	0
231	0
232	0
233	0
234	0
235	0
236	0
237	0
238	0
239	0
240	0
241	0
242	1
243	0
244	0
245	0
246	0
247	0
248	0
249	0
250	0
251	0
252	0
253	0
254	0
255	0
256	0
257	0
258	0
259	0
260	0
261	0
262	0
263	0
264	0
265	0
266	0
267	0
268	0
269	0
270	0
271	0
272	0
273	0
274	0
275	0
276	0
277	0
278	0
279	0
280	0
281	0
282	0
283	0
284	0
285	0
286	0
287	0
288	0
289	0
290	0
291	0
292	0
293	0
294	0
295	0
296	0
297	0
298	0
299	0
300	0
301	0
302	0
303	0
304	0
305	0
306	0
307	0
308	0
309	0
310	0
311	1
312	0
313	0
314	0
315	0
316	0
317	0
318	0
319	0
320	0
321	0
322	0
323	0
324	0
325	0
326	0
327	0
328	0
329	0
330	0
331	0
332	0
333	0
334	0
335	0
336	0
337	0
338	0
339	0
340	0
341	0
342	0
343	0
344	0
345	0
346	0
347	0
348	0
349	0
350	0
351	0
352	0
353	0
354	0
355	0
356	0
357	0
358	0
359	0
360	0
361	0
362	0
363	0
364	0
365	0
366	0
367	0
368	0
369	0
370	0
371	0
372	0
373	0
374	0
375	0
376	0
377	0
378	0
379	0
380	0
381	0
382	0
383	0
384	0
385	0
386	0
387	0
388	0
389	0
390	0
391	0
392	0
393	0
394	0
395	0
396	0
397	0
398	0
399	0
400	0
401	0
402	0
403	0
404	0
405	0
406	0
407	0
408	0
409	0
410	0
411	0
412	0
413	0
414	0
415	0
416	0
417	0
418	0
419	0
420	0
421	0
422	0
423	0
424	0
425	0
426	0
427	0
428	0
429	0
430	0
431	0
432	0
433	0
434	0
435	0
436	0
437	0
438	0
439	0
440	0
441	0
442	0
443	0
444	0
445	0
446	0
447	0
448	0
449	0
450	0
451	0
452	0
453	0
454	0
455	0
456	0
457	0
458	0
459	0
460	0
461	0
462	0
463	0
464	0
465	0
466	0
467	0
468	0
469	0
470	0
471	0
472	0
473	0
474	0
475	0
476	0
477	0
478	0
479	0
480	0
481	0
482	0
483	0
484	0
485	0
486	0
487	0
488	0
489	0
490	0
491	0
492	0
493	0
494	0
495	0
496	0
497	0
498	0
499	0
500	0
501	0
502	0
503	0
504	0
505	0
506	0
507	0
508	0
509	0
510	0
511	0
512	0
513	0
514	0
515	0
516	0
517	0
518	0
519	0
520	0
521	0
522	0
523	0
524	0
525	0
526	0
527	0
528	0
529	0
530	0
531	0
532	0
533	0
534	0
535	0
536	0
537	0
538	0
539	0
540	0
541	0
542	0
543	0
544	0
545	0
546	0
547	0
548	0
549	0
550	0
551	0
552	0
553	0
554	0
555	0
556	0
557	0
558	0
559	0
560	0
561	0
562	0
563	0
564	0
565	0
566	0
567	0
568	0
569	0
570	0
571	0
572	0
573	0
574	0
575	0
576	0
577	0
578	0
579	0
580	0
581	0
582	0
583	0
584	0
585	0
586	0
587	0
588	0
589	0
590	0
591	0
592	0
593	0
594	0
595	0
596	0
597	0
598	0
599	0
600	0
601	0
602	0
603	0
604	0
605	0
606	0
607	0
608	0
609	0
610	0
611	0
612	0
613	0
614	0
615	0
616	0
617	0
618	0
619	0
620	0
621	0
622	0
623	0
624	0
625	0
626	0
627	0
628	0
629	0
630	0
631	0
632	0
633	0
634	0
635	0
636	0
637	0
638	0
639	0
640	0
641	0
642	0
643	0
644	0
645	0
646	0
647	0
648	0
649	0
650	0
651	0
652	0
653	0
654	0
655	0
656	0
657	0
658	0
659	0
660	0
661	0
662	0
663	0
664	0
665	0
666	0
667	0
668	0
669	0
670	0
671	0
672	0
673	0
674	0
675	0
676	0
677	0
678	0
679	0
680	0
681	0
682	0
683	0
684	0
685	0
686	0
687	0
688	0
689	0
690	0
691	0
692	0
693	0
694	0
695	0
696	0
697	0
698	0
699	0
700	0
701	0
702	0
703	0
704	0
705	0
706	0
707	0
708	0
709	0
710	0
711	0
712	0
713	0
714	0
715	0
716	0
717	0
718	0
719	0
720	0
721	0
722	0
723	0
724	0
725	0
726	0
727	0
728	0
729	0
730	0
731	0
732	0
733	0
734	0
735	0
736	0
737	0
738	0
739	0
740	0
741	0
742	0
743	0
744	0
745	0
746	0
747	0
748	0
749	0
750	0
751	0
752	0
753	0
754	0
755	0
756	0
757	0
758	0
759	0
760	0
761	0
762	0
763	0
764	0
765	0
766	0
767	0
768	0
769	0
770	0
771	0
772	0
773	0
774	0
775	0
776	0
777	0
778	0
779	0
780	0
781	0
782	0
783	0
784	0
785	0
786	0
787	0
788	0
789	0
790	0
791	0
792	0
793	0
794	0
795	0
796	0
797	0
798	0
799	0
800	0
801	0
802	0
803	0
804	0
805	0
806	0
807	0
808	0
809	0
810	0
811	0
812	0
813	0
814	0
815	0
816	0
817	0
818	0
819	0
820	0
821	0
822	0
823	0
824	0
825	0
826	0
827	0
828	0
829	0
830	0
831	0
832	0
833	0
834	0
835	0
836	0
837	0
838	0
839	0
840	0
841	0
842	0
843	0
844	0
845	0
846	0
847	0
848	0
849	0
850	0
851	0
852	0
853	0
854	0
855	0
856	0
857	0
858	0
859	0
860	0
861	0
862	0
863	0
864	0
865	0
866	0
867	0
868	0
869	0
870	0
871	0
872	0
873	0
874	0
875	0
876	0
877	0
878	0
879	0
880	0
881	0
882	0
883	0
884	0
885	0
886	0
887	0
888	0
889	0
890	0
891	0
892	0
893	0
894	0
895	0
896	0
897	0
898	0
899	0
900	0
901	0
902	0
903	0
904	0
905	0
906	0
907	0
908	0
909	0
910	0
911	0
912	0
913	0
914	0
915	0
916	0
917	0
918	0
919	0
920	0
921	0
922	0
923	0
924	0
925	0
926	0
927	1
928	0
929	0
930	0
931	0
932	0
933	0
934	0
935	0
936	0
937	0
938	0
939	0
940	0
941	0
942	0
943	0
944	0
945	0
946	0
947	0
948	0
949	0
950	0
951	0
952	0
953	0
954	0
955	0
956	0
957	0
958	0
959	0
960	0
961	0
962	0
963	0
964	0
965	0
966	0
967	0
968	0
969	0
970	0
971	0
972	0
973	0
974	0
975	0
976	0
977	0
978	0
979	0
980	0
981	0
982	0
983	0
984	0
985	0
986	0
987	0
988	0
989	0
990	0
991	0
992	0
993	0
994	0
995	0
996	0
997	0
998	0
999	0
1000	0
1001	0
1002	0
1003	0
1004	0
1005	0
1006	0
1007	0
1008	0
1009	0
1010	0
1011	0
1012	0
1013	0
1014	0
1015	0
1016	0
1017	0
1018	0
1019	0
1020	0
1021	0
1022	0
1023	0
1024	0
1025	0
1026	0
1027	0
1028	0
1029	0
1030	0
1031	0
1032	0
1033	0
1034	0
1035	0
1036	0
1037	0
1038	0
1039	0
1040	0
1041	0
1042	0
1043	0
1044	0
1045	0
1046	0
1047	0
1048	0
1049	0
1050	0
1051	0
1052	0
1053	0
1054	0
1055	0
1056	0
1057	0
1058	0
1059	0
1060	0
1061	0
1062	0
1063	0
1064	0
1065	0
1066	0
1067	0
1068	0
1069	0
1070	0
1071	0
1072	0
1073	0
1074	0
1075	0
1076	0
1077	0
1078	0
1079	0
1080	0
1081	0
1082	0
1083	0
1084	0
1085	0
1086	0
1087	0
1088	0
1089	0
1090	0
1091	0
1092	0
1093	0
1094	0
1095	0
1096	0
1097	0
1098	0
1099	0
1100	0
1101	0
1102	0
1103	0
1104	0
1105	0
1106	0
1107	0
1108	0
1109	0
1110	0
1111	0
1112	0
1113	0
1114	0
1115	0
1116	0
1117	0
1118	0
1119	0
1120	0
1121	0
1122	0
1123	0
1124	0
1125	0
1126	0
1127	0
1128	0
1129	0
1130	0
1131	0
1132	0
1133	0
1134	0
1135	0
1136	0
1137	0
1138	0
1139	0
1140	0
1141	0
1142	0
1143	0
1144	0
1145	0
1146	0
1147	0
1148	0
1149	0
1150	0
1151	0
1152	0
1153	0
1154	0
1155	0
1156	0
1157	0
1158	0
1159	0
1160	0
1161	0
1162	0
1163	0
1164	0
1165	0
1166	0
1167	0
1168	0
1169	0
1170	0
1171	0
1172	0
1173	0
1174	0
1175	0
1176	0
1177	0
1178	0
1179	0
1180	0
1181	0
1182	0
1183	0
1184	0
1185	0
1186	0
1187	0
1188	0
1189	0
1190	0
1191	0
1192	0
1193	0
1194	0
1195	0
1196	0
1197	0
1198	0
1199	0
1200	0
1201	0
1202	0
1203	0
1204	0
1205	0
1206	0
1207	0
1208	0
1209	0
1210	0
1211	0
1212	0
1213	0
1214	0
1215	0
1216	0
1217	0
1218	0
1219	0
1220	0
1221	0
1222	0
1223	0
1224	0
1225	0
1226	0
1227	0
1228	0
1229	0
1230	0
1231	0
1232	0
1233	0
1234	0
1235	0
1236	0
1237	0
1238	0
1239	0
1240	0
1241	0
1242	0
1243	0
1244	0
1245	0
1246	0
1247	0
1248	0
1249	0
1250	0
1251	0
1252	0
1253	0
1254	0
1255	0
1256	0
1257	0
1258	0
1259	0
1260	0
1261	0
1262	0
1263	0
1264	0
1265	0
1266	0
1267	0
1268	0
1269	0
1270	0
1271	0
1272	0
1273	0
1274	1
1275	0
1276	0
1277	0
1278	0
1279	0
1280	0
1281	0
1282	0
1283	0
1284	0
1285	0
1286	0
1287	0
1288	0
1289	0
1290	0
1291	0
1292	0
1293	0
1294	0
1295	0
1296	0
1297	0
1298	0
1299	0
1300	0
1301	0
1302	0
1303	0
1304	0
1305	0
1306	0
1307	0
1308	0
1309	0
1310	0
1311	0
1312	0
1313	0
1314	0
1315	0
1316	0
1317	0
1318	0
1319	0
1320	0
1321	0
1322	0
1323	0
1324	0
1325	0
1326	0
1327	0
1328	0
1329	0
1330	0
1331	0
1332	0
1333	0
1334	0
1335	0
1336	0
1337	0
1338	0
1339	0
1340	0
1341	0
1342	0
1343	0
1344	0
1345	0
1346	0
1347	0
1348	0
1349	0
1350	0
1351	0
1352	0
1353	0
1354	0
1355	0
1356	0
1357	0
1358	0
1359	0
1360	0
1361	0
1362	0
1363	0
1364	0
1365	0
1366	0
1367	0
1368	0
1369	0
1370	0
1371	0
1372	0
1373	0
1374	0
1375	0
1376	0
1377	0
1378	0
1379	0
1380	0
1381	0
1382	0
1383	0
1384	0
1385	0
1386	0
1387	0
1388	0
1389	0
1390	0
1391	0
1392	0
1393	0
1394	0
1395	0
1396	0
1397	0
1398	0
1399	0
1400	0
1401	0
1402	0
1403	0
1404	0
1405	0
1406	0
1407	0
1408	0
1409	0
1410	0
1411	0
1412	0
1413	0
1414	0
1415	0
1416	0
1417	0
1418	0
1419	0
1420	0
1421	0
1422	0
1423	0
1424	0
1425	0
1426	0
1427	0
1428	0
1429	0
1430	0
1431	0
1432	0
1433	0
1434	0
1435	0
1436	0
1437	0
1438	0
1439	0
1440	0
1441	0
1442	0
1443	0
1444	0
1445	0
1446	0
1447	0
1448	0
1449	0
1450	0
1451	0
1452	0
1453	0
1454	0
1455	0
1456	0
1457	0
1458	0
1459	0
1460	0
1461	0
1462	0
1463	0
1464	0
1465	0
1466	0
1467	0
1468	0
1469	0
1470	0
1471	0
1472	0
1473	0
1474	0
1475	0
1476	0
1477	0
1478	0
1479	0
1480	0
1481	0
1482	0
1483	0
1484	0
1485	0
1486	0
1487	0
1488	0
1489	0
1490	0
1491	0
1492	0
1493	0
1494	0
1495	0
1496	0
1497	0
1498	0
1499	0
1500	0
1501	0
1502	0
1503	0
1504	0
1505	0
1506	0
1507	0
1508	0
1509	0
1510	0
1511	0
1512	0
1513	0
1514	0
1515	0
1516	0
1517	0
1518	0
1519	0
1520	0
1521	0
1522	0
1523	0
1524	0
1525	0
1526	0
1527	0
1528	0
1529	0
1530	0
1531	0
1532	0
1533	0
1534	0
1535	0
1536	0
1537	0
1538	0
1539	0
1540	0
1541	0
1542	0
1543	0
1544	0
1545	0
1546	0
1547	0
1548	0
1549	0
1550	0
1551	0
1552	0
1553	0
1554	0
1555	0
1556	0
1557	0
1558	0
1559	0
1560	0
1561	0
1562	0
1563	0
1564	0
1565	0
1566	0
1567	0
1568	0
1569	0
1570	0
1571	0
1572	0
1573	0
1574	0
1575	0
1576	0
1577	0
1578	0
1579	0
1580	0
1581	0
1582	0
1583	0
1584	0
1585	0
1586	0
1587	0
1588	0
1589	0
1590	0
1591	0
1592	0
1593	0
1594	0
1595	0
1596	0
1597	0
1598	0
1599	0
1600	0
1601	0
1602	1
1603	0
1604	0
1605	0
1606	0
1607	0
1608	0
1609	0
1610	0
1611	0
1612	0
1613	0
1614	0
1615	0
1616	0
1617	0
1618	0
1619	0
1620	0
1621	0
1622	0
1623	0
1624	0
1625	0
1626	0
1627	0
1628	0
1629	0
1630	0
1631	0
1632	0
1633	0
1634	0
1635	0
1636	0
1637	0
1638	0
1639	0
1640	0
1641	0
1642	0
1643	0
1644	0
1645	0
1646	0
1647	0
1648	0
1649	0
1650	0
1651	0
1652	0
1653	0
1654	0
1655	0
1656	0
1657	0
1658	0
1659	0
1660	0
1661	0
1662	0
1663	0
1664	0
1665	0
1666	0
1667	0
1668	0
1669	0
1670	0
1671	0
1672	0
1673	1
1674	0
1675	0
1676	0
1677	0
1678	0
1679	0
1680	0
1681	0
1682	0
1683	0
1684	0
1685	0
1686	0
1687	0
1688	0
1689	0
1690	0
1691	0
1692	0
1693	0
1694	0
1695	0
1696	0
1697	0
1698	0
1699	0
1700	0
1701	0
1702	0
1703	0
1704	0
1705	0
1706	0
1707	0
1708	0
1709	0
1710	0
1711	0
1712	1
1713	0
1714	0
1715	0
1716	0
1717	0
1718	0
1719	0
1720	0
1721	0
1722	0
1723	0
1724	1
1725	0
1726	0
1727	0
1728	0
1729	0
1730	0
1731	0
1732	0
1733	0
1734	0
1735	0
1736	0
1737	0
1738	0
1739	0
1740	1
1741	0
1742	0
1743	0
1744	0
1745	0
1746	0
1747	0
1748	1
1749	0
1750	0
1751	0
1752	0
1753	0
1754	0
1755	0
1756	0
1757	0
1758	0
1759	1
1760	0
1761	0
1762	0
1763	1
1764	0
1765	0
1766	1
1767	0
1768	0
1769	0
1770	0
1771	0
1772	2
1773	0
1774	0
1775	0
1776	0
1777	1
1778	0
1779	0
1780	0
1781	0
1782	0
1783	1
1784	0
1785	0
1786	0
1787	0
1788	0
1789	1
1790	0
1791	0
1792	0
1793	0
1794	1
1795	0
1796	0
1797	0
1798	0
1799	0
1800	0
1801	0
1802	0
1803	0
1804	1
1805	0
1806	0
1807	0
1808	1
1809	0
1810	1
1811	1
1812	0
1813	0
1814	1
1815	1
1816	3
1817	0
1818	1
1819	1
1820	0
1821	2
1822	0
1823	0
1824	1
1825	1
1826	2
1827	3
1828	2
1829	2
1830	2
1831	0
1832	1
1833	0
1834	1
1835	2
1836	0
1837	1
1838	0
1839	2
1840	1
1841	1
1842	0
1843	4
1844	1
1845	1
1846	3
1847	0
1848	5
1849	0
1850	0
1851	1
1852	0
1853	3
1854	5
1855	1
1856	3
1857	3
1858	2
1859	1
1860	1
1861	1
1862	3
1863	0
1864	3
1865	3
1866	0
1867	4
1868	7
1869	1
1870	4
1871	1
1872	2
1873	3
1874	2
1875	0
1876	3
1877	2
1878	1
1879	1
1880	2
1881	3
1882	4
1883	2
1884	7
1885	1
1886	4
1887	3
1888	1
1889	5
1890	1
1891	8
1892	5
1893	7
1894	6
1895	4
1896	5
1897	10
1898	2
1899	5
1900	8
1901	6
1902	4
1903	3
1904	4
1905	4
1906	5
1907	4
1908	6
1909	3
1910	4
1911	8
1912	3
1913	5
1914	8
1915	3
1916	5
1917	7
1918	10
1919	7
1920	8
1921	10
1922	7
1923	8
1924	11
1925	10
1926	6
1927	10
1928	5
1929	12
1930	4
1931	10
1932	12
1933	8
1934	9
1935	11
1936	11
1937	5
1938	6
1939	11
1940	9
1941	8
1942	13
1943	11
1944	7
1945	11
1946	16
1947	14
1948	12
1949	13
1950	9
1951	7
1952	6
1953	19
1954	13
1955	10
1956	14
1957	18
1958	6
1959	12
1960	10
1961	13
1962	15
1963	12
1964	13
1965	15
1966	17
1967	17
1968	21
1969	12
1970	8
1971	15
1972	12
1973	14
1974	21
1975	17
1976	22
1977	15
1978	16
1979	11
1980	16
1981	16
1982	6
1983	14
1984	10
1985	20
1986	20
1987	20
1988	19
1989	22
1990	18
1991	22
1992	19
1993	19
1994	20
1995	19
1996	22
1997	17
1998	17
1999	14
2000	19
2001	24
2002	17
2003	30
2004	13
2005	25
2006	27
2007	24
2008	18
2009	25
2010	18
2011	23
2012	23
2013	18
2014	26
2015	24
2016	13
2017	16
2018	18
2019	31
2020	17
2021	20
2022	27
2023	25
2024	23
2025	19
2026	22
2027	23
2028	24
2029	22
2030	33
2031	22
2032	23
2033	23
2034	19
2035	24
2036	25
2037	23
2038	25
2039	30
2040	25
2041	29
2042	25
2043	35
2044	27
2045	33
2046	31
2047	26
2048	23
2049	35
2050	43
2051	26
2052	33
2053	20
2054	38
2055	22
2056	19
2057	22
2058	32
2059	28
2060	21
2061	34
2062	28
2063	32
2064	27
2065	21
2066	25
2067	26
2068	34
2069	28
2070	40
2071	34
2072	35
2073	28
2074	26
2075	43
2076	25
2077	32
2078	26
2079	28
2080	38
2081	20
2082	22
2083	18
2084	35
2085	46
2086	26
2087	31
2088	25
2089	35
2090	29
2091	44
2092	29
2093	28
2094	33
2095	35
2096	29
2097	24
2098	31
2099	46
2100	37
2101	20
2102	35
2103	24
2104	33
2105	33
2106	21
2107	23
2108	34
2109	28
2110	40
2111	28
2112	31
2113	35
2114	32
2115	31
2116	25
2117	22
2118	30
2119	21
2120	29
2121	33
2122	34
2123	36
2124	28
2125	25
2126	44
2127	26
2128	36
2129	19
2130	49
2131	31
2132	32
2133	31
2134	29
2135	21
2136	31
2137	31
2138	34
2139	32
2140	32
2141	31
2142	28
2143	29
2144	28
2145	27
2146	32
2147	20
2148	27
2149	29
2150	20
2151	29
2152	35
2153	18
2154	23
2155	30
2156	22
2157	28
2158	26
2159	22
2160	32
2161	30
2162	26
2163	24
2164	18
2165	27
2166	25
2167	17
2168	22
2169	22
2170	18
2171	20
2172	19
2173	23
2174	15
2175	21
2176	23
2177	27
2178	22
2179	17
2180	23
2181	26
2182	20
2183	31
2184	15
2185	21
2186	17
2187	18
2188	23
2189	26
2190	21
2191	17
2192	24
2193	17
2194	27
2195	22
2196	19
2197	20
2198	21
2199	27
2200	19
2201	20
2202	22
2203	13
2204	18
2205	20
2206	18
2207	16
2208	9
2209	20
2210	14
2211	22
2212	14
2213	15
2214	9
2215	18
2216	15
2217	16
2218	18
2219	14
2220	12
2221	17
2222	15
2223	18
2224	10
2225	12
2226	23
2227	8
2228	13
2229	14
2230	11
2231	13
2232	16
2233	11
2234	10
2235	18
2236	11
2237	9
2238	13
2239	11
2240	12
2241	12
2242	9
2243	6
2244	3
2245	10
2246	18
2247	9
2248	15
2249	11
2250	10
2251	4
2252	10
2253	11
2254	12
2255	8
2256	10
2257	6
2258	12
2259	7
2260	6
2261	8
2262	5
2263	9
2264	5
2265	15
2266	6
2267	5
2268	10
2269	8
2270	10
2271	6
2272	5
2273	8
2274	5
2275	7
2276	13
2277	5
2278	7
2279	3
2280	12
2281	7
2282	8
2283	6
2284	9
2285	12
2286	7
2287	6
2288	2
2289	3
2290	9
2291	5
2292	6
2293	3
2294	3
2295	5
2296	5
2297	6
2298	4
2299	4
2300	5
2301	1
2302	6
2303	10
2304	6
2305	4
2306	4
2307	4
2308	3
2309	2
2310	5
2311	3
2312	4
2313	3
2314	2
2315	3
2316	4
2317	2
2318	3
2319	2
2320	6
2321	4
2322	1
2323	5
2324	1
2325	4
2326	2
2327	6
2328	3
2329	2
2330	1
2331	1
2332	0
2333	2
2334	2
2335	2
2336	1
2337	4
2338	0
2339	8
2340	2
2341	4
2342	5
2343	3
2344	4
2345	1
2346	2
2347	1
2348	2
2349	0
2350	2
2351	2
2352	1
2353	2
2354	1
2355	3
2356	3
2357	0
2358	2
2359	0
2360	0
2361	1
2362	0
2363	1
2364	2
2365	0
2366	0
2367	0
2368	2
2369	0
2370	0
2371	3
2372	1
2373	0
2374	1
2375	1
2376	3
2377	1
2378	1
2379	1
2380	1
2381	1
2382	1
2383	0
2384	1
2385	0
2386	0
2387	0
2388	0
2389	0
2390	1
2391	2
2392	1
2393	0
2394	3
2395	1
2396	1
2397	2
2398	0
2399	1
2400	1
2401	1
2402	2
2403	0
2404	0
2405	1
2406	0
2407	0
2408	2
2409	1
2410	0
2411	0
2412	1
2413	0
2414	1
2415	1
2416	0
2417	0
2418	0
2419	0
2420	0
2421	0
2422	0
2423	0
2424	1
2425	1
2426	0
2427	1
2428	0
2429	0
2430	0
2431	0
2432	0
2433	0
2434	0
2435	0
2436	0
2437	0
2438	0
2439	0
2440	0
2441	1
2442	0
2443	0
2444	2
2445	0
2446	0
2447	0
2448	1
2449	0
2450	1
2451	0
2452	0
2453	0
2454	0
2455	0
2456	0
2457	0
2458	0
2459	0
2460	0
2461	0
2462	0
2463	0
2464	3
2465	0
2466	0
2467	0
2468	0
2469	1
2470	0
2471	0
2472	0
2473	0
2474	0
2475	0
2476	0
2477	0
2478	0
2479	1
2480	0
2481	0
2482	0
2483	0
2484	0
2485	0
2486	0
2487	0
2488	0
2489	0
2490	0
2491	0
2492	0
2493	0
2494	0
2495	0
2496	0
2497	0
2498	0
2499	0
2500	0
2501	0
2502	0
2503	0
2504	0
2505	0
2506	0
2507	0
2508	0
2509	0
2510	0
2511	0
2512	1
2513	0
2514	0
2515	0
2516	0
2517	0
2518	0
2519	0
2520	0
2521	0
2522	0
2523	0
2524	0
2525	0
2526	0
2527	0
2528	0
2529	0
2530	0
2531	0
2532	0
2533	0
2534	0
2535	0
2536	1
2537	0
2538	0
2539	0
2540	0
2541	0
2542	0
2543	0
2544	0
2545	0
2546	0
2547	0
2548	0
2549	0
2550	0
2551	0
2552	0
2553	0
2554	0
2555	0
2556	0
2557	0
2558	1
2559	0
2560	0
2561	0
2562	0
2563	0
2564	0
2565	0
2566	0
2567	0
2568	0
2569	0
2570	0
2571	0
2572	0
2573	0
2574	0
2575	0
2576	0
2577	0
2578	0
2579	1
2580	0
2581	0
2582	0
2583	0
2584	0
2585	0
2586	0
2587	0
2588	0
2589	0
2590	0
2591	0
2592	0
2593	0
2594	0
2595	0
2596	0
2597	0
2598	0
2599	0
2600	0
2601	0
2602	0
2603	0
2604	0
2605	0
2606	0
2607	0
2608	0
2609	0
2610	1
2611	0
2612	0
2613	2
2614	0
2615	0
2616	0
2617	0
2618	0
2619	0
2620	0
2621	0
2622	0
2623	0
2624	0
2625	0
2626	0
2627	0
2628	0
2629	0
2630	0
2631	0
2632	0
2633	0
2634	0
2635	0
2636	0
2637	0
2638	0
2639	1
2640	0
2641	0
2642	0
2643	0
2644	0
2645	0
2646	0
2647	0
2648	0
2649	0
2650	0
2651	0
2652	0
2653	0
2654	0
2655	0
2656	0
2657	0
2658	0
2659	0
2660	0
2661	0
2662	0
2663	0
2664	0
2665	0
2666	0
2667	0
2668	0
2669	0
2670	0
2671	0
2672	0
2673	0
2674	0
2675	0
2676	0
2677	0
2678	0
2679	0
2680	0
2681	0
2682	0
2683	0
2684	0
2685	0
2686	0
2687	0
2688	0
2689	0
2690	0
2691	0
2692	0
2693	0
2694	0
2695	0
2696	0
2697	0
2698	0
2699	0
2700	1
2701	0
2702	0
2703	0
2704	0
2705	0
2706	0
2707	0
2708	0
2709	0
2710	0
2711	0
2712	0
2713	0
2714	0
2715	0
2716	0
2717	0
2718	0
2719	0
2720	0
2721	0
2722	0
2723	0
2724	0
2725	0
2726	0
2727	0
2728	0
2729	0
2730	0
2731	0
2732	0
2733	0
2734	1
2735	0
2736	0
2737	0
2738	0
2739	0
2740	0
2741	0
2742	0
2743	0
2744	0
2745	0
2746	0
2747	0
2748	1
2749	0
2750	0
2751	0
2752	0
2753	0
2754	0
2755	0
2756	0
2757	0
2758	0
2759	0
2760	0
2761	0
2762	0
2763	0
2764	0
2765	0
2766	0
2767	0
2768	0
2769	0
2770	0
2771	0
2772	0
2773	0
2774	0
2775	0
2776	0
2777	0
2778	0
2779	0
2780	0
2781	0
2782	0
2783	0
2784	0
2785	0
2786	0
2787	0
2788	0
2789	0
2790	0
2791	0
2792	0
2793	0
2794	0
2795	0
2796	0
2797	0
2798	0
2799	0
2800	0
2801	0
2802	0
2803	0
2804	0
2805	0
2806	0
2807	0
2808	0
2809	0
2810	0
2811	0
2812	0
2813	0
2814	0
2815	0
2816	0
2817	0
2818	0
2819	0
2820	0
2821	0
2822	0
2823	0
2824	0
2825	0
2826	0
2827	0
2828	0
2829	0
2830	0
2831	0
2832	0
2833	0
2834	0
2835	0
2836	0
2837	0
2838	0
2839	0
2840	0
2841	0
2842	0
2843	0
2844	0
2845	0
2846	0
2847	0
2848	0
2849	0
2850	0
2851	0
2852	0
2853	0
2854	0
2855	0
2856	0
2857	0
2858	0
2859	0
2860	0
2861	0
2862	0
2863	0
2864	0
2865	0
2866	0
2867	0
2868	0
2869	0
2870	0
2871	0
2872	0
2873	0
2874	0
2875	1
2876	0
2877	0
2878	0
2879	0
2880	0
2881	0
2882	0
2883	0
2884	0
2885	1
2886	0
2887	0
2888	0
2889	0
2890	0
2891	0
2892	0
2893	0
2894	0
2895	0
2896	0
2897	0
2898	0
2899	0
2900	0
2901	0
2902	0
2903	0
2904	0
2905	0
2906	0
2907	0
2908	0
2909	0
2910	0
2911	0
2912	1
2913	0
2914	0
2915	0
2916	0
2917	1
2918	0
2919	0
2920	0
2921	0
2922	0
2923	0
2924	0
2925	0
2926	0
2927	0
2928	0
2929	0
2930	0
2931	0
2932	0
2933	0
2934	0
2935	0
2936	0
2937	0
2938	0
2939	0
2940	0
2941	0
2942	0
2943	1
2944	0
2945	0
2946	0
2947	0
2948	0
2949	0
2950	0
2951	0
2952	0
2953	0
2954	0
2955	0
2956	0
2957	0
2958	0
2959	0
2960	1
2961	1
2962	0
2963	0
2964	0
2965	1
2966	0
2967	0
2968	0
2969	0
2970	0
2971	0
2972	0
2973	0
2974	1
2975	0
2976	0
2977	0
2978	0
2979	0
2980	0
2981	0
2982	0
2983	1
2984	0
2985	0
2986	0
2987	0
2988	0
2989	0
2990	0
2991	0
2992	0
2993	0
2994	0
2995	0
2996	1
2997	0
2998	0
2999	0
3000	0
3001	0
3002	0
3003	0
3004	0
3005	0
3006	0
3007	0
3008	0
3009	0
3010	0
3011	0
3012	0
3013	1
3014	0
3015	1
3016	0
3017	0
3018	0
3019	0
3020	0
3021	0
3022	0
3023	0
3024	0
3025	1
3026	1
3027	3
3028	1
3029	1
3030	0
3031	0
3032	0
3033	0
3034	0
3035	0
3036	1
3037	1
3038	0
3039	0
3040	0
3041	0
3042	0
3043	0
3044	1
3045	0
3046	2
3047	0
3048	1
3049	0
3050	0
3051	0
3052	1
3053	0
3054	0
3055	0
3056	0
3057	3
3058	0
3059	0
3060	0
3061	2
3062	0
3063	0
3064	0
3065	2
3066	1
3067	0
3068	0
3069	0
3070	0
3071	0
3072	0
3073	1
3074	0
3075	0
3076	2
3077	1
3078	1
3079	0
3080	0
3081	1
3082	1
3083	0
3084	1
3085	1
3086	1
3087	1
3088	0
3089	0
3090	0
3091	2
3092	0
3093	3
3094	1
3095	0
3096	0
3097	2
3098	0
3099	2
3100	0
3101	0
3102	1
3103	2
3104	1
3105	3
3106	0
3107	1
3108	5
3109	4
3110	2
3111	0
3112	3
3113	1
3114	1
3115	1
3116	4
3117	1
3118	2
3119	2
3120	1
3121	2
3122	2
3123	2
3124	4
3125	3
3126	0
3127	3
3128	3
3129	1
3130	1
3131	2
3132	6
3133	6
3134	5
3135	3
3136	4
3137	1
3138	6
3139	6
3140	8
3141	3
3142	6
3143	5
3144	4
3145	5
3146	4
3147	6
3148	3
3149	3
3150	3
3151	5
3152	5
3153	5
3154	6
3155	13
3156	4
3157	6
3158	9
3159	12
3160	9
3161	1
3162	9
3163	6
3164	5
3165	4
3166	9
3167	8
3168	7
3169	6
3170	6
3171	5
3172	7
3173	6
3174	5
3175	4
3176	10
3177	8
3178	8
3179	10
3180	7
3181	8
3182	12
3183	11
3184	14
3185	10
3186	7
3187	8
3188	11
3189	6
3190	8
3191	9
3192	8
3193	9
3194	12
3195	8
3196	12
3197	11
3198	12
3199	7
3200	11
3201	10
3202	6
3203	10
3204	13
3205	7
3206	7
3207	13
3208	16
3209	15
3210	13
3211	12
3212	13
3213	11
3214	12
3215	13
3216	4
3217	15
3218	8
3219	17
3220	15
3221	13
3222	19
3223	16
3224	11
3225	20
3226	16
3227	15
3228	14
3229	23
3230	18
3231	18
3232	21
3233	9
3234	19
3235	18
3236	17
3237	13
3238	11
3239	11
3240	21
3241	14
3242	20
3243	20
3244	14
3245	17
3246	19
3247	10
3248	16
3249	13
3250	24
3251	19
3252	19
3253	19
3254	21
3255	19
3256	23
3257	21
3258	19
3259	22
3260	26
3261	15
3262	21
3263	20
3264	19
3265	18
3266	21
3267	21
3268	16
3269	20
3270	20
3271	15
3272	17
3273	20
3274	21
3275	28
3276	20
3277	25
3278	22
3279	18
3280	26
3281	29
3282	20
3283	25
3284	25
3285	30
3286	24
3287	24
3288	20
3289	31
3290	30
3291	39
3292	41
3293	25
3294	28
3295	23
3296	26
3297	15
3298	29
3299	35
3300	28
3301	23
3302	25
3303	31
3304	28
3305	24
3306	35
3307	23
3308	29
3309	22
3310	27
3311	28
3312	28
3313	30
3314	24
3315	21
3316	36
3317	31
3318	23
3319	21
3320	28
3321	22
3322	32
3323	30
3324	33
3325	37
3326	38
3327	30
3328	22
3329	32
3330	35
3331	19
3332	31
3333	31
3334	27
3335	19
3336	41
3337	25
3338	30
3339	27
3340	36
3341	26
3342	35
3343	37
3344	32
3345	36
3346	35
3347	33
3348	29
3349	20
3350	27
3351	34
3352	33
3353	33
3354	32
3355	28
3356	35
3357	35
3358	29
3359	37
3360	23
3361	26
3362	30
3363	31
3364	31
3365	19
3366	30
3367	29
3368	35
3369	20
3370	28
3371	37
3372	35
3373	28
3374	33
3375	33
3376	34
3377	26
3378	18
3379	16
3380	30
3381	28
3382	22
3383	23
3384	34
3385	30
3386	39
3387	27
3388	29
3389	21
3390	24
3391	27
3392	25
3393	29
3394	33
3395	27
3396	23
3397	32
3398	31
3399	23
3400	21
3401	28
3402	39
3403	26
3404	21
3405	27
3406	23
3407	27
3408	27
3409	20
3410	22
3411	27
3412	24
3413	19
3414	27
3415	37
3416	27
3417	34
3418	20
3419	29
3420	26
3421	26
3422	27
3423	31
3424	30
3425	16
3426	27
3427	33
3428	18
3429	19
3430	32
3431	16
3432	15
3433	25
3434	22
3435	19
3436	20
3437	24
3438	27
3439	18
3440	30
3441	25
3442	22
3443	21
3444	23
3445	22
3446	21
3447	18
3448	16
3449	12
3450	25
3451	14
3452	30
3453	15
3454	24
3455	24
3456	24
3457	19
3458	14
3459	14
3460	13
3461	24
3462	17
3463	12
3464	24
3465	27
3466	17
3467	15
3468	19
3469	29
3470	23
3471	14
3472	20
3473	18
3474	14
3475	15
3476	16
3477	15
3478	17
3479	11
3480	20
3481	11
3482	9
3483	12
3484	27
3485	18
3486	15
3487	13
3488	13
3489	12
3490	11
3491	9
3492	13
3493	9
3494	9
3495	8
3496	7
3497	14
3498	12
3499	14
3500	16
3501	10
3502	12
3503	9
3504	7
3505	5
3506	13
3507	22
3508	9
3509	6
3510	11
3511	6
3512	12
3513	8
3514	9
3515	6
3516	2
3517	4
3518	17
3519	10
3520	7
3521	10
3522	12
3523	7
3524	7
3525	12
3526	8
3527	4
3528	4
3529	7
3530	10
3531	9
3532	11
3533	9
3534	7
3535	6
3536	11
3537	6
3538	7
3539	11
3540	7
3541	4
3542	0
3543	11
3544	6
3545	4
3546	3
3547	8
3548	3
3549	6
3550	7
3551	5
3552	3
3553	5
3554	8
3555	5
3556	2
3557	5
3558	4
3559	7
3560	4
3561	2
3562	4
3563	3
3564	2
3565	7
3566	3
3567	4
3568	5
3569	4
3570	7
3571	2
3572	5
3573	1
3574	3
3575	2
3576	4
3577	3
3578	3
3579	2
3580	4
3581	3
3582	2
3583	3
3584	4
3585	1
3586	3
3587	2
3588	2
3589	2
3590	3
3591	3
3592	6
3593	3
3594	1
3595	1
3596	4
3597	1
3598	1
3599	2
3600	2
3601	4
3602	1
3603	2
3604	0
3605	3
3606	0
3607	4
3608	2
3609	1
3610	1
3611	2
3612	3
3613	2
3614	1
3615	0
3616	0
3617	2
3618	1
3619	2
3620	3
3621	0
3622	1
3623	2
3624	3
3625	0
3626	0
3627	1
3628	0
3629	0
3630	3
3631	0
3632	0
3633	1
3634	1
3635	2
3636	1
3637	1
3638	0
3639	4
3640	3
3641	3
3642	1
3643	0
3644	0
3645	0
3646	0
3647	1
3648	2
3649	0
3650	0
3651	0
3652	0
3653	0
3654	2
3655	2
3656	0
3657	0
3658	0
3659	1
3660	1
3661	1
3662	0
3663	1
3664	1
3665	0
3666	0
3667	0
3668	0
3669	0
3670	2
3671	1
3672	0
3673	0
3674	2
3675	0
3676	0
3677	0
3678	0
3679	1
3680	0
3681	0
3682	0
3683	0
3684	0
3685	0
3686	0
3687	0
3688	1
3689	0
3690	1
3691	0
3692	0
3693	1
3694	0
3695	0
3696	0
3697	0
3698	0
3699	0
3700	0
3701	0
3702	1
3703	0
3704	0
3705	0
3706	0
3707	0
3708	1
3709	0
3710	0
3711	0
3712	0
3713	0
3714	0
3715	0
3716	0
3717	0
3718	1
3719	0
3720	0
3721	0
3722	0
3723	0
3724	0
3725	1
3726	0
3727	0
3728	0
3729	0
3730	0
3731	0
3732	0
3733	0
3734	0
3735	0
3736	0
3737	0
3738	0
3739	0
3740	0
3741	0
3742	0
3743	0
3744	0
3745	0
3746	0
3747	0
3748	0
3749	0
3750	1
3751	0
3752	0
3753	0
3754	0
3755	0
3756	0
3757	0
3758	0
3759	0
3760	0
3761	0
3762	0
3763	0
3764	0
3765	0
3766	0
3767	0
3768	0
3769	0
3770	1
3771	0
3772	0
3773	0
3774	0
3775	0
3776	0
3777	0
3778	0
3779	0
3780	0
3781	0
3782	0
3783	0
3784	0
3785	0
3786	0
3787	0
3788	1
3789	1
3790	0
3791	0
3792	0
3793	0
3794	0
3795	0
3796	0
3797	0
3798	1
3799	0
3800	0
3801	0
3802	0
3803	0
3804	0
3805	0
3806	0
3807	0
3808	0
3809	0
3810	0
3811	0
3812	0
3813	0
3814	0
3815	0
3816	0
3817	0
3818	0
3819	0
3820	0
3821	0
3822	0
3823	0
3824	0
3825	0
3826	0
3827	0
3828	0
3829	0
3830	0
3831	0
3832	0
3833	0
3834	0
3835	0
3836	0
3837	0
3838	0
3839	0
3840	0
3841	0
3842	0
3843	0
3844	1
3845	0
3846	0
3847	0
3848	0
3849	0
3850	0
3851	0
3852	0
3853	0
3854	0
3855	0
3856	0
3857	0
3858	0
3859	0
3860	0
3861	0
3862	0
3863	0
3864	0
3865	0
3866	0
3867	0
3868	0
3869	0
3870	0
3871	0
3872	0
3873	0
3874	0
3875	0
3876	1
3877	0
3878	0
3879	0
3880	0
3881	0
3882	0
3883	0
3884	0
3885	0
3886	0
3887	0
3888	0
3889	0
3890	0
3891	0
3892	0
3893	0
3894	0
3895	0
3896	0
3897	0
3898	0
3899	0
3900	0
3901	0
3902	0
3903	0
3904	0
3905	0
3906	0
3907	0
3908	0
3909	0
3910	0
3911	0
3912	0
3913	0
3914	0
3915	0
3916	0
3917	0
3918	0
3919	0
3920	0
3921	0
3922	0
3923	0
3924	0
3925	0
3926	0
3927	0
3928	1
3929	0
3930	0
3931	0
3932	0
3933	0
3934	0
3935	0
3936	0
3937	0
3938	0
3939	0
3940	0
3941	0
3942	0
3943	0
3944	0
3945	0
3946	0
3947	0
3948	0
3949	0
3950	0
3951	0
3952	0
3953	0
3954	0
3955	0
3956	0
3957	0
3958	0
3959	0
3960	0
3961	0
3962	0
3963	0
3964	0
3965	0
3966	0
3967	0
3968	0
3969	0
3970	0
3971	0
3972	0
3973	0
3974	1
3975	0
3976	0
3977	0
3978	0
3979	0
3980	0
3981	0
3982	0
3983	0
3984	0
3985	0
3986	0
3987	0
3988	0
3989	0
3990	0
3991	0
3992	0
3993	0
3994	0
3995	0
3996	0
3997	0
3998	0
3999	0
4000	0
4001	0
4002	0
4003	0
4004	0
4005	0
4006	0
4007	0
4008	0
4009	0
4010	0
4011	0
4012	0
4013	0
4014	0
4015	0
4016	0
4017	0
4018	0
4019	0
4020	0
4021	0
4022	0
4023	0
4024	0
4025	0
4026	0
4027	0
4028	0
4029	0
4030	0
4031	0
4032	0
4033	0
4034	0
4035	0
4036	0
4037	0
4038	0
4039	0
4040	0
4041	0
4042	0
4043	0
4044	0
4045	0
4046	0
4047	0
4048	0
4049	0
4050	0
4051	0
4052	0
4053	0
4054	0
4055	0
4056	0
4057	0
4058	0
4059	0
4060	0
4061	0
4062	0
4063	0
4064	0
4065	0
4066	0
4067	0
4068	0
4069	0
4070	0
4071	0
4072	0
4073	0
4074	0
4075	0
4076	0
4077	0
4078	0
4079	0
4080	0
4081	0
4082	0
4083	0
4084	0
4085	0
4086	0
4087	0
4088	0
4089	0
4090	0
4091	0
4092	0
4093	0
4094	0
4095	0
4096	0
4097	0
4098	0
4099	0
4100	0
4101	0
4102	0
4103	0
4104	0
4105	0
4106	0
4107	0
4108	0
4109	0
4110	0
4111	0
4112	0
4113	0
4114	0
4115	0
4116	0
4117	0
4118	0
4119	0
4120	0
4121	0
4122	0
4123	0
4124	0
4125	0
4126	0
4127	0
4128	0
4129	0
4130	0
4131	1
4132	0
4133	0
4134	0
4135	0
4136	0
4137	0
4138	0
4139	0
4140	0
4141	0
4142	0
4143	0
4144	0
4145	0
4146	0
4147	0
4148	0
4149	0
4150	1
4151	0
4152	0
4153	0
4154	0
4155	0
4156	0
4157	0
4158	0
4159	0
4160	0
4161	1
4162	0
4163	0
4164	0
4165	0
4166	1
4167	0
4168	0
4169	0
4170	0
4171	0
4172	0
4173	0
4174	0
4175	0
4176	0
4177	0
4178	0
4179	0
4180	0
4181	0
4182	0
4183	0
4184	0
4185	0
4186	0
4187	0
4188	0
4189	0
4190	0
4191	0
4192	0
4193	0
4194	0
4195	0
4196	0
4197	0
4198	0
4199	0
4200	0
4201	0
4202	0
4203	0
4204	0
4205	0
4206	0
4207	0
4208	0
4209	0
4210	1
4211	0
4212	0
4213	0
4214	0
4215	0
4216	0
4217	0
4218	0
4219	0
4220	0
4221	0
4222	0
4223	0
4224	0
4225	0
4226	0
4227	0
4228	0
4229	0
4230	0
4231	0
4232	0
4233	0
4234	0
4235	0
4236	0
4237	0
4238	0
4239	0
4240	0
4241	0
4242	0
4243	0
4244	0
4245	0
4246	0
4247	0
4248	0
4249	0
4250	0
4251	0
4252	0
4253	0
4254	0
4255	0
4256	0
4257	1
4258	1
4259	0
4260	0
4261	0
4262	0
4263	1
4264	0
4265	0
4266	0
4267	0
4268	0
4269	0
4270	0
4271	0
4272	0
4273	0
4274	0
4275	1
4276	1
4277	0
4278	1
4279	0
4280	0
4281	1
4282	1
4283	0
4284	0
4285	0
4286	0
4287	0
4288	1
4289	1
4290	1
4291	0
4292	1
4293	0
4294	0
4295	1
4296	0
4297	0
4298	0
4299	1
4300	0
4301	0
4302	0
4303	1
4304	0
4305	1
4306	1
4307	0
4308	0
4309	0
4310	2
4311	0
4312	0
4313	1
4314	1
4315	0
4316	0
4317	1
4318	1
4319	1
4320	0
4321	1
4322	0
4323	1
4324	0
4325	0
4326	1
4327	1
4328	0
4329	0
4330	2
4331	1
4332	0
4333	1
4334	4
4335	0
4336	0
4337	1
4338	1
4339	1
4340	0
4341	0
4342	0
4343	4
4344	0
4345	1
4346	0
4347	3
4348	2
4349	0
4350	3
4351	1
4352	1
4353	2
4354	0
4355	2
4356	1
4357	1
4358	2
4359	0
4360	2
4361	1
4362	2
4363	3
4364	3
4365	1
4366	1
4367	5
4368	2
4369	3
4370	3
4371	5
4372	5
4373	2
4374	2
4375	5
4376	1
4377	0
4378	4
4379	2
4380	4
4381	1
4382	2
4383	3
4384	3
4385	4
4386	3
4387	4
4388	3
4389	5
4390	4
4391	2
4392	6
4393	5
4394	3
4395	6
4396	7
4397	8
4398	4
4399	4
4400	3
4401	3
4402	2
4403	6
4404	1
4405	1
4406	2
4407	4
4408	3
4409	3
4410	10
4411	9
4412	8
4413	6
4414	4
4415	9
4416	4
4417	8
4418	6
4419	8
4420	4
4421	7
4422	10
4423	6
4424	5
4425	7
4426	12
4427	7
4428	8
4429	5
4430	5
4431	3
4432	4
4433	12
4434	9
4435	18
4436	9
4437	9
4438	7
4439	10
4440	8
4441	10
4442	11
4443	13
4444	11
4445	13
4446	7
4447	7
4448	6
4449	12
4450	9
4451	9
4452	12
4453	10
4454	7
4455	16
4456	14
4457	12
4458	17
4459	15
4460	12
4461	15
4462	10
4463	10
4464	11
4465	24
4466	12
4467	9
4468	16
4469	10
4470	12
4471	19
4472	12
4473	16
4474	12
4475	6
4476	12
4477	16
4478	17
4479	19
4480	16
4481	14
4482	15
4483	16
4484	11
4485	10
4486	11
4487	20
4488	20
4489	14
4490	19
4491	15
4492	17
4493	19
4494	19
4495	19
4496	16
4497	15
4498	7
4499	20
4500	16
4501	23
4502	15
4503	21
4504	12
4505	23
4506	27
4507	20
4508	22
4509	18
4510	18
4511	16
4512	21
4513	14
4514	27
4515	19
4516	25
4517	30
4518	24
4519	23
4520	21
4521	23
4522	14
4523	22
4524	24
4525	20
4526	23
4527	25
4528	31
4529	23
4530	15
4531	26
4532	25
4533	25
4534	29
4535	19
4536	26
4537	25
4538	30
4539	22
4540	18
4541	20
4542	22
4543	26
4544	24
4545	33
4546	25
4547	25
4548	24
4549	26
4550	28
4551	29
4552	22
4553	28
4554	30
4555	22
4556	30
4557	26
4558	26
4559	22
4560	25
4561	22
4562	16
4563	29
4564	28
4565	22
4566	25
4567	23
4568	31
4569	32
4570	31
4571	17
4572	17
4573	34
4574	24
4575	31
4576	25
4577	27
4578	38
4579	32
4580	32
4581	27
4582	25
4583	28
4584	38
4585	28
4586	33
4587	18
4588	30
4589	29
4590	24
4591	20
4592	32
4593	25
4594	34
4595	23
4596	38
4597	30
4598	17
4599	25
4600	27
4601	28
4602	24
4603	26
4604	26
4605	34
4606	26
4607	33
4608	28
4609	33
4610	24
4611	27
4612	30
4613	33
4614	24
4615	36
4616	26
4617	30
4618	19
4619	25
4620	25
4621	28
4622	15
4623	19
4624	28
4625	41
4626	20
4627	29
4628	21
4629	28
4630	29
4631	26
4632	33
4633	23
4634	35
4635	29
4636	25
4637	25
4638	29
4639	22
4640	27
4641	37
4642	23
4643	26
4644	22
4645	26
4646	21
4647	30
4648	15
4649	23
4650	26
4651	19
4652	27
4653	20
4654	20
4655	20
4656	20
4657	28
4658	24
4659	33
4660	27
4661	30
4662	32
4663	21
4664	26
4665	22
4666	20
4667	27
4668	31
4669	19
4670	17
4671	23
4672	22
4673	26
4674	25
4675	22
4676	14
4677	22
4678	22
4679	23
4680	20
4681	24
4682	20
4683	30
4684	20
4685	20
4686	19
4687	29
4688	16
4689	18
4690	17
4691	23
4692	15
4693	19
4694	30
4695	26
4696	13
4697	18
4698	20
4699	19
4700	12
4701	13
4702	19
4703	15
4704	21
4705	22
4706	17
4707	19
4708	12
4709	14
4710	12
4711	22
4712	18
4713	11
4714	20
4715	14
4716	17
4717	13
4718	20
4719	14
4720	19
4721	16
4722	10
4723	17
4724	13
4725	21
4726	14
4727	7
4728	13
4729	10
4730	13
4731	8
4732	16
4733	11
4734	12
4735	16
4736	11
4737	7
4738	11
4739	5
4740	11
4741	15
4742	15
4743	10
4744	7
4745	10
4746	11
4747	7
4748	8
4749	14
4750	12
4751	16
4752	14
4753	10
4754	12
4755	10
4756	9
4757	8
4758	8
4759	12
4760	11
4761	15
4762	12
4763	7
4764	8
4765	8
4766	4
4767	3
4768	11
4769	11
4770	3
4771	7
4772	6
4773	8
4774	3
4775	6
4776	6
4777	11
4778	10
4779	6
4780	8
4781	8
4782	3
4783	6
4784	9
4785	8
4786	3
4787	6
4788	4
4789	8
4790	6
4791	5
4792	7
4793	6
4794	5
4795	5
4796	4
4797	3
4798	5
4799	4
4800	5
4801	4
4802	2
4803	4
4804	3
4805	3
4806	3
4807	2
4808	1
4809	6
4810	4
4811	5
4812	1
4813	4
4814	2
4815	2
4816	4
4817	3
4818	1
4819	3
4820	6
4821	6
4822	3
4823	6
4824	3
4825	2
4826	3
4827	4
4828	0
4829	3
4830	4
4831	4
4832	3
4833	4
4834	2
4835	3
4836	2
4837	1
4838	0
4839	1
4840	1
4841	3
4842	4
4843	2
4844	0
4845	2
4846	4
4847	4
4848	0
4849	0
4850	2
4851	1
4852	2
4853	0
4854	0
4855	3
4856	1
4857	1
4858	2
4859	3
4860	3
4861	0
4862	2
4863	0
4864	3
4865	0
4866	1
4867	0
4868	1
4869	0
4870	1
4871	0
4872	1
4873	1
4874	2
4875	2
4876	1
4877	1
4878	1
4879	0
4880	2
4881	0
4882	1
4883	1
4884	1
4885	0
4886	1
4887	1
4888	1
4889	1
4890	0
4891	0
4892	1
4893	0
4894	0
4895	1
4896	0
4897	0
4898	1
4899	0
4900	0
4901	0
4902	0
4903	0
4904	0
4905	0
4906	1
4907	0
4908	0
4909	1
4910	0
4911	2
4912	0
4913	0
4914	0
4915	0
4916	0
4917	0
4918	0
4919	1
4920	0
4921	0
4922	2
4923	2
4924	1
4925	2
4926	1
4927	0
4928	1
4929	0
4930	0
4931	0
4932	1
4933	0
4934	0
4935	0
4936	1
4937	1
4938	0
4939	0
4940	0
4941	0
4942	0
4943	0
4944	1
4945	1
4946	0
4947	0
4948	0
4949	0
4950	0
4951	0
4952	1
4953	0
4954	0
4955	0
4956	0
4957	0
4958	0
4959	0
4960	0
4961	0
4962	1
4963	0
4964	0
4965	0
4966	0
4967	1
4968	0
4969	0
4970	0
4971	0
4972	0
4973	0
4974	0
4975	0
4976	0
4977	0
4978	0
4979	0
4980	0
4981	0
4982	1
4983	0
4984	0
4985	0
4986	0
4987	0
4988	1
4989	0
4990	0
4991	1
4992	0
4993	0
4994	0
4995	0
4996	0
4997	0
4998	0
4999	0
5000	0
5001	0
5002	0
5003	0
5004	0
5005	0
5006	0
5007	0
5008	0
5009	0
5010	0
5011	0
5012	0
5013	0
5014	0
5015	0
5016	0
5017	0
5018	0
5019	0
5020	0
5021	0
5022	0
5023	0
5024	0
5025	0
5026	0
5027	0
5028	0
5029	1
5030	0
5031	0
5032	0
5033	0
5034	0
5035	0
5036	0
5037	0
5038	0
5039	0
5040	0
5041	0
5042	0
5043	0
5044	0
5045	0
5046	0
5047	0
5048	0
5049	0
5050	0
5051	0
5052	1
5053	0
5054	0
5055	0
5056	0
5057	0
5058	0
5059	0
5060	0
5061	0
5062	0
5063	0
5064	0
5065	0
5066	0
5067	0
5068	0
5069	0
5070	0
5071	0
5072	0
5073	0
5074	0
5075	0
5076	0
5077	0
5078	0
5079	0
5080	0
5081	0
5082	0
5083	0
5084	0
5085	0
5086	0
5087	0
5088	0
5089	0
5090	0
5091	0
5092	0
5093	0
5094	0
5095	0
5096	0
5097	0
5098	0
5099	0
5100	0
5101	0
5102	0
5103	0
5104	0
5105	0
5106	0
5107	0
5108	0
5109	0
5110	0
5111	1
5112	0
5113	0
5114	0
5115	0
5116	0
5117	0
5118	0
5119	0
5120	0
5121	0
5122	0
5123	0
5124	0
5125	0
5126	0
5127	0
5128	0
5129	0
5130	0
5131	0
5132	0
5133	0
5134	0
5135	0
5136	0
5137	0
5138	0
5139	0
5140	0
5141	0
5142	0
5143	0
5144	0
5145	0
5146	0
5147	0
5148	0
5149	0
5150	0
5151	0
5152	0
5153	0
5154	0
5155	0
5156	0
5157	0
5158	0
5159	0
5160	0
5161	0
5162	0
5163	0
5164	0
5165	0
5166	0
5167	0
5168	0
5169	0
5170	0
5171	0
5172	0
5173	0
5174	0
5175	0
5176	0
5177	0
5178	0
5179	0
5180	0
5181	0
5182	0
5183	0
5184	0
5185	0
5186	0
5187	0
5188	0
5189	0
5190	0
5191	0
5192	0
5193	0
5194	0
5195	0
5196	0
5197	0
5198	0
5199	0
5200	0
5201	0
5202	0
5203	0
5204	0
5205	0
5206	0
5207	0
5208	0
5209	0
5210	0
5211	0
5212	0
5213	0
5214	0
5215	0
5216	0
5217	0
5218	0
5219	0
5220	0
5221	0
5222	0
5223	0
5224	0
5225	0
5226	0
5227	0
5228	0
5229	0
5230	0
5231	0
5232	0
5233	0
5234	0
5235	0
5236	0
5237	0
5238	1
5239	0
5240	0
5241	0
5242	0
5243	0
5244	0
5245	0
5246	0
5247	0
5248	0
5249	1
5250	0
5251	0
5252	0
5253	0
5254	0
5255	0
5256	0
5257	0
5258	0
5259	0
5260	0
5261	0
5262	0
5263	0
5264	0
5265	0
5266	0
5267	0
5268	0
5269	0
5270	0
5271	0
5272	0
5273	0
5274	0
5275	0
5276	0
5277	0
5278	0
5279	0
5280	0
5281	0
5282	0
5283	0
5284	0
5285	0
5286	0
5287	0
5288	0
5289	0
5290	0
5291	0
5292	0
5293	0
5294	0
5295	0
5296	0
5297	0
5298	0
5299	0
5300	0
5301	0
5302	0
5303	0
5304	0
5305	0
5306	0
5307	0
5308	0
5309	0
5310	0
5311	0
5312	0
5313	0
5314	0
5315	0
5316	0
5317	0
5318	0
5319	0
5320	0
5321	0
5322	0
5323	0
5324	0
5325	0
5326	0
5327	0
5328	0
5329	0
5330	0
5331	0
5332	0
5333	0
5334	0
5335	0
5336	0
5337	0
5338	0
5339	0
5340	0
5341	0
5342	0
5343	0
5344	0
5345	0
5346	0
5347	0
5348	0
5349	0
5350	0
5351	0
5352	0
5353	1
5354	0
5355	0
5356	0
5357	0
5358	0
5359	0
5360	0
5361	0
5362	0
5363	0
5364	0
5365	0
5366	0
5367	0
5368	0
5369	0
5370	0
5371	0
5372	0
5373	0
5374	0
5375	1
5376	0
5377	0
5378	0
5379	0
5380	0
5381	0
5382	0
5383	0
5384	1
5385	0
5386	0
5387	0
5388	0
5389	0
5390	0
5391	0
5392	0
5393	0
5394	0
5395	0
5396	0
5397	0
5398	0
5399	0
5400	0
5401	0
5402	0
5403	0
5404	0
5405	0
5406	0
5407	0
5408	0
5409	0
5410	0
5411	0
5412	0
5413	0
5414	0
5415	0
5416	1
5417	0
5418	0
5419	0
5420	0
5421	0
5422	0
5423	0
5424	0
5425	0
5426	0
5427	0
5428	0
5429	1
5430	0
5431	0
5432	0
5433	0
5434	0
5435	0
5436	0
5437	0
5438	0
5439	0
5440	0
5441	0
5442	0
5443	0
5444	0
5445	0
5446	0
5447	0
5448	0
5449	0
5450	0
5451	0
5452	0
5453	0
5454	0
5455	0
5456	0
5457	0
5458	0
5459	0
5460	0
5461	0
5462	0
5463	0
5464	0
5465	0
5466	0
5467	0
5468	0
5469	0
5470	0
5471	0
5472	0
5473	0
5474	0
5475	0
5476	0
5477	1
5478	0
5479	0
5480	0
5481	0
5482	0
5483	0
5484	0
5485	0
5486	0
5487	0
5488	0
5489	0
5490	0
5491	0
5492	0
5493	0
5494	0
5495	0
5496	1
5497	0
5498	0
5499	0
5500	0
5501	0
5502	0
5503	0
5504	1
5505	0
5506	0
5507	0
5508	0
5509	0
5510	0
5511	0
5512	0
5513	0
5514	0
5515	0
5516	1
5517	1
5518	0
5519	0
5520	0
5521	1
5522	0
5523	0
5524	0
5525	0
5526	0
5527	0
5528	1
5529	0
5530	0
5531	0
5532	0
5533	0
5534	0
5535	1
5536	0
5537	0
5538	0
5539	0
5540	1
5541	0
5542	0
5543	0
5544	0
5545	1
5546	0
5547	0
5548	0
5549	0
5550	0
5551	0
5552	0
5553	3
5554	2
5555	1
5556	1
5557	1
5558	0
5559	0
5560	0
5561	0
5562	0
5563	0
5564	0
5565	2
5566	0
5567	2
5568	0
5569	0
5570	1
5571	1
5572	1
5573	2
5574	0
5575	0
5576	1
5577	0
5578	1
5579	2
5580	1
5581	2
5582	0
5583	0
5584	0
5585	1
5586	0
5587	0
5588	0
5589	1
5590	0
5591	2
5592	1
5593	0
5594	2
5595	2
5596	0
5597	0
5598	2
5599	3
5600	0
5601	5
5602	2
5603	1
5604	2
5605	3
5606	0
5607	2
5608	1
5609	1
5610	1
5611	1
5612	3
5613	2
5614	2
5615	1
5616	2
5617	0
5618	2
5619	2
5620	2
5621	1
5622	2
5623	4
5624	1
5625	4
5626	2
5627	2
5628	1
5629	2
5630	2
5631	2
5632	2
5633	1
5634	1
5635	3
5636	2
5637	0
5638	4
5639	5
5640	0
5641	3
5642	2
5643	1
5644	2
5645	2
5646	6
5647	1
5648	7
5649	4
5650	6
5651	3
5652	9
5653	4
5654	4
5655	3
5656	2
5657	3
5658	4
5659	4
5660	3
5661	3
5662	8
5663	6
5664	2
5665	3
5666	2
5667	5
5668	5
5669	7
5670	0
5671	4
5672	7
5673	1
5674	7
5675	5
5676	5
5677	8
5678	14
5679	5
5680	4
5681	9
5682	2
5683	5
5684	11
5685	9
5686	5
5687	7
5688	9
5689	8
5690	12
5691	9
5692	5
5693	7
5694	11
5695	8
5696	7
5697	14
5698	7
5699	6
5700	10
5701	11
5702	2
5703	8
5704	6
5705	10
5706	12
5707	10
5708	8
5709	18
5710	10
5711	9
5712	12
5713	8
5714	13
5715	14
5716	13
5717	16
5718	12
5719	13
5720	17
5721	13
5722	15
5723	15
5724	15
5725	13
5726	13
5727	19
5728	13
5729	14
5730	14
5731	15
5732	17
5733	7
5734	16
5735	9
5736	19
5737	16
5738	14
5739	15
5740	16
5741	16
5742	22
5743	22
5744	22
5745	18
5746	13
5747	23
5748	27
5749	21
5750	17
5751	16
5752	21
5753	12
5754	16
5755	21
5756	10
5757	25
5758	15
5759	22
5760	21
5761	25
5762	17
5763	14
5764	27
5765	19
5766	24
5767	22
5768	28
5769	16
5770	25
5771	19
5772	24
5773	17
5774	20
5775	19
5776	21
5777	30
5778	22
5779	26
5780	33
5781	17
5782	25
5783	17
5784	32
5785	17
5786	22
5787	21
5788	28
5789	24
5790	15
5791	27
5792	28
5793	31
5794	21
5795	15
5796	27
5797	24
5798	24
5799	28
5800	28
5801	27
5802	26
5803	22
5804	35
5805	19
5806	32
5807	24
5808	23
5809	22
5810	24
5811	30
5812	32
5813	26
5814	33
5815	33
5816	30
5817	28
5818	32
5819	25
5820	34
5821	23
5822	30
5823	24
5824	30
5825	27
5826	37
5827	30
5828	36
5829	26
5830	25
5831	31
5832	25
5833	36
5834	33
5835	27
5836	39
5837	32
5838	42
5839	30
5840	20
5841	34
5842	35
5843	30
5844	38
5845	30
5846	27
5847	25
5848	33
5849	35
5850	41
5851	29
5852	35
5853	27
5854	28
5855	29
5856	30
5857	33
5858	27
5859	36
5860	17
5861	28
5862	28
5863	21
5864	28
5865	42
5866	35
5867	35
5868	30
5869	39
5870	30
5871	41
5872	26
5873	34
5874	35
5875	25
5876	30
5877	42
5878	28
5879	33
5880	32
5881	25
5882	27
5883	41
5884	25
5885	27
5886	24
5887	30
5888	36
5889	26
5890	30
5891	30
5892	29
5893	31
5894	22
5895	36
5896	27
5897	45
5898	23
5899	31
5900	20
5901	28
5902	31
5903	32
5904	24
5905	27
5906	32
5907	25
5908	30
5909	18
5910	36
5911	33
5912	24
5913	31
5914	27
5915	27
5916	34
5917	25
5918	31
5919	30
5920	27
5921	25
5922	24
5923	24
5924	30
5925	28
5926	30
5927	28
5928	22
5929	18
5930	27
5931	29
5932	17
5933	29
5934	15
5935	21
5936	16
5937	24
5938	22
5939	22
5940	37
5941	16
5942	19
5943	23
5944	19
5945	29
5946	16
5947	19
5948	17
5949	27
5950	21
5951	22
5952	25
5953	14
5954	19
5955	22
5956	19
5957	25
5958	17
5959	31
5960	23
5961	17
5962	15
5963	18
5964	18
5965	14
5966	22
5967	23
5968	19
5969	21
5970	26
5971	16
5972	16
5973	18
5974	18
5975	17
5976	17
5977	17
5978	18
5979	15
5980	20
5981	16
5982	16
5983	20
5984	13
5985	13
5986	16
5987	17
5988	11
5989	14
5990	31
5991	16
5992	12
5993	14
5994	14
5995	21
5996	9
5997	15
5998	13
5999	17
6000	14
6001	16
6002	14
6003	10
6004	15
6005	14
6006	15
6007	20
6008	12
6009	7
6010	15
6011	11
6012	15
6013	12
6014	14
6015	9
6016	19
6017	13
6018	10
6019	11
6020	13
6021	7
6022	10
6023	6
6024	13
6025	16
6026	11
6027	10
6028	6
6029	12
6030	13
6031	6
6032	6
6033	10
6034	10
6035	15
6036	3
6037	9
6038	6
6039	9
6040	8
6041	10
6042	6
6043	8
6044	7
6045	6
6046	10
6047	9
6048	11
6049	4
6050	10
6051	3
6052	9
6053	9
6054	2
6055	6
6056	6
6057	6
6058	6
6059	3
6060	2
6061	8
6062	6
6063	6
6064	5
6065	6
6066	6
6067	5
6068	4
6069	3
6070	4
6071	2
6072	12
6073	5
6074	4
6075	5
6076	3
6077	6
6078	8
6079	6
6080	1
6081	5
6082	2
6083	2
6084	5
6085	2
6086	3
6087	3
6088	4
6089	7
6090	3
6091	4
6092	9
6093	5
6094	4
6095	0
6096	2
6097	4
6098	1
6099	1
6100	0
6101	0
6102	4
6103	0
6104	2
6105	3
6106	0
6107	3
6108	5
6109	2
6110	4
6111	2
6112	1
6113	1
6114	1
6115	1
6116	4
6117	5
6118	0
6119	6
6120	1
6121	0
6122	1
6123	2
6124	0
6125	2
6126	2
6127	0
6128	1
6129	0
6130	3
6131	1
6132	3
6133	3
6134	0
6135	3
6136	5
6137	0
6138	1
6139	1
6140	1
6141	1
6142	0
6143	3
6144	1
6145	0
6146	3
6147	1
6148	0
6149	2
6150	0
6151	0
6152	1
6153	0
6154	2
6155	0
6156	0
6157	1
6158	1
6159	0
6160	0
6161	1
6162	0
6163	1
6164	4
6165	0
6166	1
6167	0
6168	1
6169	0
6170	2
6171	0
6172	1
6173	0
6174	1
6175	1
6176	1
6177	0
6178	1
6179	0
6180	0
6181	0
6182	0
6183	0
6184	1
6185	0
6186	0
6187	0
6188	1
6189	0
6190	1
6191	1
6192	0
6193	0
6194	0
6195	0
6196	0
6197	0
6198	0
6199	2
6200	0
6201	0
6202	0
6203	0
6204	1
6205	0
6206	0
6207	0
6208	0
6209	0
6210	0
6211	0
6212	0
6213	1
6214	0
6215	0
6216	0
6217	0
6218	0
6219	0
6220	0
6221	0
6222	0
6223	0
6224	0
6225	0
6226	0
6227	0
6228	1
6229	0
6230	0
6231	0
6232	0
6233	1
6234	0
6235	0
6236	0
6237	0
6238	2
6239	0
6240	0
6241	0
6242	0
6243	0
6244	0
6245	1
6246	0
6247	0
6248	0
6249	0
6250	0
6251	0
6252	0
6253	0
6254	1
6255	0
6256	0
6257	1
6258	0
6259	0
6260	0
6261	0
6262	0
6263	0
6264	1
6265	0
6266	0
6267	0
6268	0
6269	0
6270	0
6271	0
6272	0
6273	0
6274	0
6275	0
6276	0
6277	0
6278	0
6279	0
6280	0
6281	0
6282	0
6283	0
6284	0
6285	0
6286	0
6287	0
6288	1
6289	0
6290	0
6291	0
6292	0
6293	0
6294	0
6295	0
6296	0
6297	0
6298	0
6299	0
6300	0
6301	0
6302	0
6303	0
6304	0
6305	0
6306	1
6307	0
6308	0
6309	0
6310	0
6311	0
6312	0
6313	0
6314	0
6315	0
6316	0
6317	0
6318	0
6319	0
6320	0
6321	0
6322	0
6323	0
6324	0
6325	0
6326	0
6327	0
6328	0
6329	0
6330	0
6331	0
6332	0
6333	0
6334	0
6335	0
6336	0
6337	1
6338	0
6339	0
6340	0
6341	0
6342	0
6343	0
6344	0
6345	0
6346	0
6347	0
6348	0
6349	0
6350	0
6351	0
6352	1
6353	0
6354	0
6355	0
6356	0
6357	0
6358	0
6359	0
6360	0
6361	0
6362	0
6363	0
6364	0
6365	0
6366	0
6367	0
6368	0
6369	0
6370	0
6371	0
6372	0
6373	0
6374	1
6375	0
6376	0
6377	0
6378	0
6379	0
6380	0
6381	0
6382	0
6383	0
6384	0
6385	0
6386	0
6387	0
6388	0
6389	0
6390	0
6391	0
6392	0
6393	0
6394	0
6395	0
6396	0
6397	0
6398	0
6399	0
6400	0
6401	0
6402	0
6403	0
6404	0
6405	0
6406	0
6407	0
6408	0
6409	0
6410	0
6411	1
6412	0
6413	0
6414	0
6415	0
6416	0
6417	0
6418	0
6419	0
6420	0
6421	0
6422	0
6423	0
6424	0
6425	0
6426	0
6427	0
6428	0
6429	1
6430	0
6431	0
6432	0
6433	0
6434	0
6435	0
6436	0
6437	0
6438	0
6439	0
6440	0
6441	0
6442	0
6443	0
6444	0
6445	0
6446	0
6447	0
6448	0
6449	0
6450	0
6451	0
6452	0
6453	0
6454	0
6455	0
6456	0
6457	0
6458	0
6459	0
6460	0
6461	0
6462	0
6463	0
6464	0
6465	0
6466	0
6467	0
6468	0
6469	0
6470	0
6471	0
6472	0
6473	0
6474	0
6475	0
6476	0
6477	0
6478	0
6479	0
6480	0
6481	0
6482	0
6483	0
6484	0
6485	0
6486	0
6487	0
6488	0
6489	0
6490	0
6491	0
6492	0
6493	0
6494	0
6495	0
6496	0
6497	0
6498	0
6499	0
6500	0
6501	0
6502	0
6503	0
6504	0
6505	0
6506	0
6507	0
6508	0
6509	0
6510	0
6511	0
6512	0
6513	0
6514	0
6515	0
6516	0
6517	0
6518	0
6519	0
6520	0
6521	0
6522	0
6523	0
6524	0
6525	0
6526	0
6527	0
6528	0
6529	0
6530	0
6531	0
6532	0
6533	0
6534	0
6535	0
6536	0
6537	0
6538	0
6539	0
6540	0
6541	0
6542	0
6543	0
6544	0
6545	0
6546	0
6547	0
6548	0
6549	0
6550	0
6551	0
6552	0
6553	0
6554	0
6555	0
6556	0
6557	0
6558	0
6559	0
6560	0
6561	0
6562	0
6563	0
6564	0
6565	0
6566	0
6567	0
6568	0
6569	0
6570	0
6571	0
6572	0
6573	0
6574	0
6575	0
6576	0
6577	0
6578	0
6579	0
6580	0
6581	0
6582	0
6583	0
6584	0
6585	0
6586	0
6587	0
6588	0
6589	0
6590	0
6591	0
6592	0
6593	0
6594	0
6595	0
6596	0
6597	0
6598	2
6599	0
6600	0
6601	0
6602	0
6603	0
6604	0
6605	0
6606	0
6607	0
6608	0
6609	0
6610	0
6611	0
6612	0
6613	0
6614	0
6615	0
6616	0
6617	0
6618	0
6619	0
6620	0
6621	0
6622	0
6623	0
6624	0
6625	0
6626	0
6627	0
6628	0
6629	0
6630	0
6631	0
6632	0
6633	0
6634	0
6635	0
6636	0
6637	0
6638	0
6639	0
6640	0
6641	0
6642	0
6643	0
6644	1
6645	0
6646	0
6647	0
6648	0
6649	0
6650	0
6651	0
6652	0
6653	0
6654	0
6655	0
6656	0
6657	0
6658	0
6659	0
6660	0
6661	0
6662	0
6663	0
6664	0
6665	0
6666	0
6667	0
6668	0
6669	0
6670	0
6671	0
6672	0
6673	0
6674	0
6675	0
6676	0
6677	0
6678	0
6679	0
6680	0
6681	0
6682	0
6683	0
6684	0
6685	0
6686	1
6687	0
6688	0
6689	0
6690	0
6691	0
6692	0
6693	0
6694	0
6695	0
6696	0
6697	0
6698	0
6699	0
6700	0
6701	0
6702	0
6703	0
6704	0
6705	0
6706	0
6707	0
6708	0
6709	0
6710	0
6711	0
6712	0
6713	0
6714	0
6715	0
6716	0
6717	0
6718	0
6719	0
6720	0
6721	0
6722	0
6723	0
6724	0
6725	0
6726	0
6727	0
6728	1
6729	0
6730	0
6731	0
6732	0
6733	1
6734	0
6735	0
6736	0
6737	0
6738	0
6739	0
6740	0
6741	0
6742	0
6743	0
6744	0
6745	0
6746	0
6747	0
6748	0
6749	0
6750	0
6751	0
6752	0
6753	0
6754	0
6755	0
6756	0
6757	0
6758	0
6759	0
6760	0
6761	0
6762	0
6763	0
6764	0
6765	0
6766	0
6767	1
6768	0
6769	0
6770	0
6771	0
6772	0
6773	0
6774	0
6775	0
6776	0
6777	2
6778	0
6779	0
6780	0
6781	0
6782	0
6783	0
6784	1
6785	0
6786	0
6787	0
6788	0
6789	0
6790	0
6791	0
6792	0
6793	0
6794	0
6795	0
6796	0
6797	0
6798	3
6799	1
6800	0
6801	0
6802	0
6803	0
6804	0
6805	0
6806	0
6807	0
6808	0
6809	0
6810	0
6811	1
6812	1
6813	0
6814	0
6815	0
6816	1
6817	3
6818	0
6819	0
6820	1
6821	0
6822	0
6823	1
6824	2
6825	0
6826	1
6827	0
6828	1
6829	2
6830	0
6831	1
6832	1
6833	0
6834	1
6835	1
6836	0
6837	2
6838	0
6839	2
6840	0
6841	1
6842	1
6843	0
6844	1
6845	2
6846	3
6847	1
6848	0
6849	1
6850	3
6851	1
6852	1
6853	1
6854	1
6855	2
6856	1
6857	0
6858	3
6859	3
6860	0
6861	0
6862	1
6863	3
6864	5
6865	2
6866	1
6867	1
6868	1
6869	1
6870	1
6871	3
6872	5
6873	3
6874	1
6875	3
6876	2
6877	1
6878	0
6879	2
6880	1
6881	3
6882	3
6883	0
6884	2
6885	2
6886	5
6887	2
6888	6
6889	3
6890	5
6891	2
6892	1
6893	3
6894	1
6895	3
6896	5
6897	0
6898	1
6899	1
6900	2
6901	7
6902	4
6903	4
6904	6
6905	2
6906	2
6907	2
6908	4
6909	5
6910	2
6911	4
6912	4
6913	9
6914	3
6915	7
6916	3
6917	7
6918	4
6919	4
6920	4
6921	8
6922	6
6923	4
6924	6
6925	3
6926	4
6927	5
6928	9
6929	7
6930	6
6931	5
6932	5
6933	6
6934	10
6935	5
6936	7
6937	10
6938	7
6939	10
6940	10
6941	11
6942	10
6943	6
6944	9
6945	4
6946	6
6947	7
6948	8
6949	11
6950	10
6951	12
6952	14
6953	10
6954	10
6955	9
6956	7
6957	6
6958	8
6959	12
6960	7
6961	13
6962	11
6963	10
6964	12
6965	11
6966	12
6967	8
6968	10
6969	13
6970	11
6971	9
6972	12
6973	14
6974	15
6975	17
6976	13
6977	11
6978	13
6979	15
6980	15
6981	15
6982	15
6983	18
6984	18
6985	17
6986	15
6987	18
6988	14
6989	15
6990	10
6991	21
6992	21
6993	19
6994	21
6995	19
6996	8
6997	12
6998	23
6999	19
7000	23
7001	18
7002	24
7003	12
7004	11
7005	16
7006	23
7007	26
7008	17
7009	15
7010	19
7011	21
7012	25
7013	26
7014	19
7015	19
7016	24
7017	29
7018	24
7019	20
7020	16
7021	20
7022	30
7023	20
7024	18
7025	18
7026	20
7027	12
7028	25
7029	31
7030	26
7031	22
7032	29
7033	27
7034	21
7035	21
7036	26
7037	23
7038	34
7039	31
7040	27
7041	25
7042	23
7043	18
7044	29
7045	24
7046	30
7047	22
7048	32
7049	23
7050	38
7051	23
7052	40
7053	26
7054	32
7055	27
7056	32
7057	26
7058	25
7059	27
7060	27
7061	37
7062	26
7063	29
7064	35
7065	33
7066	26
7067	31
7068	42
7069	34
7070	27
7071	23
7072	26
7073	31
7074	33
7075	24
7076	26
7077	34
7078	33
7079	33
7080	25
7081	27
7082	20
7083	28
7084	33
7085	36
7086	29
7087	28
7088	42
7089	25
7090	34
7091	41
7092	43
7093	24
7094	33
7095	32
7096	28
7097	30
7098	37
7099	27
7100	32
7101	25
7102	29
7103	29
7104	32
7105	39
7106	36
7107	27
7108	30
7109	30
7110	39
7111	23
7112	31
7113	25
7114	35
7115	29
7116	30
7117	37
7118	30
7119	19
7120	29
7121	41
7122	25
7123	31
7124	42
7125	32
7126	27
7127	34
7128	28
7129	39
7130	40
7131	36
7132	27
7133	30
7134	32
7135	34
7136	34
7137	23
7138	30
7139	24
7140	31
7141	30
7142	32
7143	30
7144	26
7145	22
7146	26
7147	32
7148	27
7149	30
7150	38
7151	28
7152	31
7153	29
7154	31
7155	33
7156	28
7157	27
7158	40
7159	37
7160	26
7161	26
7162	20
7163	41
7164	26
7165	25
7166	25
7167	28
7168	37
7169	24
7170	26
7171	28
7172	25
7173	29
7174	23
7175	24
7176	24
7177	35
7178	26
7179	24
7180	26
7181	29
7182	38
7183	25
7184	26
7185	32
7186	28
7187	25
7188	25
7189	18
7190	29
7191	19
7192	28
7193	17
7194	24
7195	28
7196	23
7197	26
7198	27
7199	22
7200	22
7201	26
7202	21
7203	20
7204	19
7205	17
7206	30
7207	26
7208	22
7209	23
7210	17
7211	20
7212	16
7213	21
7214	31
7215	18
7216	20
7217	20
7218	18
7219	15
7220	14
7221	21
7222	12
7223	13
7224	23
7225	25
7226	23
7227	14
7228	17
7229	14
7230	19
7231	23
7232	22
7233	15
7234	15
7235	14
7236	13
7237	14
7238	13
7239	13
7240	13
7241	17
7242	20
7243	20
7244	13
7245	15
7246	12
7247	14
7248	14
7249	16
7250	16
7251	14
7252	10
7253	11
7254	17
7255	9
7256	9
7257	15
7258	19
7259	9
7260	6
7261	15
7262	11
7263	7
7264	11
7265	12
7266	15
7267	5
7268	10
7269	12
7270	8
7271	7
7272	9
7273	11
7274	10
7275	15
7276	15
7277	5
7278	3
7279	14
7280	14
7281	10
7282	8
7283	5
7284	15
7285	5
7286	11
7287	13
7288	13
7289	6
7290	9
7291	11
7292	5
7293	2
7294	10
7295	5
7296	9
7297	7
7298	7
7299	8
7300	6
7301	11
7302	4
7303	3
7304	9
7305	5
7306	2
7307	5
7308	4
7309	6
7310	4
7311	10
7312	4
7313	4
7314	2
7315	7
7316	3
7317	3
7318	7
7319	6
7320	4
7321	5
7322	4
7323	5
7324	5
7325	3
7326	0
7327	7
7328	3
7329	4
7330	3
7331	7
7332	4
7333	3
7334	2
7335	4
7336	7
7337	2
7338	2
7339	2
7340	1
7341	3
7342	4
7343	2
7344	2
7345	2
7346	1
7347	1
7348	5
7349	4
7350	4
7351	0
7352	4
7353	5
7354	2
7355	2
7356	2
7357	2
7358	4
7359	2
7360	9
7361	2
7362	3
7363	1
7364	4
7365	3
7366	3
7367	1
7368	1
7369	1
7370	1
7371	1
7372	1
7373	3
7374	1
7375	2
7376	0
7377	4
7378	4
7379	1
7380	1
7381	3
7382	0
7383	1
7384	5
7385	1
7386	2
7387	0
7388	5
7389	2
7390	1
7391	4
7392	3
7393	2
7394	0
7395	1
7396	0
7397	0
7398	0
7399	0
7400	1
7401	0
7402	0
7403	0
7404	1
7405	1
7406	0
7407	2
7408	2
7409	0
7410	0
7411	0
7412	1
7413	0
7414	0
7415	0
7416	0
7417	1
7418	0
7419	0
7420	0
7421	1
7422	0
7423	1
7424	1
7425	0
7426	0
7427	0
7428	0
7429	2
7430	1
7431	0
7432	1
7433	0
7434	0
7435	0
7436	1
7437	0
7438	0
7439	1
7440	0
7441	0
7442	0
7443	1
7444	2
7445	0
7446	0
7447	0
7448	0
7449	0
7450	0
7451	0
7452	1
7453	1
7454	0
7455	1
7456	1
7457	0
7458	0
7459	0
7460	0
7461	1
7462	0
7463	0
7464	0
7465	1
7466	1
7467	1
7468	0
7469	0
7470	0
7471	1
7472	1
7473	0
7474	0
7475	1
7476	0
7477	0
7478	0
7479	0
7480	0
7481	1
7482	1
7483	0
7484	0
7485	0
7486	0
7487	1
7488	0
7489	1
7490	0
7491	0
7492	0
7493	0
7494	0
7495	0
7496	0
7497	0
7498	0
7499	0
7500	0
7501	0
7502	1
7503	0
7504	0
7505	0
7506	0
7507	0
7508	0
7509	0
7510	0
7511	0
7512	0
7513	0
7514	0
7515	0
7516	0
7517	0
7518	0
7519	0
7520	0
7521	0
7522	0
7523	1
7524	0
7525	0
7526	0
7527	0
7528	0
7529	0
7530	0
7531	0
7532	0
7533	0
7534	0
7535	0
7536	0
7537	0
7538	0
7539	0
7540	0
7541	0
7542	0
7543	0
7544	0
7545	1
7546	0
7547	0
7548	0
7549	0
7550	0
7551	0
7552	0
7553	0
7554	0
7555	0
7556	0
7557	0
7558	0
7559	0
7560	0
7561	0
7562	0
7563	0
7564	0
7565	0
7566	0
7567	0
7568	0
7569	0
7570	0
7571	0
7572	0
7573	0
7574	0
7575	1
7576	0
7577	0
7578	0
7579	1
7580	0
7581	0
7582	0
7583	0
7584	0
7585	0
7586	0
7587	0
7588	0
7589	0
7590	0
7591	0
7592	0
7593	0
7594	0
7595	0
7596	0
7597	0
7598	0
7599	0
7600	0
7601	0
7602	0
7603	0
7604	0
7605	0
7606	0
7607	0
7608	0
7609	0
7610	0
7611	0
7612	0
7613	0
7614	0
7615	0
7616	0
7617	0
7618	0
7619	0
7620	0
7621	0
7622	0
7623	0
7624	0
7625	0
7626	0
7627	0
7628	0
7629	0
7630	0
7631	0
7632	0
7633	0
7634	0
7635	0
7636	0
7637	0
7638	0
7639	0
7640	0
7641	0
7642	0
7643	0
7644	0
7645	0
7646	0
7647	0
7648	0
7649	0
7650	0
7651	0
7652	0
7653	0
7654	0
7655	0
7656	0
7657	0
7658	1
7659	0
7660	0
7661	0
7662	0
7663	0
7664	0
7665	0
7666	0
7667	0
7668	0
7669	0
7670	0
7671	0
7672	0
7673	0
7674	0
7675	1
7676	0
7677	0
7678	0
7679	0
7680	0
7681	0
7682	0
7683	0
7684	0
7685	0
7686	0
7687	0
7688	0
7689	0
7690	0
7691	0
7692	0
7693	0
7694	0
7695	0
7696	0
7697	0
7698	0
7699	0
7700	0
7701	0
7702	0
7703	0
7704	0
7705	0
7706	0
7707	0
7708	0
7709	0
7710	0
7711	0
7712	0
7713	0
7714	0
7715	0
7716	0
7717	0
7718	0
7719	0
7720	0
7721	0
7722	0
7723	0
7724	0
7725	0
7726	0
7727	0
7728	0
7729	0
7730	0
7731	0
7732	0
7733	0
7734	0
7735	0
7736	0
7737	0
7738	0
7739	0
7740	0
7741	0
7742	0
7743	0
7744	0
7745	0
7746	0
7747	0
7748	0
7749	0
7750	0
7751	0
7752	0
7753	0
7754	0
7755	0
7756	0
7757	0
7758	0
7759	0
7760	0
7761	0
7762	0
7763	0
7764	0
7765	0
7766	0
7767	0
7768	0
7769	0
7770	0
7771	0
7772	0
7773	0
7774	0
7775	0
7776	0
7777	0
7778	0
7779	0
7780	0
7781	0
7782	0
7783	0
7784	0
7785	0
7786	0
7787	0
7788	0
7789	0
7790	0
7791	0
7792	0
7793	0
7794	0
7795	0
7796	0
7797	0
7798	0
7799	0
7800	0
7801	0
7802	0
7803	0
7804	0
7805	0
7806	0
7807	0
7808	0
7809	0
7810	0
7811	0
7812	0
7813	0
7814	0
7815	0
7816	0
7817	0
7818	0
7819	0
7820	0
7821	0
7822	0
7823	0
7824	0
7825	0
7826	0
7827	0
7828	0
7829	0
7830	0
7831	0
7832	0
7833	0
7834	0
7835	0
7836	0
7837	0
7838	0
7839	0
7840	0
7841	0
7842	0
7843	0
7844	0
7845	0
7846	0
7847	0
7848	0
7849	0
7850	0
7851	0
7852	0
7853	0
7854	0
7855	0
7856	0
7857	0
7858	0
7859	0
7860	0
7861	0
7862	0
7863	0
7864	0
7865	0
7866	0
7867	0
7868	0
7869	0
7870	0
7871	0
7872	0
7873	0
7874	0
7875	0
7876	0
7877	0
7878	0
7879	0
7880	0
7881	0
7882	0
7883	0
7884	0
7885	0
7886	0
7887	0
7888	0
7889	0
7890	0
7891	0
7892	0
7893	0
7894	0
7895	0
7896	0
7897	0
7898	0
7899	0
7900	0
7901	0
7902	0
7903	0
7904	0
7905	0
7906	0
7907	0
7908	0
7909	0
7910	0
7911	0
7912	0
7913	0
7914	0
7915	0
7916	0
7917	0
7918	0
7919	0
7920	0
7921	0
7922	0
7923	0
7924	0
7925	0
7926	0
7927	0
7928	0
7929	0
7930	0
7931	0
7932	0
7933	0
7934	0
7935	0
7936	0
7937	0
7938	0
7939	0
7940	0
7941	0
7942	0
7943	0
7944	0
7945	0
7946	0
7947	0
7948	0
7949	0
7950	0
7951	0
7952	0
7953	0
7954	0
7955	0
7956	0
7957	0
7958	0
7959	0
7960	0
7961	0
7962	0
7963	0
7964	0
7965	0
7966	0
7967	0
7968	0
7969	0
7970	0
7971	0
7972	0
7973	0
7974	0
7975	0
7976	0
7977	0
7978	0
7979	0
7980	0
7981	0
7982	0
7983	0
7984	0
7985	0
7986	0
7987	0
7988	0
7989	0
7990	0
7991	0
7992	0
7993	0
7994	0
7995	0
7996	0
7997	0
7998	0
7999	0
8000	0
8001	0
8002	0
8003	0
8004	0
8005	0
8006	0
8007	0
8008	0
8009	0
8010	0
8011	0
8012	0
8013	0
8014	0
8015	0
8016	0
8017	0
8018	0
8019	0
8020	0
8021	0
8022	0
8023	0
8024	0
8025	0
8026	0
8027	0
8028	0
8029	0
8030	0
8031	0
8032	0
8033	0
8034	0
8035	0
8036	0
8037	0
8038	0
8039	0
8040	0
8041	0
8042	0
8043	0
8044	0
8045	0
8046	0
8047	0
8048	0
8049	0
8050	1
8051	0
8052	0
8053	0
8054	0
8055	0
8056	0
8057	0
8058	0
8059	0
8060	0
8061	0
8062	0
8063	0
8064	0
8065	0
8066	0
8067	0
8068	0
8069	0
8070	0
8071	0
8072	0
8073	0
8074	0
8075	0
8076	0
8077	0
8078	0
8079	0
8080	0
8081	0
8082	0
8083	0
8084	0
8085	0
8086	0
8087	0
8088	0
8089	0
8090	0
8091	0
8092	0
8093	0
8094	0
8095	0
8096	0
8097	0
8098	0
8099	0
8100	0
8101	0
8102	0
8103	0
8104	0
8105	0
8106	0
8107	0
8108	0
8109	0
8110	0
8111	0
8112	0
8113	0
8114	0
8115	0
8116	0
8117	0
8118	0
8119	0
8120	0
8121	0
8122	0
8123	0
8124	0
8125	0
8126	0
8127	0
8128	0
8129	0
8130	0
8131	0
8132	0
8133	0
8134	0
8135	0
8136	0
8137	0
8138	0
8139	0
8140	0
8141	0
8142	0
8143	0
8144	0
8145	0
8146	0
8147	0
8148	0
8149	0
8150	0
8151	0
8152	0
8153	0
8154	0
8155	0
8156	0
8157	0
8158	0
8159	0
8160	0
8161	0
8162	0
8163	0
8164	0
8165	0
8166	0
8167	0
8168	0
8169	0
8170	0
8171	0
8172	0
8173	0
8174	0
8175	0
8176	0
8177	0
8178	0
8179	0
8180	0
8181	0
8182	0
8183	0
8184	0
8185	0
8186	0
8187	0
8188	0
8189	0
8190	0
8191	0
