0	0
1	0
2	0
3	0
4	0
5	0
6	0
7	0
8	0
9	0
10	0
11	0
12	0
13	0
14	0
15	0
16	0
17	0
18	0
19	0
20	0
21	0
22	0
23	0
24	0
25	0
26	0
27	0
28	0
29	0
30	0
31	0
32	0
33	0
34	0
35	0
36	0
37	0
38	1
39	1
40	0
41	0
42	0
43	0
44	1
45	0
46	0
47	1
48	1
49	0
50	0
51	0
52	0
53	0
54	0
55	1
56	2
57	1
58	0
59	0
60	1
61	2
62	0
63	0
64	2
65	1
66	0
67	0
68	1
69	0
70	0
71	0
72	1
73	1
74	1
75	0
76	1
77	0
78	1
79	0
80	1
81	0
82	2
83	1
84	0
85	2
86	1
87	1
88	2
89	0
90	1
91	0
92	1
93	1
94	2
95	0
96	2
97	0
98	2
99	1
100	2
101	1
102	2
103	0
104	1
105	1
106	0
107	1
108	1
109	1
110	0
111	0
112	2
113	0
114	1
115	0
116	0
117	0
118	1
119	0
120	1
121	1
122	0
123	0
124	1
125	1
126	0
127	1
128	0
129	0
130	0
131	0
132	0
133	0
134	1
135	1
136	0
137	1
138	1
139	0
140	1
141	1
142	0
143	1
144	2
145	1
146	1
147	0
148	1
149	0
150	1
151	1
152	0
153	0
154	0
155	1
156	0
157	0
158	0
159	0
160	0
161	2
162	1
163	1
164	0
165	2
166	2
167	0
168	1
169	0
170	0
171	0
172	1
173	0
174	1
175	1
176	0
177	0
178	1
179	0
180	0
181	1
182	0
183	0
184	1
185	0
186	1
187	0
188	0
189	1
190	0
191	1
192	1
193	1
194	0
195	0
196	0
197	0
198	1
199	0
200	0
201	1
202	0
203	0
204	0
205	0
206	1
207	1
208	0
209	1
210	1
211	0
212	0
213	1
214	2
215	0
216	0
217	2
218	0
219	1
220	0
221	0
222	1
223	0
224	2
225	0
226	0
227	0
228	0
229	0
230	0
231	0
232	1
233	0
234	0
235	2
236	0
237	1
238	1
239	2
240	1
241	1
242	2
243	0
244	1
245	0
246	0
247	0
248	0
249	0
250	1
251	1
252	1
253	2
254	0
255	1
256	1
257	1
258	1
259	0
260	0
261	3
262	1
263	0
264	1
265	1
266	0
267	1
268	0
269	1
270	0
271	1
272	2
273	0
274	2
275	0
276	2
277	3
278	0
279	6
280	2
281	1
282	3
283	0
284	6
285	4
286	5
287	8
288	6
289	11
290	8
291	18
292	17
293	25
294	23
295	30
296	26
297	59
298	52
299	67
300	62
301	83
302	101
303	113
304	123
305	130
306	124
307	134
308	150
309	159
310	160
311	186
312	192
313	199
314	182
315	211
316	195
317	196
318	217
319	222
320	204
321	222
322	229
323	248
324	218
325	219
326	233
327	235
328	232
329	275
330	234
331	258
332	265
333	269
334	277
335	266
336	320
337	286
338	294
339	293
340	294
341	280
342	312
343	307
344	279
345	321
346	305
347	343
348	332
349	346
350	324
351	382
352	375
353	349
354	358
355	374
356	416
357	401
358	414
359	424
360	449
361	409
362	429
363	468
364	478
365	472
366	513
367	560
368	511
369	522
370	576
371	591
372	614
373	624
374	688
375	740
376	676
377	694
378	709
379	764
380	826
381	798
382	895
383	911
384	910
385	956
386	1085
387	1013
388	1102
389	1128
390	1189
391	1239
392	1272
393	1257
394	1425
395	1480
396	1500
397	1480
398	1613
399	1639
400	1677
401	1723
402	1819
403	1929
404	1982
405	2054
406	2103
407	2232
408	2232
409	2378
410	2508
411	2481
412	2567
413	2607
414	2744
415	2847
416	2788
417	2950
418	3087
419	3236
420	3247
421	3174
422	3311
423	3469
424	3479
425	3520
426	3627
427	3737
428	3772
429	3793
430	3883
431	3977
432	3922
433	4121
434	3982
435	4107
436	4217
437	4112
438	4114
439	4266
440	4300
441	4213
442	4202
443	4200
444	4185
445	4356
446	4163
447	4390
448	4214
449	4060
450	4147
451	4241
452	4072
453	4030
454	3923
455	3797
456	3865
457	3835
458	3825
459	3801
460	3664
461	3638
462	3470
463	3506
464	3414
465	3311
466	3269
467	3171
468	3119
469	3090
470	2930
471	2886
472	2782
473	2820
474	2850
475	2691
476	2628
477	2566
478	2422
479	2347
480	2264
481	2243
482	2210
483	2083
484	2004
485	2028
486	1948
487	1898
488	1855
489	1818
490	1763
491	1755
492	1675
493	1656
494	1581
495	1579
496	1506
497	1492
498	1426
499	1399
500	1303
501	1296
502	1318
503	1318
504	1230
505	1212
506	1131
507	1150
508	1145
509	1087
510	1063
511	1043
512	1031
513	1069
514	990
515	949
516	904
517	890
518	880
519	831
520	831
521	814
522	813
523	792
524	768
525	762
526	741
527	747
528	735
529	702
530	667
531	648
532	622
533	651
534	597
535	557
536	608
537	559
538	549
539	500
540	504
541	486
542	470
543	472
544	478
545	453
546	392
547	404
548	392
549	389
550	377
551	377
552	362
553	304
554	347
555	298
556	316
557	277
558	255
559	319
560	287
561	243
562	267
563	259
564	239
565	236
566	209
567	231
568	215
569	183
570	198
571	170
572	191
573	181
574	187
575	173
576	161
577	166
578	181
579	170
580	147
581	137
582	140
583	141
584	162
585	146
586	144
587	120
588	117
589	126
590	118
591	132
592	110
593	123
594	111
595	111
596	138
597	137
598	127
599	131
600	128
601	115
602	113
603	121
604	102
605	117
606	114
607	89
608	124
609	135
610	141
611	113
612	103
613	114
614	107
615	106
616	111
617	118
618	113
619	113
620	104
621	110
622	114
623	135
624	132
625	132
626	111
627	135
628	128
629	132
630	128
631	120
632	148
633	120
634	135
635	107
636	132
637	151
638	131
639	141
640	137
641	130
642	124
643	130
644	126
645	119
646	133
647	137
648	138
649	135
650	117
651	131
652	139
653	162
654	134
655	146
656	157
657	130
658	150
659	165
660	151
661	169
662	151
663	167
664	162
665	166
666	164
667	123
668	155
669	168
670	163
671	182
672	171
673	140
674	188
675	178
676	170
677	173
678	171
679	164
680	164
681	173
682	171
683	171
684	162
685	168
686	194
687	198
688	196
689	193
690	166
691	187
692	204
693	187
694	202
695	203
696	208
697	212
698	219
699	195
700	189
701	190
702	229
703	203
704	212
705	215
706	229
707	212
708	223
709	201
710	205
711	223
712	236
713	240
714	211
715	193
716	254
717	221
718	231
719	238
720	210
721	230
722	240
723	233
724	244
725	235
726	231
727	232
728	249
729	250
730	254
731	244
732	241
733	253
734	259
735	260
736	249
737	242
738	236
739	269
740	243
741	244
742	272
743	253
744	250
745	254
746	270
747	250
748	268
749	233
750	273
751	251
752	255
753	255
754	264
755	262
756	259
757	259
758	258
759	280
760	256
761	287
762	280
763	252
764	227
765	256
766	254
767	276
768	260
769	250
770	278
771	252
772	249
773	252
774	280
775	264
776	266
777	267
778	247
779	262
780	261
781	285
782	260
783	268
784	226
785	280
786	233
787	255
788	237
789	240
790	215
791	234
792	237
793	238
794	224
795	269
796	235
797	257
798	242
799	245
800	237
801	250
802	244
803	226
804	229
805	244
806	234
807	255
808	253
809	230
810	234
811	221
812	204
813	232
814	251
815	213
816	228
817	227
818	241
819	229
820	215
821	225
822	254
823	217
824	214
825	231
826	217
827	208
828	243
829	198
830	208
831	215
832	192
833	217
834	209
835	208
836	216
837	183
838	192
839	173
840	198
841	224
842	235
843	194
844	196
845	206
846	199
847	202
848	189
849	231
850	226
851	186
852	191
853	191
854	201
855	202
856	196
857	228
858	187
859	195
860	219
861	218
862	212
863	199
864	213
865	186
866	207
867	224
868	231
869	215
870	220
871	213
872	239
873	217
874	217
875	233
876	226
877	233
878	222
879	193
880	253
881	223
882	221
883	239
884	233
885	248
886	238
887	245
888	255
889	277
890	241
891	256
892	255
893	247
894	256
895	230
896	269
897	234
898	268
899	258
900	285
901	264
902	301
903	257
904	295
905	300
906	282
907	303
908	290
909	303
910	270
911	305
912	291
913	272
914	261
915	317
916	287
917	284
918	317
919	338
920	283
921	338
922	299
923	302
924	301
925	351
926	329
927	279
928	297
929	315
930	325
931	302
932	301
933	316
934	294
935	300
936	348
937	347
938	320
939	294
940	330
941	321
942	309
943	340
944	346
945	323
946	303
947	308
948	331
949	309
950	314
951	344
952	276
953	349
954	291
955	313
956	321
957	314
958	319
959	319
960	322
961	334
962	307
963	309
964	311
965	280
966	299
967	319
968	275
969	324
970	285
971	318
972	299
973	281
974	279
975	315
976	306
977	294
978	298
979	295
980	287
981	290
982	288
983	316
984	286
985	280
986	271
987	280
988	279
989	286
990	266
991	257
992	292
993	275
994	291
995	279
996	286
997	267
998	229
999	288
1000	257
1001	281
1002	267
1003	285
1004	270
1005	253
1006	247
1007	293
1008	265
1009	249
1010	257
1011	259
1012	301
1013	251
1014	264
1015	255
1016	258
1017	246
1018	255
1019	272
1020	252
1021	267
1022	257
1023	275
1024	250
1025	281
1026	249
1027	242
1028	252
1029	241
1030	246
1031	259
1032	252
1033	253
1034	253
1035	265
1036	267
1037	271
1038	281
1039	247
1040	265
1041	277
1042	240
1043	294
1044	256
1045	293
1046	298
1047	276
1048	282
1049	289
1050	301
1051	269
1052	290
1053	282
1054	283
1055	276
1056	293
1057	257
1058	300
1059	302
1060	295
1061	303
1062	289
1063	293
1064	302
1065	296
1066	303
1067	294
1068	346
1069	309
1070	336
1071	316
1072	314
1073	364
1074	342
1075	331
1076	376
1077	366
1078	349
1079	355
1080	361
1081	401
1082	359
1083	388
1084	345
1085	426
1086	383
1087	364
1088	395
1089	408
1090	428
1091	448
1092	476
1093	417
1094	445
1095	439
1096	454
1097	420
1098	500
1099	493
1100	459
1101	481
1102	528
1103	479
1104	518
1105	528
1106	545
1107	579
1108	521
1109	587
1110	586
1111	582
1112	603
1113	594
1114	602
1115	627
1116	611
1117	640
1118	642
1119	658
1120	700
1121	685
1122	759
1123	734
1124	699
1125	728
1126	744
1127	721
1128	766
1129	812
1130	841
1131	788
1132	768
1133	812
1134	845
1135	896
1136	882
1137	907
1138	931
1139	909
1140	950
1141	979
1142	969
1143	1009
1144	1033
1145	1007
1146	991
1147	1143
1148	1103
1149	1083
1150	1100
1151	1130
1152	1086
1153	1173
1154	1173
1155	1153
1156	1244
1157	1232
1158	1180
1159	1221
1160	1240
1161	1319
1162	1265
1163	1359
1164	1301
1165	1433
1166	1375
1167	1323
1168	1439
1169	1398
1170	1368
1171	1399
1172	1422
1173	1442
1174	1440
1175	1511
1176	1485
1177	1547
1178	1507
1179	1547
1180	1494
1181	1596
1182	1563
1183	1518
1184	1562
1185	1499
1186	1524
1187	1636
1188	1651
1189	1600
1190	1609
1191	1575
1192	1692
1193	1612
1194	1662
1195	1595
1196	1600
1197	1628
1198	1612
1199	1590
1200	1610
1201	1610
1202	1705
1203	1580
1204	1701
1205	1567
1206	1655
1207	1613
1208	1557
1209	1556
1210	1604
1211	1607
1212	1616
1213	1618
1214	1605
1215	1540
1216	1489
1217	1549
1218	1632
1219	1540
1220	1562
1221	1453
1222	1477
1223	1481
1224	1472
1225	1443
1226	1450
1227	1453
1228	1436
1229	1411
1230	1396
1231	1296
1232	1365
1233	1323
1234	1295
1235	1307
1236	1314
1237	1232
1238	1289
1239	1242
1240	1186
1241	1177
1242	1085
1243	1116
1244	1161
1245	1085
1246	1128
1247	1050
1248	1008
1249	1014
1250	1018
1251	994
1252	893
1253	1015
1254	912
1255	917
1256	914
1257	863
1258	859
1259	827
1260	798
1261	792
1262	792
1263	759
1264	787
1265	711
1266	689
1267	659
1268	660
1269	676
1270	640
1271	599
1272	582
1273	628
1274	616
1275	613
1276	599
1277	549
1278	563
1279	553
1280	542
1281	461
1282	501
1283	449
1284	458
1285	429
1286	462
1287	421
1288	370
1289	442
1290	383
1291	382
1292	351
1293	367
1294	318
1295	353
1296	332
1297	299
1298	288
1299	285
1300	267
1301	290
1302	285
1303	264
1304	273
1305	283
1306	262
1307	240
1308	260
1309	257
1310	238
1311	211
1312	229
1313	220
1314	229
1315	196
1316	201
1317	198
1318	172
1319	177
1320	187
1321	165
1322	164
1323	167
1324	153
1325	162
1326	149
1327	160
1328	163
1329	148
1330	158
1331	148
1332	121
1333	155
1334	127
1335	141
1336	117
1337	154
1338	117
1339	125
1340	107
1341	128
1342	132
1343	132
1344	110
1345	116
1346	112
1347	98
1348	119
1349	117
1350	107
1351	108
1352	92
1353	100
1354	107
1355	96
1356	111
1357	97
1358	107
1359	111
1360	109
1361	92
1362	106
1363	96
1364	98
1365	114
1366	97
1367	113
1368	100
1369	95
1370	109
1371	83
1372	92
1373	110
1374	85
1375	86
1376	87
1377	98
1378	87
1379	84
1380	87
1381	104
1382	80
1383	112
1384	101
1385	75
1386	89
1387	92
1388	93
1389	105
1390	98
1391	86
1392	99
1393	111
1394	95
1395	98
1396	105
1397	83
1398	92
1399	101
1400	76
1401	84
1402	91
1403	108
1404	103
1405	87
1406	104
1407	100
1408	94
1409	100
1410	85
1411	93
1412	115
1413	89
1414	96
1415	110
1416	98
1417	84
1418	78
1419	102
1420	94
1421	96
1422	95
1423	96
1424	90
1425	107
1426	91
1427	94
1428	95
1429	89
1430	87
1431	99
1432	103
1433	81
1434	87
1435	99
1436	120
1437	96
1438	88
1439	99
1440	101
1441	85
1442	92
1443	83
1444	94
1445	106
1446	105
1447	81
1448	102
1449	97
1450	106
1451	113
1452	89
1453	99
1454	96
1455	93
1456	78
1457	85
1458	89
1459	85
1460	106
1461	81
1462	108
1463	96
1464	91
1465	96
1466	94
1467	108
1468	86
1469	95
1470	100
1471	91
1472	81
1473	91
1474	116
1475	98
1476	100
1477	98
1478	99
1479	96
1480	95
1481	87
1482	86
1483	89
1484	99
1485	92
1486	96
1487	106
1488	103
1489	81
1490	110
1491	88
1492	106
1493	92
1494	88
1495	100
1496	111
1497	92
1498	99
1499	96
1500	79
1501	87
1502	110
1503	116
1504	108
1505	100
1506	107
1507	98
1508	103
1509	105
1510	94
1511	87
1512	81
1513	97
1514	127
1515	99
1516	99
1517	85
1518	89
1519	86
1520	84
1521	101
1522	103
1523	98
1524	104
1525	109
1526	104
1527	96
1528	108
1529	114
1530	111
1531	103
1532	102
1533	111
1534	94
1535	102
1536	98
1537	120
1538	113
1539	93
1540	108
1541	106
1542	108
1543	103
1544	111
1545	114
1546	102
1547	78
1548	118
1549	107
1550	134
1551	115
1552	123
1553	113
1554	115
1555	119
1556	91
1557	102
1558	113
1559	102
1560	115
1561	139
1562	122
1563	119
1564	103
1565	92
1566	116
1567	129
1568	126
1569	123
1570	132
1571	130
1572	129
1573	128
1574	113
1575	130
1576	120
1577	129
1578	115
1579	131
1580	110
1581	124
1582	129
1583	138
1584	125
1585	131
1586	131
1587	137
1588	141
1589	121
1590	126
1591	120
1592	139
1593	133
1594	144
1595	133
1596	117
1597	137
1598	130
1599	156
1600	121
1601	140
1602	156
1603	153
1604	135
1605	148
1606	159
1607	160
1608	146
1609	154
1610	133
1611	161
1612	148
1613	174
1614	133
1615	146
1616	171
1617	150
1618	155
1619	170
1620	190
1621	169
1622	171
1623	163
1624	165
1625	190
1626	168
1627	158
1628	186
1629	186
1630	205
1631	205
1632	155
1633	167
1634	173
1635	191
1636	169
1637	168
1638	189
1639	155
1640	193
1641	194
1642	180
1643	170
1644	197
1645	207
1646	193
1647	183
1648	159
1649	165
1650	187
1651	180
1652	214
1653	196
1654	199
1655	208
1656	177
1657	201
1658	187
1659	176
1660	194
1661	212
1662	208
1663	221
1664	226
1665	202
1666	195
1667	198
1668	219
1669	214
1670	212
1671	187
1672	210
1673	211
1674	188
1675	237
1676	198
1677	218
1678	206
1679	191
1680	206
1681	212
1682	189
1683	216
1684	200
1685	205
1686	172
1687	221
1688	203
1689	205
1690	213
1691	191
1692	173
1693	196
1694	224
1695	194
1696	212
1697	206
1698	217
1699	197
1700	213
1701	184
1702	191
1703	220
1704	223
1705	190
1706	210
1707	162
1708	184
1709	233
1710	211
1711	191
1712	214
1713	193
1714	186
1715	192
1716	170
1717	196
1718	224
1719	165
1720	173
1721	210
1722	171
1723	207
1724	182
1725	175
1726	183
1727	175
1728	200
1729	157
1730	153
1731	182
1732	178
1733	170
1734	192
1735	170
1736	164
1737	184
1738	181
1739	169
1740	159
1741	179
1742	155
1743	182
1744	154
1745	152
1746	142
1747	137
1748	150
1749	151
1750	159
1751	171
1752	174
1753	143
1754	153
1755	126
1756	157
1757	158
1758	144
1759	147
1760	156
1761	123
1762	135
1763	131
1764	126
1765	156
1766	139
1767	122
1768	115
1769	151
1770	131
1771	117
1772	140
1773	140
1774	133
1775	141
1776	124
1777	147
1778	119
1779	130
1780	127
1781	111
1782	137
1783	122
1784	133
1785	126
1786	112
1787	118
1788	109
1789	100
1790	115
1791	94
1792	126
1793	103
1794	108
1795	107
1796	121
1797	112
1798	120
1799	106
1800	111
1801	110
1802	85
1803	108
1804	113
1805	114
1806	104
1807	88
1808	96
1809	91
1810	96
1811	112
1812	101
1813	105
1814	103
1815	96
1816	85
1817	100
1818	104
1819	91
1820	103
1821	109
1822	101
1823	84
1824	92
1825	98
1826	95
1827	97
1828	110
1829	79
1830	95
1831	103
1832	109
1833	103
1834	83
1835	79
1836	86
1837	94
1838	86
1839	92
1840	81
1841	84
1842	80
1843	85
1844	99
1845	88
1846	94
1847	85
1848	88
1849	100
1850	107
1851	79
1852	75
1853	103
1854	86
1855	90
1856	89
1857	80
1858	104
1859	73
1860	99
1861	100
1862	95
1863	91
1864	88
1865	82
1866	97
1867	90
1868	104
1869	87
1870	92
1871	81
1872	78
1873	103
1874	99
1875	93
1876	85
1877	82
1878	101
1879	76
1880	95
1881	99
1882	99
1883	92
1884	113
1885	97
1886	76
1887	67
1888	80
1889	87
1890	76
1891	87
1892	73
1893	78
1894	91
1895	99
1896	101
1897	71
1898	82
1899	88
1900	101
1901	95
1902	100
1903	91
1904	94
1905	107
1906	89
1907	88
1908	97
1909	84
1910	97
1911	95
1912	72
1913	64
1914	94
1915	103
1916	102
1917	89
1918	97
1919	98
1920	87
1921	82
1922	85
1923	100
1924	97
1925	97
1926	105
1927	96
1928	91
1929	92
1930	79
1931	76
1932	94
1933	99
1934	103
1935	88
1936	98
1937	90
1938	95
1939	103
1940	95
1941	89
1942	103
1943	96
1944	103
1945	77
1946	75
1947	95
1948	87
1949	107
1950	87
1951	86
1952	96
1953	93
1954	96
1955	94
1956	86
1957	98
1958	117
1959	78
1960	101
1961	91
1962	92
1963	91
1964	82
1965	101
1966	106
1967	84
1968	94
1969	110
1970	105
1971	109
1972	82
1973	103
1974	102
1975	104
1976	92
1977	97
1978	106
1979	119
1980	98
1981	115
1982	94
1983	90
1984	99
1985	105
1986	104
1987	109
1988	118
1989	106
1990	93
1991	85
1992	94
1993	96
1994	110
1995	97
1996	104
1997	108
1998	110
1999	93
2000	96
2001	86
2002	95
2003	109
2004	99
2005	100
2006	113
2007	110
2008	104
2009	97
2010	119
2011	124
2012	97
2013	108
2014	123
2015	102
2016	104
2017	94
2018	108
2019	88
2020	109
2021	113
2022	106
2023	110
2024	115
2025	113
2026	103
2027	99
2028	121
2029	107
2030	123
2031	143
2032	125
2033	96
2034	105
2035	123
2036	96
2037	89
2038	118
2039	118
2040	116
2041	104
2042	108
2043	106
2044	108
2045	121
2046	104
2047	110
2048	113
2049	105
2050	110
2051	122
2052	107
2053	112
2054	109
2055	123
2056	117
2057	105
2058	113
2059	121
2060	120
2061	110
2062	120
2063	119
2064	118
2065	128
2066	128
2067	130
2068	124
2069	125
2070	122
2071	115
2072	107
2073	121
2074	107
2075	124
2076	130
2077	122
2078	140
2079	128
2080	130
2081	130
2082	128
2083	122
2084	113
2085	136
2086	138
2087	112
2088	126
2089	124
2090	118
2091	107
2092	111
2093	125
2094	114
2095	114
2096	117
2097	120
2098	127
2099	133
2100	135
2101	133
2102	125
2103	138
2104	115
2105	132
2106	127
2107	118
2108	128
2109	142
2110	124
2111	114
2112	101
2113	145
2114	116
2115	126
2116	121
2117	119
2118	148
2119	132
2120	123
2121	107
2122	168
2123	105
2124	141
2125	126
2126	122
2127	128
2128	143
2129	135
2130	157
2131	128
2132	121
2133	138
2134	127
2135	108
2136	148
2137	136
2138	132
2139	116
2140	141
2141	142
2142	110
2143	116
2144	121
2145	105
2146	114
2147	130
2148	153
2149	138
2150	142
2151	164
2152	154
2153	114
2154	129
2155	169
2156	126
2157	134
2158	137
2159	140
2160	127
2161	121
2162	134
2163	156
2164	129
2165	159
2166	103
2167	132
2168	146
2169	147
2170	149
2171	131
2172	145
2173	164
2174	139
2175	147
2176	142
2177	114
2178	165
2179	135
2180	151
2181	141
2182	142
2183	133
2184	155
2185	132
2186	115
2187	137
2188	125
2189	137
2190	161
2191	134
2192	148
2193	161
2194	145
2195	147
2196	127
2197	138
2198	145
2199	130
2200	134
2201	140
2202	141
2203	147
2204	142
2205	133
2206	150
2207	148
2208	132
2209	146
2210	142
2211	142
2212	164
2213	160
2214	135
2215	131
2216	156
2217	168
2218	136
2219	139
2220	141
2221	135
2222	143
2223	146
2224	136
2225	138
2226	153
2227	130
2228	145
2229	140
2230	148
2231	148
2232	147
2233	139
2234	138
2235	120
2236	136
2237	139
2238	155
2239	155
2240	167
2241	145
2242	157
2243	167
2244	135
2245	153
2246	135
2247	153
2248	129
2249	144
2250	149
2251	155
2252	125
2253	154
2254	161
2255	155
2256	151
2257	124
2258	139
2259	142
2260	157
2261	144
2262	163
2263	157
2264	163
2265	160
2266	118
2267	120
2268	156
2269	151
2270	141
2271	163
2272	132
2273	136
2274	163
2275	134
2276	143
2277	143
2278	134
2279	132
2280	152
2281	152
2282	139
2283	155
2284	150
2285	124
2286	154
2287	148
2288	137
2289	151
2290	134
2291	128
2292	146
2293	142
2294	148
2295	148
2296	152
2297	161
2298	140
2299	141
2300	160
2301	141
2302	158
2303	135
2304	140
2305	123
2306	143
2307	135
2308	143
2309	136
2310	139
2311	156
2312	127
2313	142
2314	140
2315	157
2316	128
2317	156
2318	118
2319	154
2320	133
2321	130
2322	134
2323	163
2324	129
2325	132
2326	141
2327	133
2328	117
2329	126
2330	123
2331	148
2332	139
2333	135
2334	136
2335	125
2336	144
2337	148
2338	136
2339	138
2340	142
2341	114
2342	144
2343	135
2344	129
2345	159
2346	135
2347	126
2348	150
2349	142
2350	145
2351	123
2352	141
2353	131
2354	138
2355	140
2356	124
2357	137
2358	150
2359	129
2360	123
2361	137
2362	133
2363	117
2364	141
2365	124
2366	121
2367	133
2368	114
2369	130
2370	121
2371	159
2372	129
2373	125
2374	122
2375	132
2376	119
2377	132
2378	143
2379	134
2380	130
2381	126
2382	141
2383	113
2384	131
2385	111
2386	121
2387	127
2388	108
2389	131
2390	147
2391	120
2392	130
2393	125
2394	134
2395	121
2396	124
2397	124
2398	117
2399	144
2400	132
2401	130
2402	117
2403	128
2404	116
2405	135
2406	116
2407	139
2408	132
2409	122
2410	116
2411	132
2412	116
2413	128
2414	99
2415	105
2416	120
2417	118
2418	118
2419	110
2420	130
2421	110
2422	118
2423	112
2424	129
2425	131
2426	131
2427	113
2428	123
2429	117
2430	122
2431	115
2432	123
2433	101
2434	119
2435	108
2436	119
2437	112
2438	129
2439	100
2440	116
2441	109
2442	113
2443	104
2444	127
2445	96
2446	131
2447	107
2448	111
2449	98
2450	98
2451	108
2452	125
2453	97
2454	116
2455	106
2456	102
2457	109
2458	108
2459	123
2460	106
2461	109
2462	124
2463	108
2464	110
2465	106
2466	124
2467	95
2468	137
2469	117
2470	120
2471	114
2472	127
2473	96
2474	114
2475	93
2476	119
2477	111
2478	112
2479	105
2480	101
2481	101
2482	115
2483	109
2484	112
2485	115
2486	98
2487	101
2488	97
2489	104
2490	115
2491	109
2492	123
2493	111
2494	86
2495	115
2496	94
2497	105
2498	89
2499	103
2500	95
2501	108
2502	108
2503	113
2504	98
2505	104
2506	95
2507	88
2508	111
2509	120
2510	111
2511	103
2512	88
2513	108
2514	84
2515	106
2516	94
2517	101
2518	92
2519	104
2520	108
2521	86
2522	113
2523	98
2524	101
2525	93
2526	116
2527	90
2528	89
2529	121
2530	96
2531	101
2532	90
2533	91
2534	95
2535	95
2536	98
2537	79
2538	99
2539	88
2540	107
2541	87
2542	96
2543	104
2544	95
2545	97
2546	96
2547	111
2548	93
2549	108
2550	120
2551	116
2552	97
2553	92
2554	92
2555	91
2556	108
2557	86
2558	127
2559	89
2560	87
2561	97
2562	117
2563	92
2564	95
2565	85
2566	98
2567	114
2568	98
2569	87
2570	98
2571	84
2572	103
2573	107
2574	105
2575	101
2576	89
2577	77
2578	78
2579	98
2580	90
2581	96
2582	102
2583	86
2584	99
2585	102
2586	102
2587	83
2588	85
2589	101
2590	96
2591	88
2592	95
2593	112
2594	97
2595	88
2596	97
2597	92
2598	104
2599	86
2600	82
2601	84
2602	105
2603	103
2604	112
2605	97
2606	87
2607	85
2608	91
2609	80
2610	95
2611	91
2612	99
2613	89
2614	93
2615	94
2616	95
2617	85
2618	95
2619	106
2620	97
2621	98
2622	84
2623	87
2624	91
2625	96
2626	77
2627	110
2628	89
2629	96
2630	109
2631	101
2632	82
2633	98
2634	91
2635	82
2636	99
2637	96
2638	80
2639	74
2640	88
2641	85
2642	84
2643	90
2644	76
2645	86
2646	98
2647	87
2648	87
2649	89
2650	98
2651	99
2652	104
2653	84
2654	90
2655	93
2656	89
2657	87
2658	85
2659	85
2660	97
2661	101
2662	103
2663	93
2664	88
2665	106
2666	96
2667	83
2668	72
2669	95
2670	97
2671	80
2672	100
2673	85
2674	93
2675	75
2676	77
2677	93
2678	90
2679	89
2680	72
2681	86
2682	81
2683	124
2684	89
2685	85
2686	94
2687	79
2688	100
2689	89
2690	75
2691	92
2692	88
2693	85
2694	91
2695	97
2696	81
2697	83
2698	92
2699	95
2700	105
2701	88
2702	84
2703	100
2704	85
2705	81
2706	101
2707	82
2708	80
2709	77
2710	82
2711	78
2712	73
2713	105
2714	86
2715	78
2716	80
2717	95
2718	79
2719	91
2720	76
2721	98
2722	79
2723	89
2724	74
2725	90
2726	81
2727	96
2728	99
2729	75
2730	86
2731	82
2732	91
2733	92
2734	71
2735	108
2736	87
2737	80
2738	101
2739	82
2740	59
2741	95
2742	85
2743	98
2744	72
2745	79
2746	83
2747	72
2748	90
2749	83
2750	80
2751	80
2752	84
2753	62
2754	77
2755	98
2756	89
2757	80
2758	75
2759	77
2760	86
2761	84
2762	79
2763	78
2764	92
2765	88
2766	79
2767	87
2768	84
2769	101
2770	104
2771	76
2772	71
2773	79
2774	78
2775	74
2776	82
2777	81
2778	96
2779	94
2780	82
2781	85
2782	76
2783	88
2784	73
2785	83
2786	75
2787	78
2788	76
2789	89
2790	73
2791	80
2792	77
2793	80
2794	86
2795	73
2796	85
2797	66
2798	76
2799	88
2800	100
2801	73
2802	94
2803	76
2804	83
2805	63
2806	74
2807	93
2808	91
2809	68
2810	77
2811	75
2812	78
2813	91
2814	70
2815	83
2816	85
2817	85
2818	88
2819	74
2820	83
2821	68
2822	69
2823	78
2824	67
2825	101
2826	71
2827	83
2828	86
2829	81
2830	76
2831	71
2832	84
2833	74
2834	80
2835	60
2836	71
2837	89
2838	58
2839	73
2840	69
2841	81
2842	71
2843	79
2844	68
2845	87
2846	74
2847	68
2848	69
2849	75
2850	76
2851	74
2852	96
2853	79
2854	77
2855	78
2856	66
2857	64
2858	65
2859	70
2860	95
2861	71
2862	71
2863	54
2864	79
2865	74
2866	62
2867	68
2868	90
2869	74
2870	80
2871	64
2872	73
2873	63
2874	51
2875	68
2876	75
2877	63
2878	81
2879	65
2880	82
2881	72
2882	54
2883	64
2884	62
2885	61
2886	69
2887	68
2888	76
2889	84
2890	66
2891	84
2892	67
2893	70
2894	61
2895	61
2896	61
2897	72
2898	71
2899	66
2900	69
2901	57
2902	73
2903	81
2904	63
2905	61
2906	67
2907	57
2908	64
2909	69
2910	73
2911	61
2912	66
2913	66
2914	65
2915	59
2916	83
2917	59
2918	62
2919	65
2920	76
2921	60
2922	65
2923	65
2924	73
2925	62
2926	71
2927	78
2928	62
2929	58
2930	81
2931	72
2932	69
2933	64
2934	69
2935	63
2936	68
2937	61
2938	53
2939	64
2940	58
2941	52
2942	63
2943	66
2944	71
2945	52
2946	75
2947	56
2948	71
2949	58
2950	48
2951	78
2952	32
2953	60
2954	69
2955	65
2956	65
2957	42
2958	46
2959	60
2960	64
2961	58
2962	63
2963	67
2964	74
2965	59
2966	59
2967	55
2968	58
2969	66
2970	53
2971	70
2972	49
2973	61
2974	57
2975	66
2976	77
2977	65
2978	58
2979	61
2980	60
2981	55
2982	51
2983	64
2984	66
2985	58
2986	67
2987	68
2988	62
2989	56
2990	63
2991	67
2992	71
2993	73
2994	62
2995	60
2996	68
2997	59
2998	62
2999	45
3000	61
3001	60
3002	77
3003	60
3004	57
3005	63
3006	55
3007	53
3008	55
3009	59
3010	49
3011	56
3012	65
3013	46
3014	48
3015	64
3016	62
3017	57
3018	53
3019	57
3020	55
3021	64
3022	55
3023	44
3024	71
3025	47
3026	62
3027	67
3028	59
3029	57
3030	56
3031	63
3032	44
3033	55
3034	53
3035	59
3036	61
3037	64
3038	52
3039	76
3040	66
3041	50
3042	64
3043	54
3044	50
3045	53
3046	47
3047	56
3048	63
3049	63
3050	60
3051	64
3052	56
3053	54
3054	57
3055	53
3056	54
3057	74
3058	52
3059	61
3060	45
3061	70
3062	44
3063	77
3064	45
3065	59
3066	53
3067	56
3068	59
3069	58
3070	60
3071	70
3072	49
3073	58
3074	55
3075	45
3076	57
3077	59
3078	55
3079	62
3080	57
3081	54
3082	64
3083	57
3084	59
3085	60
3086	63
3087	64
3088	47
3089	61
3090	54
3091	62
3092	49
3093	56
3094	46
3095	53
3096	58
3097	56
3098	64
3099	50
3100	55
3101	51
3102	67
3103	53
3104	51
3105	59
3106	48
3107	48
3108	60
3109	47
3110	52
3111	64
3112	60
3113	55
3114	57
3115	64
3116	40
3117	56
3118	60
3119	50
3120	62
3121	57
3122	51
3123	50
3124	54
3125	58
3126	54
3127	57
3128	41
3129	63
3130	69
3131	57
3132	57
3133	54
3134	41
3135	52
3136	54
3137	39
3138	62
3139	48
3140	46
3141	53
3142	53
3143	50
3144	64
3145	65
3146	57
3147	48
3148	42
3149	59
3150	58
3151	55
3152	60
3153	57
3154	45
3155	52
3156	57
3157	63
3158	55
3159	56
3160	61
3161	53
3162	45
3163	50
3164	58
3165	51
3166	59
3167	54
3168	54
3169	52
3170	60
3171	59
3172	59
3173	54
3174	53
3175	59
3176	56
3177	41
3178	52
3179	54
3180	51
3181	55
3182	50
3183	52
3184	46
3185	51
3186	46
3187	63
3188	61
3189	37
3190	39
3191	58
3192	57
3193	59
3194	52
3195	54
3196	42
3197	57
3198	51
3199	54
3200	53
3201	54
3202	49
3203	45
3204	47
3205	51
3206	50
3207	48
3208	60
3209	45
3210	41
3211	43
3212	57
3213	63
3214	54
3215	56
3216	59
3217	39
3218	51
3219	42
3220	53
3221	54
3222	60
3223	57
3224	61
3225	66
3226	47
3227	48
3228	62
3229	62
3230	55
3231	52
3232	41
3233	54
3234	58
3235	45
3236	46
3237	48
3238	55
3239	40
3240	55
3241	58
3242	40
3243	60
3244	49
3245	40
3246	54
3247	48
3248	38
3249	54
3250	55
3251	48
3252	49
3253	42
3254	52
3255	52
3256	41
3257	46
3258	51
3259	47
3260	44
3261	70
3262	49
3263	47
3264	45
3265	39
3266	52
3267	44
3268	56
3269	53
3270	42
3271	50
3272	54
3273	52
3274	45
3275	56
3276	61
3277	45
3278	52
3279	50
3280	48
3281	58
3282	33
3283	45
3284	42
3285	47
3286	41
3287	43
3288	58
3289	42
3290	51
3291	40
3292	52
3293	49
3294	57
3295	53
3296	54
3297	44
3298	46
3299	38
3300	42
3301	43
3302	55
3303	40
3304	43
3305	51
3306	48
3307	45
3308	56
3309	59
3310	46
3311	53
3312	39
3313	42
3314	50
3315	46
3316	54
3317	45
3318	53
3319	53
3320	46
3321	40
3322	45
3323	52
3324	40
3325	51
3326	48
3327	56
3328	59
3329	47
3330	61
3331	54
3332	52
3333	30
3334	41
3335	44
3336	37
3337	51
3338	46
3339	53
3340	43
3341	47
3342	43
3343	47
3344	44
3345	52
3346	43
3347	49
3348	39
3349	46
3350	55
3351	44
3352	41
3353	50
3354	48
3355	48
3356	52
3357	45
3358	37
3359	48
3360	46
3361	41
3362	30
3363	38
3364	52
3365	39
3366	32
3367	45
3368	42
3369	50
3370	34
3371	42
3372	44
3373	49
3374	52
3375	41
3376	56
3377	45
3378	37
3379	55
3380	37
3381	38
3382	43
3383	45
3384	43
3385	36
3386	41
3387	41
3388	43
3389	38
3390	31
3391	48
3392	34
3393	36
3394	46
3395	37
3396	42
3397	48
3398	39
3399	39
3400	44
3401	51
3402	43
3403	33
3404	49
3405	44
3406	43
3407	41
3408	37
3409	48
3410	41
3411	46
3412	33
3413	42
3414	42
3415	42
3416	39
3417	54
3418	48
3419	45
3420	47
3421	40
3422	32
3423	50
3424	51
3425	47
3426	38
3427	47
3428	46
3429	39
3430	65
3431	55
3432	37
3433	43
3434	39
3435	37
3436	49
3437	50
3438	53
3439	43
3440	47
3441	33
3442	49
3443	51
3444	49
3445	39
3446	53
3447	45
3448	45
3449	36
3450	41
3451	42
3452	36
3453	36
3454	49
3455	52
3456	42
3457	37
3458	44
3459	40
3460	49
3461	35
3462	46
3463	37
3464	48
3465	42
3466	36
3467	41
3468	27
3469	36
3470	27
3471	41
3472	58
3473	36
3474	52
3475	34
3476	48
3477	40
3478	52
3479	47
3480	48
3481	60
3482	31
3483	44
3484	43
3485	56
3486	57
3487	40
3488	34
3489	34
3490	39
3491	41
3492	45
3493	40
3494	39
3495	44
3496	29
3497	45
3498	35
3499	50
3500	40
3501	39
3502	44
3503	38
3504	48
3505	53
3506	38
3507	44
3508	48
3509	33
3510	47
3511	46
3512	49
3513	55
3514	41
3515	46
3516	51
3517	48
3518	45
3519	43
3520	40
3521	48
3522	46
3523	33
3524	46
3525	40
3526	36
3527	41
3528	50
3529	46
3530	35
3531	39
3532	52
3533	37
3534	38
3535	44
3536	43
3537	48
3538	44
3539	29
3540	34
3541	52
3542	51
3543	53
3544	36
3545	42
3546	48
3547	39
3548	43
3549	48
3550	41
3551	40
3552	46
3553	43
3554	53
3555	47
3556	39
3557	42
3558	50
3559	44
3560	43
3561	43
3562	48
3563	60
3564	45
3565	48
3566	46
3567	35
3568	53
3569	37
3570	43
3571	36
3572	41
3573	60
3574	43
3575	45
3576	39
3577	50
3578	44
3579	43
3580	54
3581	45
3582	43
3583	51
3584	60
3585	46
3586	53
3587	53
3588	42
3589	58
3590	43
3591	45
3592	50
3593	43
3594	41
3595	38
3596	57
3597	50
3598	46
3599	44
3600	47
3601	45
3602	38
3603	47
3604	44
3605	50
3606	40
3607	47
3608	58
3609	50
3610	56
3611	37
3612	46
3613	56
3614	45
3615	57
3616	55
3617	31
3618	57
3619	51
3620	48
3621	50
3622	43
3623	70
3624	46
3625	48
3626	53
3627	48
3628	56
3629	52
3630	53
3631	36
3632	55
3633	53
3634	47
3635	58
3636	50
3637	52
3638	47
3639	51
3640	53
3641	58
3642	46
3643	46
3644	68
3645	46
3646	49
3647	66
3648	43
3649	61
3650	59
3651	65
3652	59
3653	49
3654	56
3655	58
3656	67
3657	57
3658	51
3659	52
3660	57
3661	69
3662	62
3663	60
3664	71
3665	69
3666	54
3667	66
3668	67
3669	59
3670	47
3671	61
3672	62
3673	52
3674	56
3675	60
3676	53
3677	67
3678	52
3679	55
3680	65
3681	57
3682	54
3683	88
3684	54
3685	58
3686	65
3687	77
3688	67
3689	65
3690	57
3691	67
3692	61
3693	61
3694	77
3695	54
3696	49
3697	71
3698	72
3699	63
3700	60
3701	71
3702	66
3703	71
3704	74
3705	54
3706	52
3707	60
3708	72
3709	64
3710	71
3711	68
3712	70
3713	72
3714	77
3715	74
3716	68
3717	72
3718	79
3719	68
3720	70
3721	69
3722	92
3723	65
3724	78
3725	78
3726	71
3727	74
3728	80
3729	68
3730	74
3731	74
3732	72
3733	81
3734	73
3735	78
3736	85
3737	64
3738	74
3739	81
3740	71
3741	73
3742	94
3743	64
3744	82
3745	79
3746	89
3747	72
3748	88
3749	85
3750	63
3751	80
3752	78
3753	77
3754	80
3755	91
3756	68
3757	80
3758	75
3759	120
3760	80
3761	91
3762	78
3763	78
3764	88
3765	95
3766	90
3767	82
3768	101
3769	87
3770	73
3771	86
3772	91
3773	99
3774	78
3775	74
3776	96
3777	89
3778	91
3779	69
3780	67
3781	104
3782	70
3783	89
3784	96
3785	112
3786	88
3787	78
3788	98
3789	79
3790	80
3791	89
3792	79
3793	78
3794	94
3795	96
3796	93
3797	85
3798	95
3799	95
3800	84
3801	87
3802	87
3803	80
3804	82
3805	75
3806	81
3807	76
3808	89
3809	93
3810	103
3811	95
3812	111
3813	99
3814	90
3815	98
3816	84
3817	106
3818	93
3819	82
3820	98
3821	97
3822	120
3823	106
3824	101
3825	79
3826	84
3827	110
3828	103
3829	102
3830	96
3831	91
3832	108
3833	101
3834	92
3835	108
3836	104
3837	90
3838	94
3839	87
3840	105
3841	102
3842	87
3843	96
3844	90
3845	93
3846	99
3847	88
3848	87
3849	120
3850	95
3851	96
3852	93
3853	115
3854	117
3855	117
3856	110
3857	108
3858	100
3859	103
3860	100
3861	110
3862	105
3863	100
3864	111
3865	110
3866	115
3867	107
3868	98
3869	94
3870	103
3871	96
3872	90
3873	97
3874	123
3875	105
3876	99
3877	93
3878	108
3879	94
3880	105
3881	81
3882	112
3883	98
3884	109
3885	116
3886	91
3887	94
3888	92
3889	119
3890	121
3891	114
3892	110
3893	119
3894	100
3895	100
3896	100
3897	94
3898	102
3899	88
3900	112
3901	127
3902	105
3903	112
3904	88
3905	115
3906	105
3907	117
3908	110
3909	89
3910	104
3911	119
3912	106
3913	115
3914	117
3915	135
3916	112
3917	107
3918	103
3919	110
3920	94
3921	119
3922	93
3923	100
3924	95
3925	98
3926	116
3927	114
3928	112
3929	93
3930	122
3931	124
3932	121
3933	103
3934	109
3935	109
3936	105
3937	113
3938	119
3939	125
3940	106
3941	87
3942	95
3943	121
3944	98
3945	108
3946	90
3947	98
3948	117
3949	106
3950	136
3951	114
3952	111
3953	115
3954	108
3955	122
3956	110
3957	114
3958	95
3959	111
3960	128
3961	114
3962	112
3963	119
3964	117
3965	106
3966	98
3967	94
3968	109
3969	123
3970	93
3971	102
3972	108
3973	113
3974	110
3975	105
3976	131
3977	109
3978	119
3979	126
3980	115
3981	129
3982	113
3983	121
3984	117
3985	108
3986	116
3987	111
3988	107
3989	124
3990	124
3991	122
3992	147
3993	144
3994	139
3995	125
3996	128
3997	115
3998	114
3999	122
4000	135
4001	112
4002	111
4003	110
4004	124
4005	116
4006	116
4007	120
4008	136
4009	107
4010	118
4011	127
4012	117
4013	121
4014	123
4015	104
4016	123
4017	116
4018	133
4019	120
4020	129
4021	111
4022	136
4023	113
4024	104
4025	154
4026	129
4027	127
4028	122
4029	125
4030	121
4031	136
4032	136
4033	143
4034	122
4035	127
4036	120
4037	114
4038	117
4039	146
4040	111
4041	120
4042	134
4043	119
4044	134
4045	129
4046	133
4047	136
4048	134
4049	133
4050	148
4051	146
4052	118
4053	143
4054	128
4055	141
4056	142
4057	138
4058	144
4059	130
4060	142
4061	130
4062	139
4063	154
4064	134
4065	140
4066	157
4067	150
4068	140
4069	134
4070	133
4071	160
4072	147
4073	155
4074	139
4075	138
4076	140
4077	160
4078	148
4079	146
4080	144
4081	132
4082	169
4083	146
4084	141
4085	130
4086	163
4087	156
4088	123
4089	142
4090	143
4091	165
4092	145
4093	148
4094	154
4095	168
4096	162
4097	149
4098	138
4099	157
4100	147
4101	154
4102	142
4103	148
4104	176
4105	157
4106	172
4107	155
4108	170
4109	153
4110	181
4111	163
4112	145
4113	148
4114	160
4115	153
4116	145
4117	160
4118	153
4119	161
4120	145
4121	182
4122	152
4123	170
4124	166
4125	131
4126	175
4127	145
4128	205
4129	171
4130	146
4131	176
4132	181
4133	193
4134	158
4135	154
4136	147
4137	161
4138	185
4139	159
4140	158
4141	168
4142	163
4143	180
4144	167
4145	182
4146	158
4147	189
4148	165
4149	166
4150	194
4151	193
4152	167
4153	186
4154	169
4155	196
4156	176
4157	183
4158	185
4159	177
4160	194
4161	187
4162	188
4163	161
4164	170
4165	177
4166	167
4167	188
4168	176
4169	156
4170	161
4171	196
4172	189
4173	188
4174	201
4175	167
4176	179
4177	208
4178	184
4179	197
4180	197
4181	202
4182	203
4183	186
4184	206
4185	181
4186	172
4187	206
4188	159
4189	189
4190	177
4191	187
4192	172
4193	172
4194	191
4195	201
4196	171
4197	176
4198	177
4199	188
4200	204
4201	179
4202	205
4203	195
4204	165
4205	199
4206	189
4207	200
4208	177
4209	185
4210	171
4211	185
4212	178
4213	198
4214	197
4215	198
4216	173
4217	178
4218	165
4219	176
4220	153
4221	211
4222	202
4223	187
4224	215
4225	191
4226	200
4227	202
4228	172
4229	185
4230	203
4231	200
4232	186
4233	209
4234	199
4235	172
4236	185
4237	178
4238	193
4239	174
4240	187
4241	201
4242	204
4243	202
4244	207
4245	195
4246	195
4247	173
4248	207
4249	171
4250	186
4251	194
4252	189
4253	195
4254	178
4255	175
4256	193
4257	198
4258	184
4259	212
4260	216
4261	175
4262	191
4263	174
4264	181
4265	201
4266	212
4267	209
4268	196
4269	197
4270	204
4271	203
4272	188
4273	183
4274	173
4275	182
4276	205
4277	176
4278	191
4279	190
4280	204
4281	205
4282	190
4283	191
4284	182
4285	184
4286	198
4287	182
4288	181
4289	199
4290	201
4291	173
4292	201
4293	168
4294	203
4295	177
4296	171
4297	193
4298	199
4299	189
4300	177
4301	192
4302	195
4303	193
4304	172
4305	182
4306	191
4307	179
4308	177
4309	167
4310	203
4311	188
4312	157
4313	206
4314	180
4315	173
4316	184
4317	180
4318	184
4319	173
4320	205
4321	196
4322	180
4323	190
4324	169
4325	176
4326	169
4327	181
4328	156
4329	188
4330	165
4331	168
4332	203
4333	182
4334	197
4335	167
4336	162
4337	155
4338	171
4339	155
4340	158
4341	184
4342	170
4343	164
4344	158
4345	179
4346	151
4347	155
4348	176
4349	176
4350	159
4351	152
4352	162
4353	189
4354	146
4355	170
4356	173
4357	151
4358	143
4359	171
4360	171
4361	166
4362	161
4363	145
4364	154
4365	161
4366	154
4367	148
4368	161
4369	145
4370	140
4371	185
4372	115
4373	134
4374	162
4375	124
4376	158
4377	145
4378	135
4379	149
4380	145
4381	124
4382	152
4383	138
4384	145
4385	129
4386	134
4387	142
4388	142
4389	121
4390	159
4391	144
4392	150
4393	146
4394	137
4395	153
4396	144
4397	133
4398	122
4399	148
4400	137
4401	159
4402	134
4403	149
4404	147
4405	136
4406	126
4407	140
4408	128
4409	128
4410	137
4411	127
4412	155
4413	131
4414	131
4415	109
4416	151
4417	117
4418	134
4419	138
4420	117
4421	126
4422	129
4423	125
4424	127
4425	119
4426	118
4427	137
4428	128
4429	99
4430	129
4431	120
4432	103
4433	120
4434	124
4435	135
4436	127
4437	102
4438	128
4439	121
4440	97
4441	123
4442	99
4443	126
4444	109
4445	110
4446	126
4447	110
4448	99
4449	107
4450	106
4451	130
4452	115
4453	107
4454	133
4455	102
4456	123
4457	108
4458	113
4459	112
4460	98
4461	122
4462	124
4463	98
4464	95
4465	122
4466	97
4467	94
4468	96
4469	98
4470	103
4471	95
4472	77
4473	109
4474	95
4475	101
4476	98
4477	95
4478	110
4479	80
4480	100
4481	90
4482	111
4483	72
4484	99
4485	100
4486	95
4487	98
4488	93
4489	92
4490	116
4491	94
4492	116
4493	100
4494	80
4495	89
4496	95
4497	74
4498	114
4499	83
4500	109
4501	83
4502	83
4503	92
4504	87
4505	80
4506	85
4507	91
4508	82
4509	109
4510	93
4511	89
4512	89
4513	72
4514	94
4515	81
4516	69
4517	83
4518	76
4519	83
4520	94
4521	84
4522	85
4523	91
4524	95
4525	87
4526	90
4527	113
4528	101
4529	83
4530	102
4531	102
4532	86
4533	91
4534	73
4535	87
4536	73
4537	89
4538	82
4539	82
4540	85
4541	89
4542	96
4543	100
4544	79
4545	81
4546	84
4547	102
4548	89
4549	89
4550	103
4551	77
4552	89
4553	83
4554	85
4555	91
4556	97
4557	90
4558	88
4559	95
4560	82
4561	91
4562	93
4563	79
4564	87
4565	94
4566	92
4567	77
4568	106
4569	94
4570	91
4571	90
4572	78
4573	77
4574	83
4575	84
4576	92
4577	91
4578	89
4579	93
4580	91
4581	80
4582	80
4583	97
4584	94
4585	88
4586	98
4587	91
4588	92
4589	105
4590	85
4591	107
4592	76
4593	116
4594	90
4595	100
4596	76
4597	80
4598	92
4599	75
4600	116
4601	89
4602	101
4603	94
4604	94
4605	99
4606	93
4607	99
4608	104
4609	108
4610	94
4611	83
4612	91
4613	129
4614	131
4615	90
4616	114
4617	107
4618	117
4619	81
4620	111
4621	107
4622	115
4623	108
4624	102
4625	111
4626	111
4627	91
4628	136
4629	121
4630	100
4631	107
4632	102
4633	115
4634	117
4635	107
4636	126
4637	131
4638	124
4639	111
4640	123
4641	126
4642	114
4643	119
4644	116
4645	115
4646	123
4647	121
4648	142
4649	120
4650	117
4651	126
4652	130
4653	136
4654	141
4655	159
4656	144
4657	133
4658	120
4659	152
4660	147
4661	148
4662	141
4663	155
4664	124
4665	143
4666	125
4667	144
4668	164
4669	164
4670	126
4671	151
4672	175
4673	153
4674	144
4675	172
4676	164
4677	152
4678	176
4679	155
4680	144
4681	186
4682	157
4683	134
4684	163
4685	160
4686	143
4687	153
4688	181
4689	176
4690	175
4691	169
4692	162
4693	164
4694	168
4695	155
4696	174
4697	178
4698	186
4699	171
4700	178
4701	185
4702	183
4703	180
4704	183
4705	171
4706	168
4707	177
4708	176
4709	183
4710	207
4711	166
4712	211
4713	170
4714	220
4715	215
4716	196
4717	195
4718	220
4719	188
4720	208
4721	168
4722	192
4723	204
4724	216
4725	214
4726	226
4727	203
4728	228
4729	210
4730	213
4731	223
4732	213
4733	228
4734	232
4735	237
4736	221
4737	216
4738	247
4739	261
4740	231
4741	251
4742	249
4743	224
4744	227
4745	205
4746	235
4747	231
4748	252
4749	231
4750	249
4751	240
4752	224
4753	270
4754	251
4755	221
4756	244
4757	259
4758	245
4759	273
4760	256
4761	288
4762	253
4763	271
4764	265
4765	275
4766	298
4767	285
4768	250
4769	277
4770	286
4771	266
4772	291
4773	258
4774	276
4775	278
4776	264
4777	290
4778	271
4779	284
4780	305
4781	293
4782	276
4783	288
4784	283
4785	313
4786	272
4787	288
4788	304
4789	343
4790	281
4791	288
4792	305
4793	295
4794	307
4795	307
4796	324
4797	308
4798	285
4799	301
4800	314
4801	333
4802	304
4803	299
4804	285
4805	279
4806	315
4807	319
4808	289
4809	300
4810	309
4811	335
4812	321
4813	319
4814	371
4815	316
4816	319
4817	337
4818	347
4819	322
4820	350
4821	324
4822	302
4823	363
4824	336
4825	369
4826	336
4827	361
4828	363
4829	350
4830	356
4831	359
4832	377
4833	383
4834	373
4835	334
4836	396
4837	337
4838	367
4839	353
4840	365
4841	410
4842	392
4843	364
4844	384
4845	374
4846	381
4847	386
4848	381
4849	422
4850	391
4851	428
4852	388
4853	396
4854	365
4855	365
4856	344
4857	414
4858	386
4859	415
4860	410
4861	379
4862	398
4863	364
4864	402
4865	413
4866	430
4867	408
4868	408
4869	409
4870	376
4871	406
4872	420
4873	391
4874	382
4875	413
4876	428
4877	428
4878	393
4879	397
4880	411
4881	423
4882	387
4883	401
4884	433
4885	408
4886	444
4887	429
4888	429
4889	423
4890	405
4891	447
4892	412
4893	431
4894	446
4895	422
4896	425
4897	437
4898	441
4899	450
4900	448
4901	464
4902	447
4903	432
4904	420
4905	459
4906	451
4907	415
4908	378
4909	448
4910	424
4911	384
4912	474
4913	454
4914	405
4915	453
4916	472
4917	412
4918	474
4919	425
4920	436
4921	460
4922	488
4923	450
4924	442
4925	433
4926	426
4927	453
4928	455
4929	458
4930	453
4931	441
4932	442
4933	428
4934	488
4935	471
4936	471
4937	461
4938	457
4939	460
4940	444
4941	458
4942	483
4943	457
4944	477
4945	458
4946	470
4947	442
4948	504
4949	429
4950	458
4951	448
4952	456
4953	484
4954	447
4955	461
4956	464
4957	508
4958	440
4959	458
4960	484
4961	433
4962	469
4963	448
4964	491
4965	450
4966	423
4967	485
4968	475
4969	426
4970	459
4971	512
4972	493
4973	468
4974	493
4975	464
4976	517
4977	457
4978	463
4979	424
4980	499
4981	492
4982	449
4983	492
4984	484
4985	453
4986	478
4987	434
4988	428
4989	412
4990	467
4991	499
4992	488
4993	503
4994	462
4995	477
4996	432
4997	462
4998	489
4999	469
5000	450
5001	427
5002	448
5003	472
5004	494
5005	454
5006	463
5007	452
5008	494
5009	483
5010	436
5011	451
5012	439
5013	465
5014	484
5015	409
5016	430
5017	437
5018	480
5019	466
5020	444
5021	441
5022	462
5023	443
5024	489
5025	505
5026	436
5027	462
5028	478
5029	443
5030	405
5031	446
5032	444
5033	444
5034	482
5035	441
5036	429
5037	457
5038	457
5039	453
5040	430
5041	458
5042	482
5043	427
5044	446
5045	468
5046	464
5047	457
5048	404
5049	434
5050	436
5051	428
5052	416
5053	422
5054	419
5055	421
5056	420
5057	465
5058	452
5059	447
5060	449
5061	496
5062	407
5063	413
5064	438
5065	418
5066	466
5067	457
5068	402
5069	443
5070	414
5071	407
5072	409
5073	408
5074	396
5075	402
5076	401
5077	417
5078	439
5079	428
5080	449
5081	400
5082	418
5083	386
5084	409
5085	391
5086	428
5087	376
5088	433
5089	394
5090	410
5091	391
5092	404
5093	401
5094	393
5095	403
5096	378
5097	390
5098	375
5099	417
5100	399
5101	374
5102	378
5103	358
5104	349
5105	387
5106	363
5107	373
5108	403
5109	353
5110	387
5111	375
5112	380
5113	380
5114	382
5115	397
5116	380
5117	352
5118	359
5119	390
5120	345
5121	343
5122	363
5123	373
5124	406
5125	324
5126	372
5127	383
5128	371
5129	298
5130	342
5131	346
5132	344
5133	361
5134	342
5135	351
5136	358
5137	311
5138	362
5139	343
5140	325
5141	330
5142	348
5143	342
5144	345
5145	321
5146	326
5147	343
5148	302
5149	332
5150	329
5151	326
5152	332
5153	327
5154	347
5155	326
5156	308
5157	325
5158	345
5159	307
5160	323
5161	277
5162	315
5163	304
5164	324
5165	316
5166	315
5167	275
5168	324
5169	271
5170	308
5171	311
5172	292
5173	316
5174	341
5175	317
5176	307
5177	313
5178	325
5179	285
5180	323
5181	281
5182	305
5183	289
5184	267
5185	305
5186	280
5187	309
5188	306
5189	269
5190	299
5191	267
5192	258
5193	303
5194	272
5195	283
5196	255
5197	256
5198	268
5199	303
5200	259
5201	259
5202	292
5203	272
5204	307
5205	270
5206	292
5207	286
5208	296
5209	257
5210	260
5211	238
5212	258
5213	218
5214	262
5215	264
5216	278
5217	248
5218	274
5219	286
5220	257
5221	272
5222	249
5223	234
5224	269
5225	282
5226	262
5227	269
5228	237
5229	255
5230	247
5231	245
5232	231
5233	256
5234	276
5235	262
5236	235
5237	249
5238	224
5239	228
5240	240
5241	217
5242	220
5243	252
5244	228
5245	231
5246	232
5247	239
5248	225
5249	253
5250	242
5251	235
5252	247
5253	225
5254	215
5255	221
5256	269
5257	205
5258	229
5259	218
5260	231
5261	227
5262	220
5263	270
5264	216
5265	218
5266	237
5267	216
5268	251
5269	205
5270	189
5271	222
5272	206
5273	230
5274	199
5275	201
5276	182
5277	221
5278	197
5279	218
5280	234
5281	204
5282	212
5283	215
5284	190
5285	182
5286	189
5287	213
5288	231
5289	211
5290	244
5291	180
5292	183
5293	239
5294	180
5295	193
5296	188
5297	216
5298	216
5299	217
5300	204
5301	207
5302	204
5303	191
5304	197
5305	196
5306	192
5307	205
5308	192
5309	170
5310	180
5311	207
5312	189
5313	195
5314	193
5315	178
5316	195
5317	183
5318	191
5319	161
5320	193
5321	194
5322	188
5323	193
5324	183
5325	182
5326	197
5327	209
5328	215
5329	190
5330	182
5331	212
5332	172
5333	196
5334	185
5335	170
5336	190
5337	175
5338	196
5339	208
5340	185
5341	206
5342	181
5343	183
5344	200
5345	194
5346	177
5347	164
5348	193
5349	172
5350	180
5351	182
5352	193
5353	179
5354	189
5355	167
5356	191
5357	194
5358	194
5359	201
5360	188
5361	156
5362	172
5363	181
5364	184
5365	182
5366	164
5367	186
5368	184
5369	167
5370	184
5371	185
5372	175
5373	184
5374	176
5375	189
5376	163
5377	184
5378	166
5379	152
5380	161
5381	153
5382	199
5383	189
5384	192
5385	189
5386	176
5387	171
5388	177
5389	153
5390	193
5391	174
5392	167
5393	178
5394	164
5395	198
5396	144
5397	184
5398	173
5399	186
5400	135
5401	170
5402	156
5403	157
5404	172
5405	156
5406	168
5407	171
5408	171
5409	170
5410	165
5411	147
5412	166
5413	166
5414	168
5415	161
5416	159
5417	165
5418	162
5419	122
5420	186
5421	171
5422	176
5423	166
5424	165
5425	173
5426	156
5427	158
5428	138
5429	147
5430	160
5431	141
5432	181
5433	155
5434	154
5435	157
5436	130
5437	161
5438	140
5439	158
5440	161
5441	161
5442	152
5443	169
5444	172
5445	155
5446	145
5447	145
5448	156
5449	133
5450	150
5451	137
5452	174
5453	154
5454	135
5455	156
5456	159
5457	173
5458	160
5459	152
5460	158
5461	129
5462	150
5463	147
5464	146
5465	166
5466	165
5467	145
5468	153
5469	144
5470	139
5471	141
5472	144
5473	143
5474	167
5475	131
5476	145
5477	164
5478	139
5479	136
5480	158
5481	133
5482	122
5483	142
5484	161
5485	140
5486	131
5487	138
5488	133
5489	148
5490	142
5491	160
5492	175
5493	131
5494	117
5495	166
5496	122
5497	160
5498	144
5499	148
5500	104
5501	158
5502	129
5503	132
5504	136
5505	126
5506	122
5507	133
5508	157
5509	162
5510	128
5511	139
5512	134
5513	141
5514	140
5515	141
5516	144
5517	137
5518	111
5519	123
5520	131
5521	140
5522	132
5523	136
5524	119
5525	136
5526	119
5527	135
5528	138
5529	119
5530	123
5531	123
5532	133
5533	124
5534	130
5535	108
5536	108
5537	112
5538	126
5539	133
5540	133
5541	112
5542	117
5543	137
5544	123
5545	110
5546	116
5547	127
5548	126
5549	113
5550	123
5551	121
5552	105
5553	117
5554	132
5555	134
5556	126
5557	114
5558	120
5559	109
5560	118
5561	122
5562	103
5563	116
5564	137
5565	126
5566	107
5567	129
5568	111
5569	116
5570	110
5571	132
5572	126
5573	104
5574	108
5575	106
5576	122
5577	114
5578	106
5579	114
5580	100
5581	112
5582	105
5583	82
5584	96
5585	108
5586	116
5587	110
5588	105
5589	97
5590	112
5591	119
5592	100
5593	95
5594	88
5595	106
5596	113
5597	99
5598	91
5599	97
5600	99
5601	107
5602	86
5603	94
5604	83
5605	115
5606	70
5607	105
5608	102
5609	91
5610	102
5611	76
5612	96
5613	84
5614	90
5615	109
5616	114
5617	108
5618	79
5619	92
5620	98
5621	107
5622	101
5623	84
5624	114
5625	102
5626	101
5627	101
5628	92
5629	86
5630	89
5631	101
5632	84
5633	94
5634	88
5635	89
5636	102
5637	90
5638	96
5639	77
5640	83
5641	75
5642	73
5643	105
5644	99
5645	81
5646	89
5647	75
5648	81
5649	76
5650	85
5651	78
5652	81
5653	70
5654	82
5655	64
5656	71
5657	87
5658	93
5659	72
5660	72
5661	78
5662	73
5663	83
5664	76
5665	66
5666	81
5667	62
5668	79
5669	84
5670	80
5671	74
5672	73
5673	70
5674	65
5675	74
5676	67
5677	66
5678	80
5679	73
5680	59
5681	76
5682	65
5683	64
5684	47
5685	79
5686	69
5687	72
5688	60
5689	74
5690	81
5691	70
5692	67
5693	68
5694	57
5695	67
5696	72
5697	71
5698	64
5699	46
5700	69
5701	70
5702	67
5703	62
5704	68
5705	70
5706	63
5707	62
5708	61
5709	68
5710	54
5711	66
5712	61
5713	69
5714	58
5715	63
5716	69
5717	60
5718	57
5719	67
5720	71
5721	58
5722	61
5723	68
5724	57
5725	59
5726	53
5727	71
5728	63
5729	46
5730	75
5731	56
5732	47
5733	44
5734	49
5735	38
5736	48
5737	53
5738	60
5739	54
5740	58
5741	55
5742	58
5743	47
5744	67
5745	60
5746	57
5747	55
5748	64
5749	59
5750	54
5751	54
5752	56
5753	50
5754	43
5755	58
5756	45
5757	55
5758	60
5759	55
5760	56
5761	42
5762	53
5763	39
5764	56
5765	52
5766	52
5767	44
5768	48
5769	33
5770	49
5771	46
5772	45
5773	48
5774	40
5775	58
5776	62
5777	54
5778	47
5779	34
5780	59
5781	33
5782	59
5783	49
5784	44
5785	49
5786	50
5787	49
5788	37
5789	41
5790	46
5791	47
5792	42
5793	46
5794	41
5795	42
5796	40
5797	48
5798	38
5799	42
5800	46
5801	50
5802	45
5803	38
5804	52
5805	51
5806	43
5807	42
5808	37
5809	43
5810	50
5811	36
5812	35
5813	38
5814	36
5815	40
5816	37
5817	37
5818	44
5819	51
5820	42
5821	42
5822	41
5823	37
5824	51
5825	30
5826	41
5827	51
5828	43
5829	54
5830	46
5831	43
5832	40
5833	48
5834	55
5835	28
5836	45
5837	47
5838	38
5839	44
5840	35
5841	40
5842	48
5843	59
5844	39
5845	41
5846	48
5847	31
5848	30
5849	33
5850	46
5851	39
5852	41
5853	30
5854	44
5855	41
5856	40
5857	35
5858	53
5859	46
5860	45
5861	39
5862	39
5863	35
5864	44
5865	30
5866	49
5867	38
5868	41
5869	32
5870	38
5871	40
5872	35
5873	50
5874	29
5875	45
5876	41
5877	35
5878	36
5879	42
5880	36
5881	40
5882	42
5883	31
5884	37
5885	44
5886	38
5887	49
5888	47
5889	34
5890	48
5891	49
5892	48
5893	59
5894	51
5895	46
5896	48
5897	47
5898	36
5899	43
5900	40
5901	44
5902	25
5903	43
5904	39
5905	42
5906	22
5907	27
5908	45
5909	43
5910	42
5911	35
5912	40
5913	43
5914	41
5915	33
5916	35
5917	43
5918	48
5919	33
5920	37
5921	44
5922	39
5923	33
5924	41
5925	46
5926	40
5927	39
5928	33
5929	45
5930	39
5931	42
5932	38
5933	47
5934	37
5935	32
5936	35
5937	35
5938	34
5939	39
5940	48
5941	40
5942	24
5943	37
5944	44
5945	46
5946	45
5947	51
5948	38
5949	53
5950	44
5951	50
5952	35
5953	43
5954	34
5955	35
5956	43
5957	37
5958	39
5959	33
5960	40
5961	39
5962	37
5963	42
5964	36
5965	25
5966	44
5967	48
5968	46
5969	44
5970	28
5971	38
5972	47
5973	41
5974	35
5975	42
5976	41
5977	43
5978	47
5979	48
5980	37
5981	50
5982	47
5983	40
5984	33
5985	53
5986	48
5987	38
5988	51
5989	34
5990	43
5991	45
5992	46
5993	46
5994	54
5995	37
5996	39
5997	46
5998	35
5999	40
6000	41
6001	40
6002	41
6003	48
6004	44
6005	50
6006	44
6007	41
6008	42
6009	52
6010	44
6011	52
6012	35
6013	46
6014	42
6015	54
6016	47
6017	43
6018	37
6019	49
6020	28
6021	56
6022	43
6023	40
6024	42
6025	49
6026	47
6027	50
6028	42
6029	48
6030	45
6031	43
6032	42
6033	46
6034	41
6035	36
6036	48
6037	39
6038	47
6039	58
6040	38
6041	46
6042	38
6043	41
6044	53
6045	46
6046	45
6047	51
6048	51
6049	37
6050	50
6051	56
6052	32
6053	44
6054	52
6055	51
6056	46
6057	61
6058	45
6059	53
6060	52
6061	57
6062	55
6063	55
6064	50
6065	46
6066	59
6067	49
6068	46
6069	41
6070	51
6071	53
6072	61
6073	41
6074	36
6075	48
6076	48
6077	38
6078	44
6079	41
6080	55
6081	49
6082	55
6083	32
6084	70
6085	50
6086	41
6087	42
6088	60
6089	44
6090	56
6091	47
6092	55
6093	53
6094	45
6095	42
6096	54
6097	49
6098	40
6099	46
6100	46
6101	33
6102	49
6103	56
6104	61
6105	58
6106	44
6107	59
6108	40
6109	55
6110	38
6111	52
6112	56
6113	47
6114	45
6115	48
6116	57
6117	62
6118	62
6119	54
6120	55
6121	47
6122	57
6123	50
6124	55
6125	48
6126	47
6127	61
6128	63
6129	54
6130	59
6131	50
6132	50
6133	50
6134	52
6135	66
6136	62
6137	54
6138	56
6139	46
6140	47
6141	52
6142	54
6143	54
6144	46
6145	61
6146	58
6147	57
6148	44
6149	45
6150	42
6151	49
6152	45
6153	46
6154	41
6155	51
6156	58
6157	45
6158	40
6159	49
6160	48
6161	59
6162	54
6163	54
6164	42
6165	44
6166	57
6167	42
6168	65
6169	46
6170	63
6171	59
6172	58
6173	43
6174	52
6175	58
6176	46
6177	50
6178	41
6179	60
6180	54
6181	41
6182	60
6183	46
6184	59
6185	57
6186	44
6187	56
6188	55
6189	48
6190	37
6191	52
6192	67
6193	49
6194	38
6195	40
6196	44
6197	51
6198	64
6199	64
6200	52
6201	51
6202	53
6203	40
6204	52
6205	54
6206	55
6207	68
6208	63
6209	67
6210	57
6211	42
6212	65
6213	53
6214	64
6215	45
6216	52
6217	58
6218	47
6219	57
6220	70
6221	48
6222	51
6223	54
6224	40
6225	57
6226	51
6227	41
6228	50
6229	50
6230	48
6231	50
6232	56
6233	52
6234	53
6235	48
6236	48
6237	50
6238	48
6239	49
6240	55
6241	47
6242	42
6243	42
6244	40
6245	52
6246	63
6247	44
6248	45
6249	56
6250	59
6251	63
6252	41
6253	53
6254	47
6255	51
6256	42
6257	41
6258	48
6259	45
6260	47
6261	52
6262	48
6263	51
6264	60
6265	49
6266	53
6267	42
6268	43
6269	51
6270	43
6271	44
6272	56
6273	50
6274	46
6275	52
6276	55
6277	48
6278	41
6279	51
6280	37
6281	57
6282	54
6283	40
6284	61
6285	47
6286	54
6287	41
6288	41
6289	46
6290	45
6291	44
6292	38
6293	40
6294	43
6295	38
6296	47
6297	58
6298	40
6299	39
6300	38
6301	46
6302	50
6303	35
6304	51
6305	60
6306	49
6307	46
6308	50
6309	42
6310	29
6311	38
6312	44
6313	36
6314	34
6315	36
6316	47
6317	49
6318	44
6319	35
6320	31
6321	35
6322	34
6323	56
6324	40
6325	45
6326	48
6327	41
6328	42
6329	29
6330	41
6331	30
6332	41
6333	47
6334	44
6335	34
6336	41
6337	29
6338	44
6339	37
6340	50
6341	33
6342	37
6343	37
6344	47
6345	31
6346	42
6347	41
6348	38
6349	41
6350	41
6351	41
6352	38
6353	38
6354	40
6355	41
6356	33
6357	44
6358	39
6359	33
6360	27
6361	45
6362	28
6363	34
6364	32
6365	37
6366	22
6367	32
6368	43
6369	38
6370	27
6371	33
6372	39
6373	34
6374	46
6375	32
6376	33
6377	37
6378	31
6379	31
6380	33
6381	41
6382	31
6383	37
6384	27
6385	32
6386	36
6387	27
6388	33
6389	25
6390	25
6391	34
6392	25
6393	34
6394	25
6395	32
6396	27
6397	45
6398	21
6399	36
6400	29
6401	24
6402	33
6403	26
6404	22
6405	30
6406	30
6407	24
6408	35
6409	26
6410	31
6411	26
6412	38
6413	39
6414	33
6415	24
6416	30
6417	26
6418	27
6419	34
6420	35
6421	29
6422	36
6423	36
6424	33
6425	28
6426	39
6427	30
6428	37
6429	23
6430	27
6431	21
6432	36
6433	25
6434	33
6435	19
6436	36
6437	33
6438	25
6439	20
6440	22
6441	28
6442	28
6443	26
6444	14
6445	22
6446	24
6447	29
6448	18
6449	30
6450	26
6451	20
6452	24
6453	20
6454	27
6455	20
6456	25
6457	32
6458	22
6459	14
6460	16
6461	19
6462	31
6463	16
6464	23
6465	24
6466	20
6467	24
6468	30
6469	30
6470	23
6471	21
6472	22
6473	14
6474	31
6475	17
6476	19
6477	31
6478	21
6479	29
6480	18
6481	19
6482	22
6483	18
6484	17
6485	18
6486	21
6487	21
6488	22
6489	24
6490	20
6491	26
6492	24
6493	17
6494	13
6495	20
6496	24
6497	20
6498	13
6499	13
6500	20
6501	17
6502	19
6503	18
6504	15
6505	23
6506	21
6507	20
6508	21
6509	14
6510	16
6511	22
6512	18
6513	16
6514	13
6515	16
6516	19
6517	14
6518	22
6519	22
6520	15
6521	13
6522	13
6523	18
6524	18
6525	20
6526	18
6527	23
6528	15
6529	10
6530	20
6531	22
6532	17
6533	8
6534	13
6535	16
6536	14
6537	13
6538	13
6539	10
6540	15
6541	14
6542	11
6543	16
6544	13
6545	12
6546	12
6547	17
6548	17
6549	11
6550	14
6551	14
6552	17
6553	17
6554	15
6555	16
6556	15
6557	17
6558	9
6559	14
6560	11
6561	17
6562	13
6563	20
6564	12
6565	13
6566	8
6567	14
6568	15
6569	10
6570	11
6571	8
6572	14
6573	10
6574	10
6575	13
6576	10
6577	7
6578	20
6579	13
6580	13
6581	15
6582	10
6583	10
6584	13
6585	6
6586	6
6587	18
6588	11
6589	9
6590	11
6591	9
6592	10
6593	15
6594	15
6595	13
6596	11
6597	9
6598	9
6599	13
6600	15
6601	14
6602	10
6603	8
6604	9
6605	8
6606	9
6607	11
6608	7
6609	10
6610	10
6611	12
6612	12
6613	17
6614	14
6615	7
6616	16
6617	10
6618	9
6619	8
6620	15
6621	7
6622	8
6623	8
6624	8
6625	8
6626	11
6627	8
6628	10
6629	11
6630	6
6631	10
6632	13
6633	8
6634	9
6635	8
6636	11
6637	9
6638	7
6639	12
6640	7
6641	10
6642	5
6643	6
6644	10
6645	8
6646	19
6647	6
6648	14
6649	13
6650	10
6651	9
6652	8
6653	2
6654	7
6655	7
6656	9
6657	7
6658	4
6659	11
6660	10
6661	11
6662	12
6663	10
6664	8
6665	7
6666	5
6667	10
6668	6
6669	9
6670	9
6671	8
6672	11
6673	9
6674	6
6675	5
6676	11
6677	9
6678	5
6679	6
6680	8
6681	4
6682	11
6683	4
6684	15
6685	4
6686	7
6687	7
6688	12
6689	6
6690	4
6691	6
6692	9
6693	9
6694	7
6695	7
6696	11
6697	14
6698	3
6699	13
6700	5
6701	9
6702	7
6703	6
6704	7
6705	11
6706	3
6707	5
6708	11
6709	13
6710	7
6711	5
6712	10
6713	5
6714	6
6715	15
6716	8
6717	5
6718	8
6719	8
6720	9
6721	7
6722	1
6723	6
6724	2
6725	3
6726	8
6727	6
6728	9
6729	6
6730	8
6731	11
6732	11
6733	6
6734	6
6735	8
6736	12
6737	9
6738	7
6739	8
6740	3
6741	8
6742	5
6743	4
6744	5
6745	9
6746	12
6747	8
6748	11
6749	8
6750	9
6751	5
6752	6
6753	9
6754	7
6755	7
6756	11
6757	5
6758	8
6759	7
6760	6
6761	12
6762	7
6763	3
6764	10
6765	9
6766	7
6767	3
6768	6
6769	11
6770	7
6771	6
6772	8
6773	7
6774	4
6775	5
6776	4
6777	5
6778	6
6779	7
6780	5
6781	5
6782	5
6783	6
6784	4
6785	6
6786	5
6787	7
6788	7
6789	6
6790	5
6791	9
6792	7
6793	7
6794	6
6795	4
6796	10
6797	9
6798	9
6799	5
6800	6
6801	7
6802	3
6803	5
6804	5
6805	6
6806	3
6807	6
6808	8
6809	6
6810	3
6811	4
6812	13
6813	3
6814	3
6815	6
6816	5
6817	5
6818	3
6819	5
6820	5
6821	4
6822	7
6823	3
6824	9
6825	7
6826	3
6827	5
6828	9
6829	7
6830	8
6831	6
6832	8
6833	5
6834	5
6835	5
6836	6
6837	1
6838	10
6839	0
6840	2
6841	12
6842	4
6843	4
6844	3
6845	5
6846	6
6847	5
6848	5
6849	7
6850	4
6851	4
6852	11
6853	3
6854	7
6855	4
6856	2
6857	5
6858	5
6859	2
6860	5
6861	2
6862	8
6863	2
6864	6
6865	6
6866	5
6867	5
6868	4
6869	7
6870	6
6871	5
6872	5
6873	2
6874	4
6875	5
6876	4
6877	6
6878	8
6879	9
6880	6
6881	5
6882	6
6883	7
6884	4
6885	9
6886	7
6887	6
6888	3
6889	2
6890	3
6891	2
6892	3
6893	9
6894	8
6895	6
6896	8
6897	4
6898	6
6899	3
6900	7
6901	4
6902	5
6903	5
6904	5
6905	3
6906	5
6907	8
6908	4
6909	3
6910	3
6911	4
6912	7
6913	7
6914	2
6915	9
6916	6
6917	5
6918	3
6919	5
6920	5
6921	8
6922	3
6923	2
6924	1
6925	2
6926	3
6927	7
6928	3
6929	2
6930	5
6931	8
6932	5
6933	8
6934	3
6935	5
6936	3
6937	4
6938	2
6939	5
6940	7
6941	7
6942	2
6943	7
6944	6
6945	4
6946	4
6947	4
6948	5
6949	3
6950	4
6951	4
6952	3
6953	2
6954	7
6955	2
6956	4
6957	8
6958	3
6959	3
6960	3
6961	1
6962	2
6963	3
6964	2
6965	2
6966	1
6967	3
6968	3
6969	4
6970	4
6971	3
6972	0
6973	6
6974	7
6975	2
6976	0
6977	4
6978	7
6979	6
6980	2
6981	4
6982	3
6983	3
6984	10
6985	4
6986	5
6987	2
6988	1
6989	4
6990	1
6991	3
6992	9
6993	4
6994	4
6995	4
6996	3
6997	3
6998	2
6999	4
7000	5
7001	7
7002	2
7003	6
7004	6
7005	1
7006	4
7007	3
7008	5
7009	2
7010	3
7011	2
7012	3
7013	1
7014	5
7015	2
7016	0
7017	1
7018	6
7019	2
7020	6
7021	4
7022	2
7023	8
7024	3
7025	1
7026	3
7027	3
7028	4
7029	2
7030	3
7031	3
7032	0
7033	2
7034	1
7035	4
7036	2
7037	7
7038	4
7039	2
7040	3
7041	3
7042	5
7043	3
7044	1
7045	1
7046	0
7047	2
7048	5
7049	2
7050	1
7051	4
7052	3
7053	4
7054	3
7055	4
7056	6
7057	4
7058	3
7059	3
7060	4
7061	2
7062	1
7063	3
7064	4
7065	1
7066	3
7067	2
7068	5
7069	1
7070	3
7071	1
7072	3
7073	3
7074	0
7075	3
7076	2
7077	6
7078	4
7079	5
7080	4
7081	3
7082	4
7083	3
7084	2
7085	3
7086	3
7087	0
7088	3
7089	2
7090	2
7091	2
7092	3
7093	5
7094	5
7095	2
7096	2
7097	2
7098	1
7099	2
7100	3
7101	5
7102	2
7103	5
7104	3
7105	5
7106	3
7107	4
7108	1
7109	3
7110	0
7111	1
7112	5
7113	2
7114	2
7115	2
7116	8
7117	2
7118	2
7119	2
7120	4
7121	2
7122	5
7123	1
7124	1
7125	1
7126	1
7127	3
7128	3
7129	5
7130	1
7131	4
7132	2
7133	6
7134	1
7135	0
7136	1
7137	1
7138	3
7139	4
7140	5
7141	2
7142	1
7143	4
7144	3
7145	5
7146	2
7147	0
7148	3
7149	2
7150	1
7151	2
7152	2
7153	0
7154	5
7155	8
7156	1
7157	0
7158	2
7159	0
7160	2
7161	3
7162	2
7163	2
7164	2
7165	3
7166	5
7167	0
7168	2
7169	3
7170	5
7171	3
7172	1
7173	3
7174	2
7175	0
7176	4
7177	3
7178	3
7179	2
7180	2
7181	2
7182	1
7183	4
7184	0
7185	0
7186	2
7187	2
7188	2
7189	2
7190	5
7191	3
7192	0
7193	5
7194	5
7195	2
7196	1
7197	1
7198	3
7199	2
7200	3
7201	1
7202	0
7203	1
7204	2
7205	3
7206	2
7207	0
7208	1
7209	4
7210	3
7211	1
7212	5
7213	0
7214	7
7215	2
7216	3
7217	2
7218	0
7219	3
7220	4
7221	5
7222	2
7223	2
7224	0
7225	3
7226	3
7227	2
7228	3
7229	4
7230	1
7231	0
7232	1
7233	1
7234	1
7235	2
7236	3
7237	5
7238	2
7239	2
7240	1
7241	3
7242	4
7243	1
7244	1
7245	0
7246	4
7247	1
7248	3
7249	1
7250	1
7251	2
7252	3
7253	3
7254	0
7255	2
7256	4
7257	0
7258	2
7259	1
7260	3
7261	3
7262	2
7263	2
7264	4
7265	2
7266	0
7267	3
7268	3
7269	4
7270	4
7271	1
7272	1
7273	3
7274	1
7275	2
7276	3
7277	0
7278	3
7279	1
7280	3
7281	2
7282	1
7283	2
7284	3
7285	3
7286	2
7287	0
7288	4
7289	1
7290	2
7291	2
7292	5
7293	2
7294	2
7295	2
7296	1
7297	2
7298	3
7299	2
7300	3
7301	1
7302	1
7303	0
7304	1
7305	2
7306	4
7307	3
7308	1
7309	2
7310	3
7311	7
7312	1
7313	3
7314	3
7315	2
7316	4
7317	1
7318	1
7319	4
7320	0
7321	3
7322	3
7323	1
7324	1
7325	1
7326	4
7327	2
7328	1
7329	3
7330	3
7331	2
7332	1
7333	2
7334	1
7335	4
7336	0
7337	1
7338	1
7339	3
7340	0
7341	3
7342	0
7343	1
7344	3
7345	4
7346	3
7347	3
7348	3
7349	4
7350	1
7351	2
7352	3
7353	0
7354	2
7355	3
7356	4
7357	3
7358	3
7359	0
7360	3
7361	1
7362	3
7363	3
7364	2
7365	3
7366	1
7367	2
7368	4
7369	2
7370	2
7371	2
7372	1
7373	1
7374	5
7375	3
7376	3
7377	1
7378	2
7379	0
7380	3
7381	1
7382	0
7383	1
7384	2
7385	2
7386	0
7387	2
7388	2
7389	2
7390	1
7391	1
7392	1
7393	2
7394	4
7395	1
7396	1
7397	3
7398	1
7399	2
7400	2
7401	1
7402	1
7403	1
7404	1
7405	6
7406	4
7407	2
7408	3
7409	3
7410	2
7411	0
7412	0
7413	6
7414	1
7415	5
7416	1
7417	2
7418	2
7419	3
7420	2
7421	2
7422	1
7423	3
7424	2
7425	2
7426	2
7427	1
7428	1
7429	1
7430	1
7431	0
7432	1
7433	4
7434	2
7435	3
7436	2
7437	1
7438	3
7439	2
7440	1
7441	3
7442	2
7443	3
7444	0
7445	5
7446	1
7447	0
7448	3
7449	2
7450	3
7451	1
7452	1
7453	2
7454	1
7455	1
7456	2
7457	1
7458	1
7459	2
7460	1
7461	2
7462	2
7463	2
7464	0
7465	0
7466	1
7467	2
7468	0
7469	2
7470	2
7471	3
7472	1
7473	0
7474	4
7475	2
7476	1
7477	0
7478	4
7479	2
7480	1
7481	2
7482	1
7483	1
7484	3
7485	1
7486	1
7487	2
7488	2
7489	1
7490	1
7491	3
7492	0
7493	1
7494	2
7495	2
7496	1
7497	2
7498	3
7499	0
7500	3
7501	5
7502	3
7503	2
7504	0
7505	0
7506	3
7507	2
7508	2
7509	1
7510	4
7511	0
7512	3
7513	4
7514	2
7515	3
7516	2
7517	2
7518	0
7519	2
7520	1
7521	3
7522	3
7523	5
7524	2
7525	1
7526	1
7527	1
7528	2
7529	3
7530	1
7531	3
7532	3
7533	3
7534	2
7535	2
7536	0
7537	1
7538	2
7539	1
7540	1
7541	1
7542	1
7543	2
7544	2
7545	3
7546	2
7547	1
7548	5
7549	1
7550	0
7551	2
7552	1
7553	1
7554	4
7555	5
7556	1
7557	2
7558	4
7559	2
7560	1
7561	1
7562	1
7563	0
7564	2
7565	2
7566	2
7567	2
7568	2
7569	3
7570	1
7571	3
7572	1
7573	0
7574	2
7575	0
7576	1
7577	1
7578	1
7579	0
7580	2
7581	2
7582	4
7583	0
7584	1
7585	1
7586	2
7587	1
7588	0
7589	4
7590	1
7591	2
7592	1
7593	0
7594	2
7595	2
7596	2
7597	4
7598	1
7599	3
7600	3
7601	3
7602	4
7603	1
7604	2
7605	1
7606	1
7607	1
7608	1
7609	5
7610	1
7611	4
7612	3
7613	3
7614	2
7615	0
7616	3
7617	1
7618	1
7619	0
7620	2
7621	1
7622	2
7623	0
7624	1
7625	3
7626	2
7627	3
7628	1
7629	3
7630	1
7631	3
7632	1
7633	0
7634	1
7635	2
7636	2
7637	0
7638	1
7639	2
7640	4
7641	2
7642	2
7643	0
7644	0
7645	0
7646	2
7647	0
7648	0
7649	0
7650	2
7651	2
7652	3
7653	3
7654	1
7655	2
7656	0
7657	0
7658	1
7659	1
7660	1
7661	2
7662	1
7663	2
7664	2
7665	1
7666	2
7667	2
7668	2
7669	0
7670	2
7671	2
7672	0
7673	3
7674	1
7675	0
7676	1
7677	4
7678	6
7679	1
7680	1
7681	2
7682	5
7683	0
7684	2
7685	2
7686	1
7687	0
7688	0
7689	1
7690	2
7691	2
7692	1
7693	1
7694	2
7695	4
7696	0
7697	3
7698	4
7699	2
7700	0
7701	0
7702	2
7703	2
7704	1
7705	1
7706	1
7707	0
7708	1
7709	2
7710	2
7711	1
7712	3
7713	1
7714	2
7715	1
7716	1
7717	0
7718	2
7719	2
7720	0
7721	1
7722	0
7723	2
7724	2
7725	2
7726	3
7727	2
7728	2
7729	1
7730	1
7731	3
7732	0
7733	2
7734	1
7735	2
7736	2
7737	0
7738	2
7739	0
7740	1
7741	2
7742	0
7743	1
7744	2
7745	0
7746	3
7747	3
7748	2
7749	3
7750	0
7751	2
7752	2
7753	2
7754	2
7755	2
7756	3
7757	4
7758	3
7759	0
7760	0
7761	1
7762	0
7763	3
7764	1
7765	1
7766	2
7767	1
7768	1
7769	3
7770	3
7771	2
7772	4
7773	1
7774	1
7775	4
7776	1
7777	1
7778	2
7779	2
7780	2
7781	0
7782	0
7783	1
7784	4
7785	1
7786	6
7787	0
7788	3
7789	0
7790	1
7791	1
7792	2
7793	2
7794	1
7795	3
7796	2
7797	1
7798	0
7799	2
7800	2
7801	3
7802	3
7803	1
7804	1
7805	0
7806	2
7807	2
7808	0
7809	0
7810	1
7811	2
7812	2
7813	0
7814	2
7815	0
7816	2
7817	1
7818	0
7819	1
7820	0
7821	1
7822	1
7823	1
7824	1
7825	0
7826	0
7827	1
7828	2
7829	3
7830	0
7831	5
7832	0
7833	4
7834	1
7835	1
7836	1
7837	3
7838	1
7839	2
7840	2
7841	0
7842	0
7843	0
7844	3
7845	0
7846	1
7847	2
7848	1
7849	3
7850	1
7851	6
7852	2
7853	2
7854	2
7855	1
7856	0
7857	0
7858	3
7859	1
7860	2
7861	0
7862	1
7863	0
7864	0
7865	3
7866	2
7867	2
7868	0
7869	0
7870	2
7871	1
7872	3
7873	2
7874	0
7875	3
7876	2
7877	1
7878	1
7879	0
7880	0
7881	2
7882	0
7883	3
7884	1
7885	1
7886	1
7887	3
7888	1
7889	1
7890	2
7891	1
7892	1
7893	1
7894	1
7895	0
7896	3
7897	1
7898	2
7899	1
7900	2
7901	1
7902	2
7903	2
7904	0
7905	4
7906	2
7907	3
7908	2
7909	1
7910	2
7911	1
7912	0
7913	1
7914	0
7915	2
7916	3
7917	1
7918	0
7919	0
7920	2
7921	5
7922	0
7923	0
7924	3
7925	3
7926	5
7927	2
7928	3
7929	0
7930	0
7931	1
7932	1
7933	2
7934	2
7935	0
7936	0
7937	0
7938	0
7939	0
7940	5
7941	3
7942	2
7943	1
7944	1
7945	0
7946	0
7947	3
7948	1
7949	1
7950	0
7951	0
7952	0
7953	3
7954	1
7955	1
7956	5
7957	1
7958	1
7959	4
7960	2
7961	1
7962	1
7963	1
7964	1
7965	0
7966	0
7967	1
7968	2
7969	0
7970	0
7971	2
7972	1
7973	2
7974	0
7975	1
7976	2
7977	0
7978	1
7979	3
7980	1
7981	0
7982	0
7983	0
7984	4
7985	2
7986	0
7987	0
7988	1
7989	4
7990	4
7991	1
7992	3
7993	1
7994	4
7995	2
7996	1
7997	1
7998	0
7999	1
8000	1
8001	0
8002	2
8003	2
8004	0
8005	1
8006	1
8007	1
8008	1
8009	3
8010	0
8011	1
8012	1
8013	2
8014	3
8015	1
8016	1
8017	0
8018	2
8019	2
8020	3
8021	0
8022	2
8023	1
8024	1
8025	1
8026	3
8027	0
8028	0
8029	2
8030	1
8031	2
8032	2
8033	0
8034	0
8035	1
8036	1
8037	2
8038	1
8039	0
8040	3
8041	1
8042	1
8043	1
8044	1
8045	0
8046	2
8047	2
8048	0
8049	2
8050	3
8051	2
8052	0
8053	0
8054	1
8055	2
8056	0
8057	2
8058	1
8059	0
8060	4
8061	1
8062	0
8063	2
8064	0
8065	0
8066	0
8067	0
8068	4
8069	2
8070	0
8071	1
8072	2
8073	0
8074	0
8075	2
8076	1
8077	0
8078	0
8079	2
8080	1
8081	2
8082	5
8083	0
8084	3
8085	3
8086	1
8087	1
8088	3
8089	2
8090	1
8091	2
8092	4
8093	1
8094	2
8095	0
8096	1
8097	1
8098	1
8099	2
8100	4
8101	2
8102	2
8103	3
8104	0
8105	3
8106	1
8107	2
8108	2
8109	0
8110	1
8111	2
8112	3
8113	0
8114	2
8115	1
8116	1
8117	1
8118	0
8119	1
8120	0
8121	0
8122	1
8123	2
8124	0
8125	0
8126	0
8127	0
8128	0
8129	0
8130	2
8131	2
8132	0
8133	0
8134	2
8135	0
8136	0
8137	0
8138	0
8139	0
8140	1
8141	0
8142	0
8143	0
8144	0
8145	0
8146	0
8147	0
8148	0
8149	0
8150	0
8151	0
8152	0
8153	0
8154	0
8155	0
8156	0
8157	0
8158	0
8159	0
8160	0
8161	0
8162	0
8163	0
8164	0
8165	0
8166	0
8167	0
8168	0
8169	0
8170	0
8171	0
8172	0
8173	0
8174	0
8175	0
8176	0
8177	0
8178	0
8179	0
8180	0
8181	0
8182	0
8183	0
8184	0
8185	0
8186	0
8187	0
8188	0
8189	0
8190	0
8191	0
