0	0
1	0
2	0
3	0
4	0
5	0
6	0
7	0
8	0
9	0
10	0
11	0
12	0
13	0
14	0
15	0
16	0
17	0
18	0
19	0
20	0
21	0
22	0
23	0
24	0
25	0
26	0
27	0
28	0
29	0
30	0
31	0
32	0
33	0
34	0
35	0
36	0
37	0
38	0
39	0
40	0
41	0
42	0
43	0
44	0
45	0
46	0
47	0
48	0
49	0
50	0
51	0
52	0
53	0
54	0
55	0
56	0
57	0
58	0
59	0
60	0
61	0
62	0
63	0
64	0
65	0
66	0
67	0
68	0
69	0
70	0
71	0
72	0
73	0
74	0
75	0
76	0
77	0
78	0
79	0
80	0
81	0
82	0
83	0
84	0
85	0
86	0
87	0
88	0
89	0
90	0
91	0
92	0
93	0
94	0
95	0
96	0
97	0
98	0
99	0
100	0
101	0
102	0
103	0
104	0
105	0
106	0
107	0
108	0
109	0
110	0
111	0
112	0
113	0
114	0
115	0
116	0
117	0
118	0
119	0
120	0
121	0
122	0
123	0
124	0
125	0
126	0
127	0
128	0
129	0
130	0
131	0
132	0
133	0
134	0
135	0
136	0
137	0
138	0
139	0
140	0
141	0
142	0
143	0
144	0
145	0
146	0
147	0
148	0
149	0
150	0
151	0
152	0
153	0
154	0
155	0
156	0
157	0
158	0
159	0
160	0
161	0
162	0
163	0
164	0
165	0
166	0
167	0
168	0
169	0
170	0
171	0
172	0
173	0
174	0
175	0
176	0
177	0
178	0
179	0
180	0
181	0
182	0
183	0
184	0
185	0
186	0
187	0
188	0
189	0
190	0
191	0
192	1
193	0
194	0
195	0
196	0
197	0
198	0
199	0
200	0
201	0
202	0
203	0
204	0
205	0
206	0
207	0
208	0
209	0
210	0
211	0
212	0
213	0
214	0
215	1
216	0
217	0
218	0
219	0
220	0
221	0
222	0
223	0
224	0
225	0
226	0
227	0
228	0
229	0
230	0
231	0
232	0
233	0
234	0
235	0
236	0
237	0
238	0
239	0
240	1
241	0
242	0
243	0
244	0
245	0
246	0
247	0
248	0
249	0
250	0
251	0
252	0
253	0
254	1
255	0
256	0
257	0
258	1
259	0
260	0
261	0
262	0
263	0
264	0
265	0
266	0
267	0
268	0
269	1
270	0
271	0
272	0
273	1
274	0
275	0
276	0
277	0
278	1
279	1
280	0
281	1
282	1
283	0
284	0
285	3
286	0
287	3
288	0
289	2
290	4
291	1
292	0
293	4
294	3
295	3
296	5
297	4
298	6
299	9
300	10
301	14
302	10
303	14
304	17
305	22
306	12
307	17
308	26
309	22
310	28
311	23
312	35
313	44
314	26
315	30
316	44
317	37
318	28
319	35
320	36
321	33
322	40
323	41
324	40
325	42
326	38
327	31
328	31
329	29
330	38
331	42
332	44
333	40
334	27
335	34
336	34
337	28
338	24
339	21
340	41
341	33
342	31
343	33
344	33
345	40
346	43
347	43
348	35
349	34
350	24
351	40
352	34
353	27
354	41
355	29
356	31
357	40
358	38
359	31
360	40
361	51
362	39
363	29
364	41
365	40
366	32
367	32
368	49
369	49
370	37
371	34
372	37
373	34
374	41
375	37
376	37
377	40
378	39
379	42
380	36
381	37
382	51
383	46
384	37
385	39
386	42
387	43
388	43
389	35
390	28
391	41
392	39
393	40
394	41
395	35
396	31
397	45
398	37
399	39
400	41
401	35
402	39
403	43
404	47
405	38
406	36
407	35
408	47
409	39
410	40
411	35
412	37
413	40
414	30
415	54
416	36
417	33
418	43
419	42
420	30
421	43
422	39
423	43
424	40
425	38
426	42
427	38
428	47
429	27
430	31
431	42
432	42
433	37
434	50
435	40
436	30
437	41
438	32
439	50
440	44
441	39
442	32
443	45
444	40
445	43
446	40
447	29
448	46
449	40
450	36
451	39
452	27
453	40
454	41
455	41
456	36
457	41
458	37
459	35
460	47
461	45
462	32
463	33
464	44
465	49
466	36
467	37
468	43
469	32
470	55
471	39
472	40
473	42
474	40
475	37
476	34
477	33
478	29
479	36
480	38
481	35
482	32
483	39
484	42
485	39
486	35
487	34
488	36
489	36
490	26
491	36
492	48
493	44
494	40
495	30
496	38
497	41
498	39
499	28
500	39
501	28
502	39
503	46
504	31
505	43
506	31
507	39
508	34
509	36
510	37
511	40
512	36
513	36
514	34
515	40
516	38
517	33
518	46
519	40
520	45
521	31
522	33
523	39
524	41
525	35
526	27
527	50
528	40
529	47
530	40
531	37
532	42
533	35
534	35
535	40
536	46
537	43
538	24
539	44
540	37
541	41
542	32
543	41
544	31
545	24
546	40
547	39
548	39
549	42
550	32
551	34
552	36
553	39
554	37
555	52
556	46
557	35
558	32
559	48
560	47
561	40
562	41
563	46
564	35
565	39
566	35
567	39
568	35
569	39
570	49
571	46
572	30
573	41
574	31
575	39
576	46
577	32
578	32
579	44
580	35
581	32
582	28
583	35
584	39
585	39
586	33
587	30
588	30
589	42
590	42
591	38
592	50
593	44
594	41
595	45
596	59
597	36
598	32
599	22
600	46
601	41
602	35
603	47
604	38
605	36
606	46
607	37
608	40
609	38
610	35
611	28
612	30
613	31
614	48
615	48
616	37
617	35
618	33
619	44
620	40
621	32
622	34
623	45
624	35
625	35
626	25
627	38
628	36
629	23
630	38
631	44
632	36
633	47
634	41
635	36
636	38
637	49
638	44
639	39
640	43
641	35
642	30
643	30
644	40
645	28
646	48
647	40
648	31
649	42
650	27
651	48
652	32
653	30
654	34
655	44
656	34
657	36
658	35
659	37
660	50
661	37
662	28
663	49
664	36
665	38
666	45
667	38
668	40
669	38
670	44
671	32
672	49
673	44
674	40
675	33
676	36
677	41
678	32
679	39
680	32
681	34
682	38
683	37
684	40
685	48
686	50
687	46
688	34
689	42
690	33
691	36
692	45
693	39
694	34
695	37
696	33
697	44
698	40
699	30
700	34
701	40
702	35
703	40
704	39
705	29
706	47
707	36
708	25
709	47
710	47
711	38
712	36
713	38
714	40
715	44
716	33
717	42
718	43
719	44
720	43
721	34
722	43
723	50
724	37
725	49
726	40
727	45
728	38
729	37
730	47
731	49
732	30
733	29
734	46
735	39
736	30
737	37
738	46
739	46
740	47
741	47
742	38
743	43
744	40
745	45
746	45
747	36
748	38
749	29
750	38
751	39
752	45
753	49
754	31
755	37
756	45
757	35
758	39
759	38
760	49
761	44
762	50
763	42
764	41
765	62
766	28
767	32
768	49
769	40
770	38
771	54
772	39
773	32
774	30
775	45
776	54
777	48
778	40
779	45
780	48
781	44
782	44
783	50
784	40
785	33
786	39
787	41
788	39
789	37
790	33
791	35
792	44
793	50
794	40
795	40
796	31
797	34
798	56
799	43
800	33
801	33
802	47
803	46
804	36
805	37
806	42
807	41
808	41
809	50
810	45
811	39
812	33
813	30
814	48
815	42
816	42
817	34
818	35
819	35
820	34
821	36
822	43
823	44
824	30
825	31
826	51
827	41
828	43
829	53
830	44
831	45
832	42
833	41
834	52
835	36
836	34
837	41
838	46
839	45
840	33
841	46
842	48
843	45
844	37
845	37
846	37
847	36
848	38
849	46
850	46
851	49
852	46
853	51
854	41
855	43
856	45
857	37
858	33
859	42
860	36
861	49
862	50
863	36
864	55
865	43
866	39
867	41
868	40
869	39
870	30
871	42
872	40
873	36
874	44
875	40
876	47
877	32
878	35
879	39
880	45
881	46
882	42
883	38
884	40
885	42
886	47
887	35
888	50
889	39
890	46
891	37
892	41
893	51
894	46
895	36
896	35
897	38
898	50
899	42
900	48
901	39
902	48
903	45
904	38
905	60
906	38
907	38
908	41
909	43
910	46
911	56
912	50
913	38
914	30
915	39
916	43
917	36
918	45
919	48
920	33
921	32
922	48
923	45
924	47
925	46
926	28
927	45
928	37
929	50
930	38
931	40
932	42
933	39
934	41
935	43
936	36
937	39
938	43
939	47
940	51
941	47
942	46
943	53
944	38
945	50
946	38
947	43
948	42
949	46
950	46
951	45
952	51
953	39
954	45
955	44
956	49
957	31
958	48
959	48
960	44
961	30
962	49
963	39
964	42
965	51
966	47
967	33
968	46
969	40
970	41
971	41
972	57
973	46
974	52
975	26
976	34
977	61
978	50
979	48
980	49
981	39
982	49
983	45
984	39
985	45
986	23
987	53
988	52
989	54
990	48
991	39
992	30
993	32
994	38
995	39
996	40
997	47
998	53
999	46
1000	46
1001	43
1002	34
1003	55
1004	36
1005	47
1006	39
1007	38
1008	56
1009	45
1010	53
1011	48
1012	45
1013	45
1014	57
1015	38
1016	47
1017	35
1018	43
1019	50
1020	48
1021	34
1022	46
1023	51
1024	41
1025	48
1026	48
1027	48
1028	45
1029	48
1030	36
1031	46
1032	47
1033	45
1034	54
1035	42
1036	36
1037	51
1038	49
1039	54
1040	52
1041	51
1042	52
1043	52
1044	44
1045	43
1046	42
1047	40
1048	36
1049	50
1050	42
1051	43
1052	32
1053	56
1054	47
1055	38
1056	44
1057	60
1058	51
1059	43
1060	55
1061	49
1062	43
1063	40
1064	46
1065	44
1066	45
1067	47
1068	53
1069	41
1070	47
1071	30
1072	52
1073	46
1074	48
1075	44
1076	54
1077	54
1078	45
1079	35
1080	48
1081	45
1082	56
1083	40
1084	37
1085	62
1086	37
1087	59
1088	49
1089	57
1090	53
1091	46
1092	54
1093	49
1094	46
1095	48
1096	43
1097	40
1098	53
1099	40
1100	42
1101	50
1102	54
1103	42
1104	43
1105	44
1106	38
1107	55
1108	43
1109	53
1110	57
1111	43
1112	52
1113	46
1114	41
1115	41
1116	46
1117	48
1118	44
1119	38
1120	39
1121	51
1122	43
1123	58
1124	54
1125	43
1126	40
1127	63
1128	54
1129	36
1130	54
1131	59
1132	51
1133	50
1134	60
1135	39
1136	50
1137	43
1138	44
1139	54
1140	52
1141	45
1142	52
1143	44
1144	45
1145	51
1146	45
1147	45
1148	45
1149	46
1150	57
1151	42
1152	44
1153	46
1154	51
1155	49
1156	59
1157	52
1158	43
1159	48
1160	46
1161	49
1162	58
1163	42
1164	42
1165	50
1166	53
1167	49
1168	48
1169	48
1170	40
1171	52
1172	46
1173	42
1174	39
1175	45
1176	51
1177	52
1178	42
1179	44
1180	44
1181	50
1182	47
1183	45
1184	48
1185	53
1186	38
1187	47
1188	45
1189	43
1190	49
1191	50
1192	39
1193	50
1194	46
1195	38
1196	51
1197	39
1198	39
1199	38
1200	48
1201	45
1202	44
1203	48
1204	44
1205	45
1206	53
1207	45
1208	62
1209	45
1210	45
1211	44
1212	53
1213	51
1214	43
1215	55
1216	50
1217	53
1218	53
1219	46
1220	40
1221	47
1222	48
1223	57
1224	39
1225	44
1226	43
1227	35
1228	44
1229	49
1230	46
1231	44
1232	40
1233	50
1234	56
1235	49
1236	55
1237	49
1238	46
1239	58
1240	48
1241	37
1242	47
1243	38
1244	42
1245	43
1246	40
1247	54
1248	36
1249	43
1250	47
1251	40
1252	36
1253	47
1254	46
1255	67
1256	45
1257	45
1258	50
1259	57
1260	38
1261	42
1262	42
1263	45
1264	52
1265	47
1266	41
1267	50
1268	43
1269	54
1270	55
1271	38
1272	49
1273	46
1274	35
1275	44
1276	40
1277	54
1278	55
1279	46
1280	49
1281	46
1282	42
1283	43
1284	43
1285	41
1286	36
1287	61
1288	43
1289	43
1290	42
1291	40
1292	52
1293	43
1294	40
1295	36
1296	33
1297	50
1298	33
1299	47
1300	41
1301	50
1302	42
1303	45
1304	53
1305	45
1306	44
1307	40
1308	54
1309	48
1310	57
1311	40
1312	55
1313	41
1314	43
1315	49
1316	35
1317	42
1318	42
1319	43
1320	40
1321	36
1322	45
1323	52
1324	45
1325	40
1326	43
1327	40
1328	48
1329	52
1330	47
1331	41
1332	46
1333	43
1334	56
1335	48
1336	36
1337	50
1338	39
1339	42
1340	38
1341	49
1342	41
1343	46
1344	46
1345	43
1346	46
1347	44
1348	32
1349	39
1350	44
1351	43
1352	51
1353	38
1354	56
1355	49
1356	58
1357	51
1358	55
1359	58
1360	46
1361	32
1362	45
1363	53
1364	46
1365	61
1366	24
1367	51
1368	42
1369	37
1370	33
1371	51
1372	35
1373	34
1374	38
1375	39
1376	53
1377	37
1378	49
1379	36
1380	41
1381	48
1382	49
1383	41
1384	50
1385	46
1386	56
1387	58
1388	54
1389	45
1390	50
1391	44
1392	54
1393	47
1394	56
1395	47
1396	48
1397	47
1398	50
1399	52
1400	37
1401	39
1402	52
1403	46
1404	53
1405	35
1406	51
1407	45
1408	37
1409	45
1410	50
1411	44
1412	36
1413	59
1414	45
1415	45
1416	49
1417	47
1418	49
1419	50
1420	47
1421	42
1422	37
1423	44
1424	45
1425	51
1426	58
1427	45
1428	56
1429	49
1430	53
1431	65
1432	50
1433	41
1434	43
1435	49
1436	45
1437	48
1438	48
1439	44
1440	49
1441	49
1442	40
1443	52
1444	50
1445	60
1446	51
1447	40
1448	43
1449	49
1450	40
1451	56
1452	37
1453	44
1454	49
1455	38
1456	48
1457	43
1458	46
1459	60
1460	41
1461	55
1462	42
1463	46
1464	46
1465	47
1466	43
1467	59
1468	43
1469	49
1470	45
1471	57
1472	48
1473	50
1474	55
1475	42
1476	47
1477	43
1478	52
1479	60
1480	52
1481	59
1482	47
1483	36
1484	54
1485	47
1486	52
1487	47
1488	46
1489	42
1490	46
1491	47
1492	36
1493	56
1494	40
1495	55
1496	50
1497	51
1498	33
1499	61
1500	48
1501	41
1502	53
1503	43
1504	56
1505	35
1506	46
1507	45
1508	51
1509	45
1510	43
1511	54
1512	50
1513	42
1514	38
1515	44
1516	62
1517	63
1518	53
1519	53
1520	42
1521	42
1522	49
1523	51
1524	56
1525	60
1526	44
1527	39
1528	44
1529	34
1530	52
1531	54
1532	44
1533	38
1534	57
1535	34
1536	49
1537	47
1538	51
1539	48
1540	38
1541	57
1542	59
1543	43
1544	46
1545	36
1546	36
1547	39
1548	43
1549	62
1550	45
1551	38
1552	40
1553	52
1554	43
1555	61
1556	56
1557	46
1558	48
1559	54
1560	45
1561	51
1562	62
1563	40
1564	54
1565	35
1566	43
1567	46
1568	56
1569	68
1570	53
1571	47
1572	42
1573	58
1574	67
1575	58
1576	53
1577	59
1578	54
1579	38
1580	51
1581	37
1582	41
1583	35
1584	35
1585	47
1586	49
1587	42
1588	51
1589	48
1590	66
1591	48
1592	47
1593	41
1594	48
1595	55
1596	46
1597	56
1598	46
1599	44
1600	46
1601	50
1602	43
1603	48
1604	42
1605	56
1606	46
1607	40
1608	39
1609	54
1610	49
1611	39
1612	53
1613	50
1614	47
1615	54
1616	42
1617	38
1618	49
1619	54
1620	55
1621	40
1622	55
1623	47
1624	31
1625	46
1626	48
1627	63
1628	52
1629	45
1630	55
1631	58
1632	46
1633	49
1634	45
1635	47
1636	40
1637	47
1638	50
1639	63
1640	64
1641	57
1642	44
1643	59
1644	40
1645	61
1646	48
1647	46
1648	47
1649	43
1650	44
1651	50
1652	58
1653	56
1654	48
1655	41
1656	50
1657	40
1658	48
1659	46
1660	50
1661	45
1662	43
1663	32
1664	39
1665	44
1666	45
1667	59
1668	34
1669	39
1670	51
1671	45
1672	48
1673	61
1674	38
1675	54
1676	58
1677	46
1678	51
1679	45
1680	52
1681	50
1682	43
1683	57
1684	51
1685	50
1686	55
1687	42
1688	44
1689	47
1690	61
1691	52
1692	55
1693	48
1694	45
1695	44
1696	48
1697	43
1698	50
1699	43
1700	53
1701	32
1702	55
1703	39
1704	42
1705	36
1706	41
1707	62
1708	40
1709	64
1710	47
1711	54
1712	51
1713	52
1714	49
1715	52
1716	50
1717	38
1718	56
1719	49
1720	40
1721	45
1722	49
1723	44
1724	45
1725	44
1726	43
1727	40
1728	42
1729	38
1730	44
1731	52
1732	55
1733	54
1734	37
1735	51
1736	43
1737	44
1738	62
1739	57
1740	44
1741	53
1742	68
1743	51
1744	57
1745	48
1746	52
1747	46
1748	54
1749	39
1750	57
1751	43
1752	69
1753	54
1754	53
1755	52
1756	50
1757	47
1758	48
1759	59
1760	51
1761	40
1762	51
1763	64
1764	55
1765	39
1766	49
1767	55
1768	44
1769	51
1770	53
1771	45
1772	57
1773	50
1774	51
1775	71
1776	51
1777	53
1778	50
1779	41
1780	39
1781	54
1782	42
1783	53
1784	47
1785	42
1786	51
1787	57
1788	50
1789	44
1790	32
1791	43
1792	49
1793	44
1794	54
1795	56
1796	39
1797	45
1798	66
1799	47
1800	49
1801	51
1802	40
1803	53
1804	47
1805	51
1806	56
1807	49
1808	52
1809	60
1810	54
1811	51
1812	36
1813	56
1814	50
1815	62
1816	53
1817	49
1818	58
1819	63
1820	64
1821	44
1822	48
1823	50
1824	46
1825	49
1826	46
1827	45
1828	48
1829	54
1830	61
1831	53
1832	59
1833	41
1834	60
1835	39
1836	49
1837	44
1838	48
1839	46
1840	55
1841	40
1842	43
1843	55
1844	41
1845	45
1846	42
1847	45
1848	59
1849	42
1850	44
1851	35
1852	54
1853	45
1854	49
1855	61
1856	68
1857	40
1858	49
1859	54
1860	39
1861	51
1862	54
1863	49
1864	60
1865	46
1866	60
1867	55
1868	53
1869	35
1870	54
1871	52
1872	47
1873	40
1874	61
1875	51
1876	51
1877	59
1878	51
1879	52
1880	50
1881	46
1882	54
1883	49
1884	50
1885	59
1886	47
1887	42
1888	50
1889	41
1890	46
1891	55
1892	63
1893	55
1894	58
1895	43
1896	40
1897	51
1898	48
1899	59
1900	47
1901	36
1902	42
1903	53
1904	43
1905	44
1906	33
1907	60
1908	50
1909	59
1910	46
1911	50
1912	53
1913	56
1914	51
1915	53
1916	49
1917	36
1918	44
1919	50
1920	43
1921	53
1922	52
1923	61
1924	47
1925	44
1926	37
1927	53
1928	44
1929	43
1930	46
1931	50
1932	50
1933	46
1934	47
1935	49
1936	52
1937	38
1938	43
1939	49
1940	61
1941	43
1942	56
1943	50
1944	41
1945	51
1946	53
1947	48
1948	40
1949	49
1950	65
1951	50
1952	61
1953	46
1954	47
1955	49
1956	54
1957	44
1958	56
1959	41
1960	45
1961	30
1962	53
1963	37
1964	47
1965	41
1966	44
1967	49
1968	58
1969	50
1970	56
1971	53
1972	44
1973	66
1974	51
1975	51
1976	58
1977	47
1978	53
1979	56
1980	44
1981	36
1982	54
1983	51
1984	53
1985	35
1986	56
1987	47
1988	46
1989	46
1990	66
1991	55
1992	54
1993	47
1994	62
1995	39
1996	40
1997	54
1998	41
1999	46
2000	58
2001	39
2002	40
2003	41
2004	46
2005	47
2006	45
2007	42
2008	46
2009	53
2010	50
2011	49
2012	48
2013	45
2014	53
2015	42
2016	43
2017	44
2018	53
2019	49
2020	61
2021	57
2022	55
2023	58
2024	45
2025	56
2026	53
2027	46
2028	45
2029	60
2030	51
2031	54
2032	43
2033	49
2034	43
2035	51
2036	43
2037	51
2038	54
2039	53
2040	55
2041	48
2042	52
2043	39
2044	51
2045	62
2046	47
2047	37
2048	43
2049	56
2050	34
2051	50
2052	46
2053	55
2054	62
2055	50
2056	45
2057	31
2058	48
2059	52
2060	50
2061	51
2062	38
2063	55
2064	50
2065	71
2066	48
2067	61
2068	43
2069	51
2070	48
2071	48
2072	28
2073	50
2074	55
2075	53
2076	52
2077	47
2078	58
2079	48
2080	66
2081	45
2082	43
2083	47
2084	54
2085	52
2086	65
2087	69
2088	59
2089	37
2090	57
2091	47
2092	40
2093	44
2094	52
2095	42
2096	46
2097	63
2098	52
2099	42
2100	45
2101	51
2102	56
2103	61
2104	61
2105	45
2106	69
2107	52
2108	53
2109	50
2110	42
2111	45
2112	42
2113	53
2114	35
2115	45
2116	53
2117	51
2118	40
2119	48
2120	56
2121	53
2122	35
2123	45
2124	51
2125	49
2126	54
2127	46
2128	47
2129	50
2130	59
2131	48
2132	45
2133	43
2134	47
2135	53
2136	53
2137	59
2138	50
2139	52
2140	64
2141	54
2142	47
2143	48
2144	45
2145	48
2146	44
2147	46
2148	53
2149	57
2150	57
2151	57
2152	44
2153	50
2154	56
2155	49
2156	55
2157	61
2158	48
2159	57
2160	52
2161	43
2162	41
2163	47
2164	46
2165	43
2166	59
2167	45
2168	51
2169	49
2170	67
2171	44
2172	53
2173	48
2174	51
2175	41
2176	46
2177	47
2178	52
2179	50
2180	56
2181	60
2182	40
2183	59
2184	56
2185	67
2186	60
2187	52
2188	44
2189	39
2190	57
2191	64
2192	41
2193	52
2194	67
2195	53
2196	50
2197	48
2198	57
2199	50
2200	53
2201	48
2202	66
2203	62
2204	44
2205	58
2206	62
2207	48
2208	57
2209	59
2210	55
2211	48
2212	62
2213	46
2214	50
2215	58
2216	47
2217	65
2218	53
2219	49
2220	51
2221	47
2222	44
2223	40
2224	62
2225	46
2226	61
2227	53
2228	53
2229	49
2230	50
2231	44
2232	50
2233	50
2234	66
2235	45
2236	48
2237	45
2238	48
2239	54
2240	50
2241	56
2242	59
2243	49
2244	56
2245	56
2246	44
2247	50
2248	44
2249	50
2250	70
2251	60
2252	59
2253	53
2254	50
2255	61
2256	41
2257	73
2258	48
2259	52
2260	46
2261	51
2262	54
2263	76
2264	48
2265	63
2266	39
2267	55
2268	56
2269	47
2270	39
2271	56
2272	64
2273	44
2274	57
2275	41
2276	51
2277	57
2278	51
2279	52
2280	57
2281	67
2282	53
2283	46
2284	58
2285	43
2286	63
2287	58
2288	48
2289	44
2290	59
2291	40
2292	62
2293	59
2294	55
2295	47
2296	70
2297	57
2298	45
2299	54
2300	64
2301	58
2302	55
2303	52
2304	46
2305	48
2306	46
2307	54
2308	58
2309	56
2310	54
2311	66
2312	70
2313	62
2314	47
2315	45
2316	53
2317	55
2318	55
2319	59
2320	58
2321	46
2322	61
2323	57
2324	54
2325	58
2326	56
2327	49
2328	60
2329	50
2330	61
2331	44
2332	59
2333	62
2334	69
2335	50
2336	60
2337	57
2338	39
2339	52
2340	53
2341	52
2342	47
2343	66
2344	52
2345	55
2346	54
2347	57
2348	62
2349	45
2350	60
2351	53
2352	49
2353	53
2354	52
2355	62
2356	66
2357	70
2358	63
2359	78
2360	69
2361	52
2362	53
2363	61
2364	69
2365	62
2366	61
2367	57
2368	58
2369	64
2370	62
2371	53
2372	64
2373	58
2374	70
2375	55
2376	67
2377	81
2378	58
2379	60
2380	61
2381	83
2382	50
2383	75
2384	69
2385	73
2386	80
2387	53
2388	65
2389	61
2390	60
2391	69
2392	66
2393	69
2394	52
2395	74
2396	58
2397	67
2398	67
2399	66
2400	54
2401	58
2402	61
2403	62
2404	53
2405	63
2406	63
2407	67
2408	51
2409	69
2410	65
2411	61
2412	60
2413	72
2414	74
2415	73
2416	55
2417	69
2418	58
2419	69
2420	70
2421	64
2422	72
2423	64
2424	61
2425	68
2426	58
2427	62
2428	56
2429	70
2430	76
2431	53
2432	64
2433	71
2434	69
2435	72
2436	77
2437	74
2438	61
2439	62
2440	71
2441	63
2442	70
2443	74
2444	68
2445	54
2446	69
2447	60
2448	61
2449	74
2450	61
2451	71
2452	68
2453	73
2454	80
2455	48
2456	65
2457	78
2458	64
2459	78
2460	74
2461	73
2462	72
2463	83
2464	75
2465	88
2466	83
2467	69
2468	59
2469	63
2470	70
2471	66
2472	83
2473	89
2474	80
2475	58
2476	52
2477	57
2478	76
2479	65
2480	81
2481	62
2482	72
2483	67
2484	69
2485	57
2486	58
2487	56
2488	69
2489	81
2490	65
2491	73
2492	71
2493	63
2494	56
2495	71
2496	79
2497	73
2498	73
2499	75
2500	72
2501	79
2502	75
2503	70
2504	76
2505	81
2506	68
2507	60
2508	86
2509	76
2510	67
2511	62
2512	67
2513	73
2514	75
2515	61
2516	89
2517	52
2518	76
2519	68
2520	74
2521	75
2522	69
2523	64
2524	83
2525	70
2526	75
2527	74
2528	70
2529	63
2530	57
2531	74
2532	70
2533	63
2534	68
2535	73
2536	74
2537	82
2538	72
2539	70
2540	64
2541	56
2542	83
2543	80
2544	82
2545	75
2546	80
2547	77
2548	65
2549	69
2550	74
2551	74
2552	67
2553	61
2554	76
2555	83
2556	81
2557	76
2558	71
2559	74
2560	71
2561	93
2562	61
2563	70
2564	66
2565	80
2566	74
2567	56
2568	77
2569	66
2570	95
2571	64
2572	78
2573	66
2574	65
2575	71
2576	83
2577	66
2578	66
2579	67
2580	85
2581	72
2582	63
2583	69
2584	70
2585	73
2586	66
2587	83
2588	78
2589	66
2590	81
2591	75
2592	75
2593	74
2594	69
2595	74
2596	57
2597	77
2598	53
2599	80
2600	58
2601	73
2602	86
2603	71
2604	73
2605	76
2606	68
2607	80
2608	75
2609	79
2610	72
2611	73
2612	81
2613	75
2614	62
2615	73
2616	85
2617	61
2618	69
2619	67
2620	64
2621	62
2622	78
2623	82
2624	67
2625	62
2626	73
2627	77
2628	74
2629	79
2630	71
2631	63
2632	68
2633	80
2634	79
2635	58
2636	84
2637	73
2638	75
2639	66
2640	78
2641	75
2642	80
2643	74
2644	63
2645	59
2646	76
2647	77
2648	64
2649	63
2650	70
2651	81
2652	65
2653	73
2654	59
2655	65
2656	74
2657	67
2658	65
2659	63
2660	79
2661	55
2662	74
2663	67
2664	76
2665	79
2666	67
2667	78
2668	81
2669	73
2670	67
2671	74
2672	68
2673	70
2674	68
2675	67
2676	66
2677	66
2678	81
2679	70
2680	76
2681	78
2682	64
2683	62
2684	75
2685	76
2686	71
2687	80
2688	65
2689	71
2690	79
2691	66
2692	49
2693	82
2694	68
2695	72
2696	70
2697	71
2698	65
2699	57
2700	82
2701	69
2702	74
2703	60
2704	78
2705	65
2706	67
2707	77
2708	73
2709	66
2710	52
2711	80
2712	60
2713	71
2714	66
2715	82
2716	51
2717	57
2718	62
2719	80
2720	80
2721	80
2722	70
2723	54
2724	57
2725	67
2726	57
2727	58
2728	65
2729	72
2730	60
2731	62
2732	61
2733	64
2734	63
2735	48
2736	62
2737	65
2738	57
2739	63
2740	64
2741	56
2742	79
2743	69
2744	75
2745	75
2746	77
2747	69
2748	85
2749	76
2750	64
2751	66
2752	49
2753	61
2754	62
2755	65
2756	53
2757	62
2758	70
2759	64
2760	70
2761	66
2762	79
2763	66
2764	78
2765	78
2766	72
2767	62
2768	64
2769	66
2770	64
2771	66
2772	62
2773	70
2774	62
2775	50
2776	72
2777	59
2778	54
2779	78
2780	55
2781	77
2782	68
2783	56
2784	64
2785	52
2786	61
2787	59
2788	61
2789	71
2790	62
2791	61
2792	51
2793	68
2794	66
2795	52
2796	62
2797	54
2798	49
2799	78
2800	60
2801	56
2802	69
2803	59
2804	57
2805	51
2806	67
2807	71
2808	69
2809	54
2810	57
2811	68
2812	66
2813	48
2814	70
2815	61
2816	47
2817	72
2818	63
2819	61
2820	45
2821	61
2822	64
2823	63
2824	61
2825	65
2826	62
2827	71
2828	67
2829	72
2830	62
2831	54
2832	47
2833	60
2834	59
2835	62
2836	52
2837	67
2838	69
2839	65
2840	64
2841	61
2842	65
2843	66
2844	54
2845	54
2846	73
2847	76
2848	71
2849	69
2850	54
2851	69
2852	62
2853	66
2854	64
2855	61
2856	65
2857	60
2858	56
2859	50
2860	66
2861	51
2862	70
2863	57
2864	64
2865	57
2866	53
2867	68
2868	69
2869	71
2870	59
2871	67
2872	65
2873	71
2874	66
2875	80
2876	46
2877	58
2878	55
2879	74
2880	55
2881	60
2882	75
2883	60
2884	71
2885	70
2886	53
2887	56
2888	66
2889	47
2890	54
2891	61
2892	70
2893	69
2894	62
2895	60
2896	66
2897	61
2898	50
2899	59
2900	61
2901	77
2902	56
2903	63
2904	51
2905	69
2906	63
2907	69
2908	77
2909	58
2910	69
2911	72
2912	67
2913	56
2914	69
2915	52
2916	58
2917	56
2918	52
2919	61
2920	61
2921	60
2922	61
2923	66
2924	64
2925	52
2926	65
2927	56
2928	51
2929	54
2930	55
2931	55
2932	50
2933	50
2934	58
2935	51
2936	69
2937	63
2938	64
2939	67
2940	59
2941	61
2942	64
2943	52
2944	49
2945	54
2946	71
2947	51
2948	64
2949	60
2950	69
2951	63
2952	50
2953	54
2954	62
2955	68
2956	64
2957	68
2958	63
2959	58
2960	62
2961	58
2962	58
2963	70
2964	60
2965	70
2966	57
2967	54
2968	52
2969	58
2970	61
2971	52
2972	51
2973	56
2974	63
2975	55
2976	62
2977	55
2978	75
2979	55
2980	52
2981	76
2982	57
2983	60
2984	46
2985	57
2986	50
2987	67
2988	60
2989	52
2990	52
2991	55
2992	60
2993	66
2994	52
2995	62
2996	73
2997	47
2998	48
2999	59
3000	54
3001	53
3002	65
3003	64
3004	62
3005	63
3006	63
3007	59
3008	68
3009	61
3010	63
3011	62
3012	60
3013	66
3014	60
3015	45
3016	59
3017	52
3018	68
3019	53
3020	55
3021	69
3022	51
3023	60
3024	58
3025	55
3026	62
3027	58
3028	59
3029	47
3030	57
3031	56
3032	53
3033	54
3034	72
3035	47
3036	46
3037	62
3038	60
3039	59
3040	52
3041	64
3042	57
3043	62
3044	63
3045	59
3046	67
3047	60
3048	62
3049	60
3050	76
3051	58
3052	63
3053	58
3054	55
3055	64
3056	69
3057	59
3058	49
3059	67
3060	64
3061	55
3062	63
3063	60
3064	52
3065	58
3066	62
3067	69
3068	53
3069	53
3070	49
3071	62
3072	51
3073	49
3074	59
3075	59
3076	57
3077	48
3078	49
3079	71
3080	58
3081	47
3082	61
3083	56
3084	52
3085	52
3086	55
3087	61
3088	58
3089	56
3090	56
3091	69
3092	47
3093	61
3094	55
3095	55
3096	48
3097	64
3098	63
3099	60
3100	57
3101	49
3102	67
3103	45
3104	52
3105	54
3106	56
3107	53
3108	60
3109	49
3110	57
3111	56
3112	56
3113	56
3114	58
3115	66
3116	56
3117	50
3118	55
3119	52
3120	62
3121	61
3122	58
3123	64
3124	47
3125	49
3126	56
3127	63
3128	58
3129	42
3130	36
3131	67
3132	50
3133	52
3134	50
3135	53
3136	44
3137	52
3138	70
3139	61
3140	63
3141	51
3142	65
3143	56
3144	59
3145	54
3146	58
3147	60
3148	68
3149	58
3150	56
3151	49
3152	55
3153	58
3154	56
3155	56
3156	52
3157	62
3158	45
3159	51
3160	51
3161	62
3162	66
3163	55
3164	68
3165	62
3166	50
3167	44
3168	49
3169	62
3170	71
3171	52
3172	59
3173	48
3174	47
3175	54
3176	51
3177	46
3178	52
3179	61
3180	57
3181	45
3182	64
3183	66
3184	43
3185	58
3186	61
3187	54
3188	68
3189	61
3190	57
3191	59
3192	45
3193	63
3194	51
3195	51
3196	56
3197	62
3198	58
3199	49
3200	56
3201	65
3202	56
3203	51
3204	50
3205	62
3206	59
3207	41
3208	45
3209	57
3210	51
3211	51
3212	67
3213	61
3214	41
3215	52
3216	65
3217	54
3218	49
3219	50
3220	53
3221	56
3222	73
3223	46
3224	47
3225	58
3226	47
3227	44
3228	61
3229	50
3230	56
3231	54
3232	41
3233	70
3234	46
3235	55
3236	46
3237	58
3238	47
3239	52
3240	65
3241	54
3242	49
3243	55
3244	60
3245	55
3246	56
3247	47
3248	49
3249	58
3250	63
3251	57
3252	63
3253	37
3254	58
3255	47
3256	49
3257	53
3258	49
3259	50
3260	58
3261	51
3262	60
3263	53
3264	44
3265	56
3266	60
3267	49
3268	43
3269	45
3270	38
3271	48
3272	52
3273	48
3274	49
3275	40
3276	46
3277	46
3278	59
3279	59
3280	47
3281	56
3282	53
3283	61
3284	60
3285	54
3286	44
3287	55
3288	50
3289	54
3290	53
3291	50
3292	40
3293	46
3294	47
3295	54
3296	46
3297	41
3298	54
3299	51
3300	51
3301	61
3302	53
3303	58
3304	33
3305	62
3306	49
3307	62
3308	51
3309	54
3310	48
3311	48
3312	52
3313	38
3314	51
3315	57
3316	53
3317	46
3318	50
3319	47
3320	59
3321	50
3322	47
3323	57
3324	55
3325	54
3326	46
3327	57
3328	38
3329	64
3330	50
3331	60
3332	47
3333	48
3334	45
3335	60
3336	62
3337	32
3338	48
3339	41
3340	40
3341	45
3342	48
3343	51
3344	59
3345	62
3346	53
3347	60
3348	43
3349	58
3350	58
3351	51
3352	57
3353	52
3354	50
3355	66
3356	46
3357	52
3358	59
3359	37
3360	39
3361	44
3362	48
3363	56
3364	59
3365	54
3366	59
3367	52
3368	45
3369	51
3370	48
3371	50
3372	49
3373	52
3374	39
3375	45
3376	47
3377	55
3378	47
3379	38
3380	41
3381	47
3382	46
3383	72
3384	49
3385	51
3386	45
3387	46
3388	53
3389	55
3390	49
3391	53
3392	54
3393	56
3394	46
3395	51
3396	63
3397	56
3398	56
3399	59
3400	59
3401	51
3402	52
3403	55
3404	41
3405	44
3406	61
3407	49
3408	63
3409	42
3410	52
3411	45
3412	39
3413	43
3414	45
3415	46
3416	58
3417	54
3418	51
3419	39
3420	37
3421	52
3422	48
3423	39
3424	50
3425	51
3426	53
3427	50
3428	54
3429	48
3430	48
3431	61
3432	44
3433	43
3434	42
3435	49
3436	54
3437	41
3438	43
3439	39
3440	47
3441	49
3442	38
3443	44
3444	49
3445	44
3446	45
3447	32
3448	56
3449	48
3450	56
3451	51
3452	49
3453	44
3454	59
3455	55
3456	52
3457	27
3458	54
3459	44
3460	45
3461	53
3462	52
3463	54
3464	36
3465	58
3466	52
3467	54
3468	48
3469	43
3470	41
3471	50
3472	49
3473	56
3474	54
3475	41
3476	49
3477	50
3478	47
3479	48
3480	47
3481	40
3482	54
3483	45
3484	52
3485	46
3486	48
3487	52
3488	45
3489	51
3490	50
3491	51
3492	51
3493	35
3494	58
3495	55
3496	53
3497	40
3498	48
3499	52
3500	40
3501	54
3502	32
3503	52
3504	45
3505	32
3506	58
3507	49
3508	41
3509	46
3510	51
3511	45
3512	60
3513	45
3514	38
3515	54
3516	38
3517	49
3518	38
3519	57
3520	50
3521	38
3522	49
3523	50
3524	51
3525	41
3526	37
3527	47
3528	45
3529	44
3530	44
3531	45
3532	51
3533	44
3534	39
3535	49
3536	49
3537	60
3538	38
3539	47
3540	45
3541	45
3542	55
3543	37
3544	39
3545	47
3546	35
3547	49
3548	51
3549	58
3550	42
3551	39
3552	52
3553	42
3554	65
3555	35
3556	43
3557	43
3558	49
3559	48
3560	33
3561	34
3562	49
3563	54
3564	37
3565	59
3566	54
3567	44
3568	41
3569	26
3570	48
3571	47
3572	41
3573	51
3574	48
3575	50
3576	47
3577	48
3578	43
3579	32
3580	29
3581	30
3582	47
3583	46
3584	46
3585	55
3586	44
3587	32
3588	39
3589	42
3590	58
3591	41
3592	48
3593	52
3594	38
3595	55
3596	53
3597	43
3598	51
3599	47
3600	40
3601	41
3602	43
3603	40
3604	34
3605	49
3606	45
3607	53
3608	55
3609	56
3610	41
3611	52
3612	45
3613	46
3614	38
3615	53
3616	49
3617	44
3618	42
3619	33
3620	56
3621	57
3622	55
3623	48
3624	50
3625	50
3626	36
3627	45
3628	46
3629	48
3630	55
3631	48
3632	45
3633	45
3634	53
3635	46
3636	43
3637	46
3638	48
3639	53
3640	42
3641	36
3642	37
3643	42
3644	53
3645	49
3646	41
3647	44
3648	40
3649	59
3650	54
3651	44
3652	47
3653	53
3654	33
3655	49
3656	57
3657	44
3658	46
3659	30
3660	53
3661	54
3662	37
3663	42
3664	52
3665	38
3666	39
3667	40
3668	47
3669	47
3670	42
3671	32
3672	45
3673	45
3674	50
3675	32
3676	38
3677	46
3678	43
3679	42
3680	33
3681	33
3682	38
3683	52
3684	45
3685	55
3686	42
3687	46
3688	51
3689	45
3690	43
3691	61
3692	37
3693	43
3694	36
3695	34
3696	42
3697	42
3698	32
3699	46
3700	39
3701	50
3702	42
3703	45
3704	50
3705	41
3706	50
3707	50
3708	40
3709	41
3710	42
3711	44
3712	52
3713	46
3714	32
3715	43
3716	38
3717	32
3718	46
3719	41
3720	46
3721	40
3722	36
3723	41
3724	49
3725	40
3726	48
3727	38
3728	39
3729	43
3730	56
3731	42
3732	37
3733	50
3734	41
3735	34
3736	51
3737	40
3738	43
3739	39
3740	51
3741	36
3742	31
3743	49
3744	45
3745	45
3746	52
3747	44
3748	52
3749	55
3750	30
3751	34
3752	38
3753	41
3754	49
3755	36
3756	46
3757	38
3758	38
3759	39
3760	41
3761	39
3762	44
3763	53
3764	41
3765	38
3766	32
3767	41
3768	41
3769	39
3770	56
3771	51
3772	49
3773	51
3774	35
3775	51
3776	51
3777	37
3778	58
3779	41
3780	33
3781	54
3782	43
3783	36
3784	48
3785	40
3786	39
3787	53
3788	42
3789	41
3790	45
3791	47
3792	50
3793	50
3794	35
3795	45
3796	45
3797	41
3798	41
3799	37
3800	33
3801	31
3802	49
3803	40
3804	40
3805	43
3806	41
3807	58
3808	50
3809	54
3810	48
3811	47
3812	37
3813	36
3814	46
3815	40
3816	39
3817	39
3818	36
3819	47
3820	40
3821	53
3822	35
3823	43
3824	39
3825	28
3826	34
3827	31
3828	38
3829	44
3830	39
3831	36
3832	48
3833	52
3834	41
3835	39
3836	51
3837	47
3838	29
3839	29
3840	41
3841	49
3842	47
3843	39
3844	49
3845	37
3846	52
3847	46
3848	58
3849	37
3850	50
3851	53
3852	40
3853	50
3854	39
3855	37
3856	48
3857	41
3858	40
3859	36
3860	32
3861	46
3862	40
3863	55
3864	43
3865	43
3866	44
3867	44
3868	46
3869	55
3870	42
3871	37
3872	40
3873	41
3874	35
3875	46
3876	39
3877	55
3878	50
3879	45
3880	42
3881	49
3882	33
3883	32
3884	46
3885	29
3886	39
3887	48
3888	41
3889	42
3890	43
3891	34
3892	40
3893	40
3894	34
3895	41
3896	41
3897	36
3898	40
3899	31
3900	45
3901	40
3902	50
3903	37
3904	52
3905	53
3906	34
3907	53
3908	54
3909	33
3910	51
3911	42
3912	37
3913	47
3914	35
3915	27
3916	49
3917	43
3918	44
3919	43
3920	34
3921	38
3922	29
3923	32
3924	35
3925	39
3926	33
3927	39
3928	40
3929	44
3930	49
3931	46
3932	51
3933	46
3934	37
3935	31
3936	45
3937	42
3938	39
3939	44
3940	44
3941	56
3942	55
3943	37
3944	53
3945	36
3946	33
3947	41
3948	50
3949	36
3950	52
3951	47
3952	36
3953	39
3954	34
3955	43
3956	33
3957	40
3958	36
3959	24
3960	45
3961	35
3962	37
3963	45
3964	27
3965	44
3966	45
3967	63
3968	41
3969	40
3970	63
3971	43
3972	42
3973	46
3974	38
3975	40
3976	43
3977	51
3978	50
3979	37
3980	38
3981	36
3982	45
3983	42
3984	43
3985	47
3986	48
3987	34
3988	45
3989	33
3990	53
3991	50
3992	42
3993	41
3994	31
3995	40
3996	39
3997	37
3998	48
3999	38
4000	44
4001	49
4002	44
4003	44
4004	37
4005	36
4006	47
4007	46
4008	40
4009	40
4010	34
4011	39
4012	27
4013	51
4014	43
4015	47
4016	58
4017	44
4018	42
4019	51
4020	37
4021	38
4022	44
4023	41
4024	39
4025	41
4026	43
4027	53
4028	41
4029	49
4030	37
4031	37
4032	40
4033	41
4034	41
4035	46
4036	39
4037	46
4038	43
4039	37
4040	43
4041	49
4042	46
4043	39
4044	54
4045	43
4046	36
4047	34
4048	42
4049	40
4050	45
4051	51
4052	36
4053	41
4054	50
4055	56
4056	45
4057	55
4058	43
4059	35
4060	44
4061	43
4062	42
4063	42
4064	44
4065	46
4066	37
4067	46
4068	38
4069	40
4070	43
4071	34
4072	39
4073	45
4074	33
4075	38
4076	42
4077	38
4078	39
4079	44
4080	38
4081	49
4082	32
4083	50
4084	41
4085	41
4086	24
4087	55
4088	34
4089	46
4090	41
4091	31
4092	31
4093	44
4094	40
4095	53
4096	27
4097	41
4098	37
4099	47
4100	44
4101	42
4102	38
4103	34
4104	51
4105	45
4106	40
4107	51
4108	42
4109	34
4110	41
4111	47
4112	45
4113	48
4114	39
4115	42
4116	49
4117	42
4118	45
4119	38
4120	45
4121	38
4122	56
4123	46
4124	35
4125	38
4126	44
4127	31
4128	44
4129	42
4130	38
4131	52
4132	39
4133	38
4134	35
4135	38
4136	38
4137	45
4138	43
4139	48
4140	39
4141	37
4142	40
4143	43
4144	32
4145	39
4146	41
4147	31
4148	39
4149	37
4150	39
4151	45
4152	49
4153	42
4154	37
4155	38
4156	35
4157	39
4158	37
4159	42
4160	41
4161	39
4162	37
4163	40
4164	43
4165	40
4166	40
4167	36
4168	52
4169	32
4170	45
4171	51
4172	38
4173	34
4174	39
4175	30
4176	49
4177	33
4178	41
4179	35
4180	42
4181	42
4182	33
4183	38
4184	42
4185	37
4186	44
4187	36
4188	45
4189	35
4190	32
4191	43
4192	50
4193	44
4194	33
4195	35
4196	41
4197	43
4198	28
4199	40
4200	44
4201	42
4202	32
4203	42
4204	40
4205	39
4206	36
4207	33
4208	40
4209	52
4210	44
4211	46
4212	43
4213	47
4214	39
4215	46
4216	39
4217	33
4218	35
4219	49
4220	33
4221	38
4222	45
4223	31
4224	53
4225	38
4226	36
4227	29
4228	41
4229	50
4230	45
4231	40
4232	51
4233	27
4234	39
4235	42
4236	33
4237	59
4238	41
4239	42
4240	40
4241	44
4242	45
4243	42
4244	36
4245	36
4246	46
4247	42
4248	33
4249	42
4250	42
4251	52
4252	28
4253	41
4254	44
4255	36
4256	43
4257	30
4258	33
4259	50
4260	42
4261	41
4262	44
4263	43
4264	39
4265	47
4266	40
4267	34
4268	42
4269	52
4270	41
4271	52
4272	54
4273	56
4274	36
4275	49
4276	31
4277	39
4278	50
4279	36
4280	31
4281	33
4282	47
4283	34
4284	33
4285	32
4286	39
4287	43
4288	31
4289	36
4290	38
4291	44
4292	49
4293	37
4294	39
4295	39
4296	45
4297	38
4298	38
4299	36
4300	43
4301	41
4302	33
4303	40
4304	44
4305	42
4306	50
4307	37
4308	45
4309	44
4310	37
4311	44
4312	39
4313	43
4314	42
4315	40
4316	54
4317	41
4318	49
4319	52
4320	35
4321	45
4322	55
4323	33
4324	28
4325	41
4326	31
4327	51
4328	41
4329	32
4330	28
4331	36
4332	42
4333	35
4334	41
4335	46
4336	39
4337	34
4338	48
4339	27
4340	47
4341	33
4342	42
4343	43
4344	41
4345	48
4346	32
4347	39
4348	39
4349	40
4350	38
4351	34
4352	35
4353	42
4354	35
4355	44
4356	52
4357	36
4358	41
4359	43
4360	37
4361	39
4362	38
4363	41
4364	33
4365	40
4366	34
4367	44
4368	27
4369	39
4370	36
4371	46
4372	40
4373	40
4374	44
4375	39
4376	46
4377	39
4378	42
4379	50
4380	34
4381	39
4382	35
4383	27
4384	35
4385	36
4386	32
4387	32
4388	34
4389	47
4390	41
4391	42
4392	45
4393	30
4394	35
4395	31
4396	35
4397	28
4398	34
4399	30
4400	45
4401	29
4402	37
4403	38
4404	38
4405	39
4406	27
4407	34
4408	39
4409	41
4410	36
4411	53
4412	47
4413	44
4414	34
4415	33
4416	31
4417	43
4418	43
4419	29
4420	26
4421	48
4422	40
4423	40
4424	34
4425	40
4426	40
4427	39
4428	41
4429	34
4430	34
4431	40
4432	33
4433	33
4434	37
4435	42
4436	37
4437	38
4438	39
4439	32
4440	32
4441	42
4442	34
4443	42
4444	32
4445	41
4446	35
4447	38
4448	22
4449	55
4450	43
4451	44
4452	27
4453	31
4454	33
4455	44
4456	36
4457	32
4458	40
4459	38
4460	44
4461	30
4462	38
4463	30
4464	34
4465	44
4466	39
4467	37
4468	33
4469	34
4470	32
4471	35
4472	34
4473	27
4474	38
4475	33
4476	34
4477	41
4478	34
4479	33
4480	37
4481	31
4482	42
4483	43
4484	33
4485	34
4486	35
4487	43
4488	29
4489	29
4490	26
4491	39
4492	29
4493	37
4494	33
4495	38
4496	35
4497	27
4498	38
4499	32
4500	44
4501	25
4502	35
4503	36
4504	40
4505	32
4506	30
4507	43
4508	32
4509	30
4510	41
4511	31
4512	36
4513	36
4514	31
4515	38
4516	47
4517	32
4518	28
4519	26
4520	25
4521	40
4522	36
4523	31
4524	43
4525	37
4526	31
4527	34
4528	46
4529	39
4530	42
4531	35
4532	37
4533	37
4534	39
4535	41
4536	39
4537	31
4538	37
4539	27
4540	20
4541	22
4542	31
4543	28
4544	34
4545	33
4546	34
4547	28
4548	21
4549	34
4550	27
4551	40
4552	30
4553	23
4554	29
4555	34
4556	36
4557	39
4558	31
4559	32
4560	26
4561	32
4562	31
4563	30
4564	28
4565	26
4566	29
4567	28
4568	33
4569	33
4570	23
4571	35
4572	27
4573	21
4574	41
4575	29
4576	29
4577	26
4578	31
4579	24
4580	22
4581	18
4582	37
4583	35
4584	32
4585	30
4586	25
4587	33
4588	28
4589	34
4590	23
4591	23
4592	30
4593	31
4594	25
4595	33
4596	33
4597	29
4598	19
4599	22
4600	34
4601	31
4602	34
4603	30
4604	29
4605	32
4606	39
4607	29
4608	26
4609	34
4610	29
4611	22
4612	25
4613	25
4614	35
4615	36
4616	31
4617	28
4618	24
4619	30
4620	34
4621	33
4622	30
4623	20
4624	29
4625	28
4626	30
4627	20
4628	50
4629	27
4630	25
4631	25
4632	22
4633	22
4634	26
4635	27
4636	22
4637	36
4638	37
4639	36
4640	29
4641	34
4642	27
4643	29
4644	22
4645	20
4646	22
4647	26
4648	36
4649	27
4650	34
4651	33
4652	20
4653	29
4654	28
4655	27
4656	23
4657	22
4658	20
4659	37
4660	22
4661	29
4662	34
4663	31
4664	27
4665	25
4666	21
4667	16
4668	23
4669	19
4670	22
4671	24
4672	23
4673	32
4674	21
4675	30
4676	22
4677	35
4678	30
4679	29
4680	29
4681	26
4682	23
4683	24
4684	25
4685	37
4686	32
4687	22
4688	17
4689	27
4690	16
4691	26
4692	25
4693	23
4694	20
4695	28
4696	20
4697	20
4698	20
4699	23
4700	24
4701	32
4702	31
4703	28
4704	25
4705	22
4706	28
4707	26
4708	27
4709	18
4710	31
4711	24
4712	18
4713	26
4714	21
4715	22
4716	29
4717	23
4718	26
4719	24
4720	29
4721	25
4722	19
4723	24
4724	17
4725	27
4726	20
4727	30
4728	29
4729	29
4730	20
4731	15
4732	27
4733	23
4734	17
4735	24
4736	33
4737	19
4738	16
4739	21
4740	19
4741	22
4742	20
4743	22
4744	27
4745	20
4746	17
4747	26
4748	23
4749	21
4750	25
4751	17
4752	19
4753	23
4754	15
4755	32
4756	33
4757	26
4758	24
4759	18
4760	21
4761	23
4762	26
4763	33
4764	22
4765	13
4766	21
4767	26
4768	21
4769	27
4770	16
4771	19
4772	24
4773	15
4774	15
4775	32
4776	22
4777	16
4778	26
4779	13
4780	22
4781	29
4782	16
4783	27
4784	22
4785	21
4786	31
4787	24
4788	19
4789	21
4790	28
4791	23
4792	15
4793	20
4794	16
4795	23
4796	12
4797	15
4798	28
4799	28
4800	20
4801	29
4802	28
4803	26
4804	23
4805	24
4806	21
4807	17
4808	22
4809	17
4810	18
4811	24
4812	23
4813	22
4814	19
4815	26
4816	17
4817	24
4818	21
4819	19
4820	20
4821	11
4822	14
4823	17
4824	17
4825	22
4826	17
4827	17
4828	23
4829	19
4830	25
4831	23
4832	25
4833	18
4834	22
4835	21
4836	32
4837	18
4838	23
4839	28
4840	19
4841	26
4842	17
4843	18
4844	29
4845	14
4846	18
4847	20
4848	17
4849	28
4850	18
4851	18
4852	20
4853	20
4854	14
4855	20
4856	16
4857	27
4858	12
4859	13
4860	18
4861	25
4862	21
4863	15
4864	16
4865	22
4866	24
4867	21
4868	13
4869	22
4870	22
4871	24
4872	22
4873	23
4874	25
4875	28
4876	21
4877	28
4878	28
4879	26
4880	22
4881	18
4882	13
4883	13
4884	20
4885	17
4886	17
4887	18
4888	18
4889	24
4890	22
4891	19
4892	19
4893	24
4894	11
4895	21
4896	25
4897	17
4898	19
4899	18
4900	19
4901	19
4902	21
4903	25
4904	19
4905	13
4906	11
4907	23
4908	16
4909	31
4910	28
4911	15
4912	15
4913	21
4914	17
4915	25
4916	16
4917	14
4918	23
4919	17
4920	23
4921	18
4922	22
4923	17
4924	20
4925	22
4926	19
4927	19
4928	18
4929	18
4930	22
4931	19
4932	10
4933	19
4934	20
4935	18
4936	13
4937	20
4938	23
4939	16
4940	24
4941	12
4942	18
4943	20
4944	24
4945	23
4946	22
4947	21
4948	16
4949	15
4950	15
4951	16
4952	15
4953	20
4954	17
4955	21
4956	20
4957	20
4958	23
4959	15
4960	17
4961	20
4962	13
4963	15
4964	14
4965	19
4966	11
4967	22
4968	13
4969	23
4970	20
4971	16
4972	16
4973	15
4974	20
4975	22
4976	24
4977	22
4978	14
4979	12
4980	17
4981	18
4982	16
4983	23
4984	18
4985	20
4986	21
4987	17
4988	18
4989	16
4990	19
4991	23
4992	17
4993	20
4994	16
4995	14
4996	14
4997	13
4998	21
4999	10
5000	13
5001	15
5002	20
5003	11
5004	11
5005	24
5006	15
5007	20
5008	17
5009	19
5010	15
5011	15
5012	19
5013	16
5014	19
5015	16
5016	17
5017	18
5018	12
5019	11
5020	15
5021	14
5022	17
5023	13
5024	17
5025	16
5026	14
5027	12
5028	20
5029	16
5030	19
5031	22
5032	20
5033	14
5034	22
5035	20
5036	15
5037	21
5038	17
5039	17
5040	22
5041	18
5042	13
5043	14
5044	13
5045	16
5046	18
5047	19
5048	15
5049	14
5050	10
5051	16
5052	15
5053	20
5054	20
5055	20
5056	22
5057	8
5058	18
5059	16
5060	15
5061	19
5062	22
5063	16
5064	13
5065	10
5066	20
5067	15
5068	13
5069	14
5070	18
5071	14
5072	13
5073	19
5074	14
5075	16
5076	18
5077	11
5078	14
5079	11
5080	19
5081	20
5082	12
5083	18
5084	15
5085	16
5086	17
5087	24
5088	13
5089	12
5090	17
5091	13
5092	16
5093	17
5094	16
5095	14
5096	19
5097	17
5098	19
5099	13
5100	23
5101	16
5102	16
5103	21
5104	21
5105	17
5106	20
5107	12
5108	18
5109	16
5110	18
5111	22
5112	17
5113	13
5114	16
5115	19
5116	13
5117	17
5118	16
5119	13
5120	18
5121	15
5122	12
5123	14
5124	12
5125	17
5126	16
5127	10
5128	29
5129	11
5130	19
5131	14
5132	13
5133	17
5134	14
5135	22
5136	15
5137	7
5138	20
5139	15
5140	16
5141	13
5142	16
5143	13
5144	17
5145	19
5146	13
5147	15
5148	16
5149	21
5150	15
5151	10
5152	18
5153	16
5154	22
5155	14
5156	12
5157	10
5158	23
5159	15
5160	15
5161	12
5162	21
5163	16
5164	16
5165	11
5166	13
5167	17
5168	24
5169	16
5170	19
5171	12
5172	11
5173	18
5174	12
5175	17
5176	14
5177	12
5178	21
5179	12
5180	16
5181	17
5182	15
5183	14
5184	21
5185	16
5186	13
5187	14
5188	14
5189	20
5190	17
5191	15
5192	23
5193	13
5194	12
5195	14
5196	18
5197	23
5198	14
5199	18
5200	19
5201	13
5202	22
5203	20
5204	18
5205	20
5206	15
5207	18
5208	16
5209	19
5210	26
5211	18
5212	17
5213	16
5214	15
5215	19
5216	20
5217	24
5218	16
5219	18
5220	16
5221	12
5222	22
5223	15
5224	17
5225	11
5226	23
5227	23
5228	16
5229	13
5230	16
5231	18
5232	15
5233	13
5234	16
5235	21
5236	11
5237	13
5238	16
5239	15
5240	22
5241	23
5242	18
5243	17
5244	15
5245	15
5246	17
5247	14
5248	15
5249	14
5250	16
5251	19
5252	17
5253	12
5254	10
5255	13
5256	15
5257	14
5258	10
5259	12
5260	19
5261	20
5262	15
5263	15
5264	10
5265	12
5266	16
5267	15
5268	14
5269	13
5270	21
5271	16
5272	16
5273	12
5274	13
5275	21
5276	15
5277	14
5278	23
5279	12
5280	5
5281	13
5282	16
5283	12
5284	13
5285	17
5286	12
5287	8
5288	6
5289	22
5290	16
5291	15
5292	14
5293	16
5294	15
5295	15
5296	20
5297	18
5298	14
5299	10
5300	9
5301	15
5302	22
5303	16
5304	18
5305	15
5306	15
5307	13
5308	15
5309	14
5310	15
5311	17
5312	19
5313	14
5314	12
5315	14
5316	15
5317	11
5318	24
5319	12
5320	15
5321	18
5322	19
5323	21
5324	14
5325	20
5326	12
5327	21
5328	14
5329	13
5330	19
5331	16
5332	18
5333	11
5334	16
5335	14
5336	10
5337	13
5338	12
5339	17
5340	19
5341	12
5342	8
5343	11
5344	10
5345	14
5346	9
5347	17
5348	10
5349	12
5350	19
5351	17
5352	9
5353	20
5354	14
5355	10
5356	16
5357	10
5358	11
5359	15
5360	6
5361	15
5362	18
5363	16
5364	14
5365	12
5366	13
5367	18
5368	14
5369	21
5370	15
5371	12
5372	19
5373	13
5374	12
5375	16
5376	12
5377	16
5378	7
5379	18
5380	8
5381	16
5382	19
5383	7
5384	20
5385	8
5386	12
5387	17
5388	17
5389	15
5390	12
5391	6
5392	16
5393	14
5394	14
5395	17
5396	12
5397	9
5398	14
5399	12
5400	16
5401	11
5402	16
5403	9
5404	16
5405	15
5406	20
5407	11
5408	20
5409	19
5410	16
5411	12
5412	19
5413	14
5414	14
5415	18
5416	12
5417	13
5418	15
5419	20
5420	11
5421	13
5422	15
5423	17
5424	11
5425	8
5426	15
5427	9
5428	13
5429	19
5430	10
5431	13
5432	15
5433	17
5434	18
5435	12
5436	19
5437	8
5438	24
5439	15
5440	13
5441	18
5442	17
5443	12
5444	16
5445	13
5446	10
5447	12
5448	15
5449	13
5450	15
5451	10
5452	14
5453	18
5454	8
5455	18
5456	10
5457	12
5458	17
5459	15
5460	14
5461	15
5462	7
5463	5
5464	9
5465	10
5466	18
5467	12
5468	20
5469	12
5470	17
5471	14
5472	15
5473	10
5474	9
5475	10
5476	8
5477	14
5478	10
5479	13
5480	11
5481	13
5482	11
5483	15
5484	10
5485	13
5486	14
5487	9
5488	19
5489	13
5490	17
5491	19
5492	18
5493	13
5494	12
5495	7
5496	9
5497	19
5498	16
5499	11
5500	19
5501	17
5502	10
5503	8
5504	17
5505	11
5506	8
5507	12
5508	15
5509	9
5510	16
5511	13
5512	16
5513	13
5514	24
5515	17
5516	17
5517	6
5518	10
5519	11
5520	13
5521	15
5522	13
5523	14
5524	18
5525	17
5526	14
5527	14
5528	18
5529	13
5530	17
5531	13
5532	11
5533	10
5534	11
5535	15
5536	11
5537	19
5538	15
5539	15
5540	14
5541	18
5542	16
5543	16
5544	14
5545	14
5546	20
5547	14
5548	12
5549	19
5550	9
5551	13
5552	15
5553	15
5554	12
5555	9
5556	11
5557	14
5558	17
5559	19
5560	16
5561	11
5562	15
5563	19
5564	10
5565	20
5566	13
5567	7
5568	14
5569	17
5570	9
5571	12
5572	14
5573	4
5574	23
5575	11
5576	14
5577	19
5578	13
5579	13
5580	14
5581	11
5582	13
5583	14
5584	15
5585	11
5586	14
5587	13
5588	19
5589	14
5590	12
5591	20
5592	13
5593	10
5594	16
5595	12
5596	7
5597	18
5598	15
5599	10
5600	11
5601	11
5602	19
5603	7
5604	12
5605	15
5606	14
5607	11
5608	18
5609	13
5610	19
5611	8
5612	17
5613	4
5614	9
5615	22
5616	18
5617	7
5618	12
5619	15
5620	13
5621	20
5622	12
5623	10
5624	15
5625	7
5626	15
5627	21
5628	17
5629	14
5630	12
5631	9
5632	5
5633	11
5634	11
5635	14
5636	9
5637	21
5638	13
5639	11
5640	9
5641	11
5642	10
5643	13
5644	18
5645	13
5646	10
5647	12
5648	11
5649	13
5650	19
5651	14
5652	12
5653	11
5654	9
5655	18
5656	8
5657	10
5658	16
5659	5
5660	17
5661	13
5662	11
5663	6
5664	11
5665	16
5666	9
5667	11
5668	20
5669	16
5670	14
5671	10
5672	15
5673	9
5674	8
5675	6
5676	16
5677	17
5678	16
5679	10
5680	12
5681	14
5682	8
5683	13
5684	14
5685	14
5686	11
5687	13
5688	19
5689	10
5690	9
5691	12
5692	17
5693	15
5694	18
5695	12
5696	12
5697	13
5698	17
5699	16
5700	14
5701	11
5702	16
5703	13
5704	13
5705	15
5706	14
5707	17
5708	11
5709	13
5710	17
5711	16
5712	15
5713	11
5714	14
5715	18
5716	15
5717	13
5718	15
5719	8
5720	16
5721	15
5722	11
5723	7
5724	10
5725	21
5726	12
5727	12
5728	12
5729	19
5730	9
5731	12
5732	14
5733	15
5734	11
5735	12
5736	10
5737	9
5738	12
5739	12
5740	10
5741	11
5742	12
5743	19
5744	11
5745	16
5746	13
5747	17
5748	16
5749	13
5750	11
5751	13
5752	16
5753	15
5754	12
5755	13
5756	12
5757	13
5758	12
5759	10
5760	13
5761	15
5762	12
5763	13
5764	15
5765	12
5766	12
5767	13
5768	12
5769	13
5770	9
5771	17
5772	10
5773	13
5774	12
5775	15
5776	14
5777	12
5778	17
5779	15
5780	8
5781	18
5782	13
5783	10
5784	12
5785	11
5786	11
5787	9
5788	13
5789	12
5790	13
5791	12
5792	14
5793	6
5794	13
5795	17
5796	19
5797	14
5798	7
5799	9
5800	8
5801	10
5802	12
5803	12
5804	10
5805	11
5806	10
5807	16
5808	7
5809	14
5810	11
5811	10
5812	15
5813	16
5814	9
5815	16
5816	18
5817	12
5818	14
5819	20
5820	11
5821	7
5822	13
5823	12
5824	13
5825	13
5826	15
5827	11
5828	7
5829	9
5830	12
5831	5
5832	14
5833	13
5834	19
5835	21
5836	17
5837	9
5838	9
5839	18
5840	14
5841	16
5842	9
5843	6
5844	19
5845	15
5846	12
5847	14
5848	9
5849	16
5850	7
5851	19
5852	8
5853	8
5854	14
5855	8
5856	9
5857	13
5858	17
5859	13
5860	6
5861	16
5862	15
5863	15
5864	13
5865	7
5866	5
5867	11
5868	26
5869	15
5870	16
5871	16
5872	14
5873	12
5874	18
5875	15
5876	15
5877	8
5878	10
5879	19
5880	13
5881	10
5882	9
5883	11
5884	14
5885	17
5886	12
5887	13
5888	12
5889	19
5890	5
5891	18
5892	13
5893	15
5894	25
5895	22
5896	20
5897	17
5898	16
5899	11
5900	10
5901	14
5902	15
5903	18
5904	13
5905	19
5906	15
5907	10
5908	16
5909	13
5910	9
5911	17
5912	9
5913	17
5914	8
5915	13
5916	12
5917	14
5918	8
5919	11
5920	14
5921	11
5922	11
5923	11
5924	12
5925	11
5926	11
5927	17
5928	10
5929	14
5930	12
5931	9
5932	16
5933	12
5934	14
5935	16
5936	21
5937	9
5938	14
5939	3
5940	7
5941	17
5942	10
5943	14
5944	5
5945	11
5946	11
5947	11
5948	6
5949	13
5950	12
5951	17
5952	13
5953	14
5954	9
5955	11
5956	20
5957	12
5958	9
5959	15
5960	10
5961	13
5962	18
5963	13
5964	23
5965	11
5966	10
5967	16
5968	13
5969	12
5970	13
5971	14
5972	11
5973	13
5974	12
5975	9
5976	13
5977	15
5978	13
5979	10
5980	10
5981	16
5982	8
5983	6
5984	14
5985	11
5986	18
5987	12
5988	22
5989	7
5990	13
5991	16
5992	9
5993	5
5994	16
5995	14
5996	12
5997	12
5998	10
5999	10
6000	10
6001	10
6002	15
6003	11
6004	12
6005	8
6006	10
6007	14
6008	17
6009	9
6010	8
6011	20
6012	25
6013	13
6014	16
6015	15
6016	12
6017	21
6018	19
6019	15
6020	18
6021	11
6022	7
6023	8
6024	14
6025	14
6026	12
6027	18
6028	17
6029	9
6030	11
6031	13
6032	8
6033	13
6034	21
6035	11
6036	27
6037	18
6038	22
6039	20
6040	11
6041	16
6042	12
6043	12
6044	9
6045	15
6046	10
6047	14
6048	11
6049	13
6050	12
6051	11
6052	13
6053	15
6054	12
6055	11
6056	13
6057	13
6058	9
6059	6
6060	8
6061	10
6062	18
6063	9
6064	12
6065	10
6066	13
6067	8
6068	13
6069	17
6070	2
6071	11
6072	6
6073	12
6074	16
6075	13
6076	13
6077	20
6078	8
6079	14
6080	13
6081	6
6082	15
6083	12
6084	13
6085	8
6086	10
6087	5
6088	19
6089	6
6090	8
6091	21
6092	10
6093	12
6094	11
6095	12
6096	10
6097	14
6098	12
6099	18
6100	16
6101	11
6102	7
6103	9
6104	13
6105	8
6106	9
6107	17
6108	14
6109	8
6110	10
6111	13
6112	13
6113	13
6114	11
6115	14
6116	11
6117	9
6118	12
6119	11
6120	13
6121	9
6122	13
6123	10
6124	20
6125	16
6126	10
6127	21
6128	9
6129	21
6130	12
6131	13
6132	14
6133	6
6134	16
6135	14
6136	11
6137	13
6138	15
6139	17
6140	12
6141	13
6142	10
6143	9
6144	16
6145	10
6146	17
6147	13
6148	14
6149	12
6150	6
6151	16
6152	15
6153	19
6154	16
6155	11
6156	8
6157	13
6158	10
6159	7
6160	14
6161	13
6162	12
6163	17
6164	13
6165	9
6166	6
6167	11
6168	6
6169	16
6170	16
6171	15
6172	10
6173	12
6174	13
6175	13
6176	15
6177	8
6178	12
6179	13
6180	10
6181	9
6182	14
6183	13
6184	9
6185	15
6186	12
6187	13
6188	8
6189	14
6190	13
6191	17
6192	12
6193	14
6194	11
6195	10
6196	14
6197	15
6198	14
6199	11
6200	14
6201	11
6202	12
6203	10
6204	10
6205	12
6206	20
6207	9
6208	8
6209	10
6210	13
6211	8
6212	11
6213	9
6214	17
6215	14
6216	13
6217	15
6218	12
6219	5
6220	9
6221	11
6222	13
6223	11
6224	13
6225	13
6226	14
6227	8
6228	9
6229	11
6230	13
6231	14
6232	17
6233	10
6234	22
6235	12
6236	14
6237	14
6238	12
6239	11
6240	6
6241	10
6242	16
6243	7
6244	21
6245	10
6246	9
6247	9
6248	10
6249	11
6250	12
6251	14
6252	12
6253	18
6254	14
6255	14
6256	14
6257	11
6258	7
6259	10
6260	10
6261	13
6262	16
6263	13
6264	14
6265	10
6266	8
6267	10
6268	17
6269	18
6270	13
6271	15
6272	18
6273	10
6274	13
6275	14
6276	12
6277	12
6278	14
6279	17
6280	12
6281	16
6282	12
6283	10
6284	13
6285	14
6286	12
6287	11
6288	17
6289	20
6290	11
6291	15
6292	14
6293	13
6294	12
6295	15
6296	11
6297	9
6298	11
6299	11
6300	13
6301	19
6302	13
6303	14
6304	10
6305	20
6306	11
6307	19
6308	11
6309	15
6310	14
6311	10
6312	16
6313	5
6314	13
6315	14
6316	12
6317	10
6318	14
6319	8
6320	13
6321	11
6322	11
6323	13
6324	15
6325	9
6326	21
6327	18
6328	19
6329	12
6330	17
6331	11
6332	18
6333	18
6334	13
6335	15
6336	19
6337	9
6338	11
6339	15
6340	21
6341	15
6342	11
6343	10
6344	16
6345	14
6346	10
6347	10
6348	8
6349	12
6350	15
6351	13
6352	12
6353	9
6354	11
6355	10
6356	18
6357	8
6358	15
6359	15
6360	12
6361	16
6362	14
6363	11
6364	11
6365	11
6366	15
6367	9
6368	15
6369	8
6370	17
6371	10
6372	14
6373	13
6374	14
6375	13
6376	12
6377	17
6378	13
6379	14
6380	12
6381	14
6382	8
6383	10
6384	16
6385	17
6386	12
6387	18
6388	10
6389	13
6390	11
6391	12
6392	12
6393	14
6394	20
6395	10
6396	15
6397	6
6398	13
6399	15
6400	13
6401	22
6402	11
6403	17
6404	13
6405	26
6406	17
6407	13
6408	13
6409	14
6410	19
6411	15
6412	15
6413	20
6414	20
6415	10
6416	20
6417	23
6418	11
6419	10
6420	18
6421	16
6422	14
6423	17
6424	16
6425	14
6426	18
6427	12
6428	12
6429	11
6430	23
6431	16
6432	13
6433	19
6434	23
6435	16
6436	13
6437	12
6438	11
6439	18
6440	21
6441	15
6442	10
6443	16
6444	15
6445	13
6446	15
6447	11
6448	14
6449	12
6450	20
6451	16
6452	15
6453	20
6454	20
6455	16
6456	14
6457	21
6458	18
6459	15
6460	20
6461	16
6462	21
6463	23
6464	15
6465	16
6466	16
6467	12
6468	19
6469	15
6470	21
6471	10
6472	18
6473	23
6474	22
6475	11
6476	14
6477	23
6478	17
6479	20
6480	23
6481	19
6482	16
6483	19
6484	21
6485	20
6486	18
6487	14
6488	22
6489	14
6490	19
6491	17
6492	18
6493	24
6494	23
6495	29
6496	15
6497	9
6498	18
6499	19
6500	15
6501	14
6502	16
6503	16
6504	17
6505	19
6506	21
6507	21
6508	21
6509	14
6510	28
6511	26
6512	15
6513	22
6514	23
6515	23
6516	19
6517	17
6518	13
6519	23
6520	16
6521	22
6522	17
6523	19
6524	17
6525	28
6526	28
6527	27
6528	21
6529	21
6530	28
6531	23
6532	23
6533	24
6534	29
6535	14
6536	32
6537	27
6538	21
6539	25
6540	28
6541	21
6542	22
6543	18
6544	24
6545	19
6546	26
6547	24
6548	21
6549	28
6550	30
6551	27
6552	28
6553	25
6554	34
6555	21
6556	27
6557	12
6558	22
6559	19
6560	27
6561	37
6562	33
6563	26
6564	23
6565	32
6566	25
6567	29
6568	33
6569	25
6570	35
6571	30
6572	24
6573	39
6574	24
6575	33
6576	36
6577	35
6578	34
6579	28
6580	32
6581	28
6582	31
6583	36
6584	31
6585	37
6586	35
6587	27
6588	32
6589	46
6590	37
6591	36
6592	39
6593	23
6594	32
6595	28
6596	26
6597	29
6598	33
6599	28
6600	42
6601	32
6602	35
6603	28
6604	39
6605	44
6606	38
6607	21
6608	41
6609	42
6610	31
6611	36
6612	36
6613	48
6614	45
6615	38
6616	28
6617	33
6618	27
6619	40
6620	44
6621	48
6622	39
6623	36
6624	40
6625	40
6626	30
6627	44
6628	50
6629	40
6630	41
6631	52
6632	46
6633	45
6634	43
6635	36
6636	34
6637	41
6638	34
6639	50
6640	32
6641	43
6642	56
6643	54
6644	73
6645	59
6646	49
6647	45
6648	50
6649	59
6650	50
6651	48
6652	55
6653	45
6654	46
6655	55
6656	50
6657	52
6658	61
6659	37
6660	48
6661	59
6662	58
6663	59
6664	62
6665	63
6666	44
6667	60
6668	59
6669	58
6670	52
6671	51
6672	63
6673	56
6674	56
6675	60
6676	55
6677	64
6678	60
6679	62
6680	62
6681	60
6682	70
6683	62
6684	62
6685	48
6686	52
6687	53
6688	79
6689	53
6690	72
6691	70
6692	65
6693	49
6694	66
6695	64
6696	57
6697	66
6698	75
6699	76
6700	60
6701	61
6702	74
6703	64
6704	60
6705	78
6706	53
6707	71
6708	78
6709	67
6710	68
6711	70
6712	81
6713	69
6714	72
6715	67
6716	81
6717	82
6718	76
6719	95
6720	87
6721	74
6722	93
6723	69
6724	86
6725	83
6726	74
6727	87
6728	83
6729	78
6730	84
6731	74
6732	70
6733	76
6734	80
6735	75
6736	105
6737	76
6738	85
6739	90
6740	69
6741	89
6742	92
6743	97
6744	73
6745	95
6746	75
6747	100
6748	86
6749	82
6750	88
6751	115
6752	93
6753	93
6754	104
6755	106
6756	111
6757	95
6758	107
6759	103
6760	118
6761	114
6762	94
6763	111
6764	98
6765	100
6766	100
6767	87
6768	110
6769	86
6770	131
6771	101
6772	90
6773	81
6774	115
6775	101
6776	101
6777	116
6778	120
6779	121
6780	109
6781	104
6782	101
6783	121
6784	139
6785	129
6786	104
6787	129
6788	125
6789	117
6790	109
6791	115
6792	118
6793	101
6794	110
6795	105
6796	130
6797	101
6798	116
6799	147
6800	128
6801	130
6802	119
6803	109
6804	122
6805	112
6806	120
6807	113
6808	142
6809	132
6810	135
6811	129
6812	144
6813	144
6814	133
6815	117
6816	141
6817	125
6818	147
6819	144
6820	110
6821	122
6822	134
6823	127
6824	133
6825	128
6826	133
6827	138
6828	144
6829	143
6830	166
6831	133
6832	154
6833	165
6834	132
6835	129
6836	156
6837	138
6838	135
6839	157
6840	148
6841	148
6842	155
6843	150
6844	140
6845	170
6846	160
6847	159
6848	124
6849	144
6850	160
6851	164
6852	165
6853	147
6854	145
6855	161
6856	148
6857	145
6858	170
6859	144
6860	175
6861	167
6862	137
6863	147
6864	151
6865	160
6866	151
6867	154
6868	189
6869	175
6870	182
6871	183
6872	144
6873	181
6874	158
6875	148
6876	171
6877	179
6878	173
6879	169
6880	198
6881	163
6882	159
6883	202
6884	153
6885	155
6886	174
6887	192
6888	184
6889	172
6890	166
6891	184
6892	171
6893	160
6894	205
6895	167
6896	159
6897	181
6898	208
6899	181
6900	173
6901	188
6902	203
6903	186
6904	177
6905	212
6906	176
6907	160
6908	174
6909	178
6910	200
6911	173
6912	180
6913	220
6914	183
6915	199
6916	180
6917	201
6918	187
6919	207
6920	205
6921	206
6922	192
6923	223
6924	201
6925	199
6926	215
6927	202
6928	189
6929	210
6930	213
6931	197
6932	215
6933	199
6934	184
6935	199
6936	165
6937	221
6938	207
6939	238
6940	189
6941	214
6942	195
6943	209
6944	232
6945	224
6946	227
6947	230
6948	180
6949	231
6950	212
6951	199
6952	184
6953	214
6954	180
6955	227
6956	201
6957	222
6958	239
6959	205
6960	220
6961	221
6962	228
6963	194
6964	233
6965	215
6966	236
6967	244
6968	229
6969	225
6970	221
6971	247
6972	245
6973	214
6974	217
6975	227
6976	251
6977	245
6978	218
6979	222
6980	205
6981	233
6982	228
6983	227
6984	232
6985	231
6986	236
6987	206
6988	237
6989	216
6990	234
6991	236
6992	251
6993	265
6994	237
6995	220
6996	230
6997	234
6998	238
6999	265
7000	238
7001	227
7002	229
7003	252
7004	232
7005	242
7006	232
7007	211
7008	240
7009	228
7010	232
7011	226
7012	213
7013	219
7014	257
7015	241
7016	237
7017	243
7018	238
7019	242
7020	234
7021	224
7022	250
7023	250
7024	264
7025	259
7026	248
7027	249
7028	259
7029	247
7030	245
7031	247
7032	247
7033	251
7034	245
7035	253
7036	241
7037	236
7038	252
7039	229
7040	246
7041	249
7042	256
7043	255
7044	258
7045	236
7046	242
7047	247
7048	250
7049	252
7050	253
7051	265
7052	241
7053	240
7054	272
7055	239
7056	229
7057	241
7058	274
7059	266
7060	249
7061	251
7062	242
7063	245
7064	242
7065	247
7066	238
7067	250
7068	229
7069	249
7070	248
7071	284
7072	261
7073	262
7074	265
7075	233
7076	249
7077	238
7078	262
7079	239
7080	235
7081	241
7082	231
7083	257
7084	239
7085	263
7086	287
7087	259
7088	240
7089	244
7090	265
7091	247
7092	249
7093	259
7094	232
7095	254
7096	235
7097	286
7098	273
7099	225
7100	240
7101	254
7102	255
7103	248
7104	263
7105	238
7106	250
7107	269
7108	241
7109	239
7110	231
7111	244
7112	254
7113	245
7114	233
7115	239
7116	255
7117	258
7118	235
7119	243
7120	246
7121	225
7122	248
7123	246
7124	250
7125	258
7126	236
7127	252
7128	250
7129	252
7130	236
7131	247
7132	234
7133	273
7134	249
7135	237
7136	259
7137	242
7138	246
7139	246
7140	239
7141	207
7142	218
7143	275
7144	253
7145	234
7146	233
7147	258
7148	218
7149	244
7150	223
7151	238
7152	239
7153	236
7154	220
7155	247
7156	240
7157	226
7158	238
7159	202
7160	220
7161	226
7162	225
7163	257
7164	240
7165	238
7166	228
7167	252
7168	238
7169	236
7170	245
7171	220
7172	222
7173	231
7174	231
7175	240
7176	241
7177	258
7178	234
7179	216
7180	206
7181	238
7182	249
7183	229
7184	222
7185	246
7186	227
7187	255
7188	216
7189	226
7190	237
7191	232
7192	231
7193	214
7194	225
7195	211
7196	217
7197	207
7198	204
7199	240
7200	252
7201	227
7202	214
7203	232
7204	220
7205	212
7206	207
7207	207
7208	211
7209	228
7210	199
7211	211
7212	214
7213	195
7214	197
7215	244
7216	248
7217	218
7218	212
7219	206
7220	207
7221	213
7222	224
7223	223
7224	207
7225	214
7226	203
7227	191
7228	202
7229	225
7230	215
7231	228
7232	204
7233	196
7234	192
7235	224
7236	227
7237	188
7238	213
7239	212
7240	195
7241	205
7242	182
7243	182
7244	205
7245	211
7246	219
7247	201
7248	187
7249	199
7250	203
7251	185
7252	202
7253	203
7254	183
7255	181
7256	171
7257	185
7258	192
7259	193
7260	171
7261	183
7262	182
7263	176
7264	194
7265	184
7266	180
7267	189
7268	189
7269	186
7270	194
7271	179
7272	168
7273	168
7274	183
7275	183
7276	199
7277	184
7278	174
7279	180
7280	172
7281	177
7282	156
7283	165
7284	170
7285	154
7286	157
7287	164
7288	172
7289	161
7290	145
7291	161
7292	189
7293	159
7294	159
7295	159
7296	172
7297	163
7298	158
7299	151
7300	149
7301	161
7302	154
7303	164
7304	164
7305	162
7306	167
7307	160
7308	162
7309	137
7310	139
7311	144
7312	141
7313	147
7314	136
7315	171
7316	173
7317	152
7318	137
7319	156
7320	141
7321	129
7322	160
7323	134
7324	123
7325	129
7326	142
7327	135
7328	150
7329	133
7330	142
7331	125
7332	128
7333	141
7334	139
7335	135
7336	133
7337	130
7338	126
7339	124
7340	129
7341	128
7342	150
7343	121
7344	121
7345	148
7346	107
7347	132
7348	123
7349	108
7350	120
7351	101
7352	121
7353	122
7354	133
7355	118
7356	106
7357	126
7358	113
7359	111
7360	115
7361	97
7362	121
7363	109
7364	108
7365	109
7366	141
7367	127
7368	140
7369	102
7370	109
7371	110
7372	116
7373	90
7374	107
7375	114
7376	117
7377	105
7378	105
7379	96
7380	109
7381	134
7382	103
7383	107
7384	114
7385	104
7386	120
7387	104
7388	106
7389	96
7390	92
7391	113
7392	106
7393	112
7394	93
7395	104
7396	91
7397	77
7398	106
7399	112
7400	103
7401	83
7402	95
7403	83
7404	100
7405	108
7406	89
7407	95
7408	90
7409	70
7410	73
7411	83
7412	90
7413	99
7414	57
7415	82
7416	75
7417	79
7418	70
7419	98
7420	85
7421	84
7422	94
7423	76
7424	82
7425	83
7426	67
7427	76
7428	83
7429	73
7430	64
7431	92
7432	78
7433	83
7434	77
7435	71
7436	76
7437	82
7438	72
7439	70
7440	87
7441	70
7442	63
7443	83
7444	65
7445	62
7446	78
7447	76
7448	74
7449	76
7450	53
7451	62
7452	63
7453	51
7454	65
7455	65
7456	55
7457	62
7458	70
7459	52
7460	56
7461	75
7462	58
7463	78
7464	69
7465	71
7466	63
7467	57
7468	58
7469	66
7470	61
7471	58
7472	51
7473	53
7474	65
7475	57
7476	65
7477	55
7478	64
7479	57
7480	73
7481	54
7482	53
7483	52
7484	60
7485	48
7486	39
7487	48
7488	47
7489	60
7490	46
7491	43
7492	53
7493	59
7494	49
7495	48
7496	48
7497	57
7498	38
7499	44
7500	44
7501	45
7502	48
7503	44
7504	45
7505	44
7506	33
7507	37
7508	43
7509	39
7510	32
7511	49
7512	32
7513	44
7514	43
7515	48
7516	39
7517	44
7518	36
7519	37
7520	39
7521	45
7522	43
7523	38
7524	46
7525	40
7526	46
7527	47
7528	42
7529	36
7530	38
7531	38
7532	37
7533	35
7534	22
7535	50
7536	32
7537	41
7538	43
7539	27
7540	39
7541	36
7542	39
7543	33
7544	37
7545	32
7546	20
7547	44
7548	26
7549	26
7550	43
7551	27
7552	25
7553	36
7554	34
7555	33
7556	34
7557	36
7558	25
7559	31
7560	25
7561	34
7562	27
7563	25
7564	39
7565	23
7566	35
7567	22
7568	35
7569	30
7570	24
7571	33
7572	33
7573	29
7574	23
7575	25
7576	29
7577	21
7578	25
7579	26
7580	23
7581	21
7582	23
7583	22
7584	23
7585	19
7586	31
7587	26
7588	28
7589	18
7590	29
7591	25
7592	30
7593	24
7594	27
7595	25
7596	28
7597	18
7598	16
7599	21
7600	13
7601	19
7602	26
7603	26
7604	20
7605	17
7606	19
7607	22
7608	19
7609	21
7610	14
7611	21
7612	15
7613	18
7614	25
7615	22
7616	18
7617	18
7618	18
7619	19
7620	12
7621	18
7622	15
7623	20
7624	17
7625	14
7626	16
7627	17
7628	22
7629	17
7630	15
7631	18
7632	19
7633	13
7634	19
7635	22
7636	17
7637	8
7638	19
7639	16
7640	15
7641	9
7642	16
7643	21
7644	6
7645	14
7646	18
7647	19
7648	18
7649	15
7650	21
7651	12
7652	9
7653	16
7654	17
7655	16
7656	13
7657	20
7658	11
7659	10
7660	17
7661	7
7662	14
7663	12
7664	19
7665	18
7666	18
7667	12
7668	13
7669	12
7670	8
7671	14
7672	14
7673	11
7674	14
7675	17
7676	17
7677	16
7678	7
7679	12
7680	9
7681	14
7682	13
7683	13
7684	10
7685	10
7686	17
7687	17
7688	12
7689	9
7690	8
7691	10
7692	15
7693	9
7694	13
7695	8
7696	20
7697	7
7698	8
7699	16
7700	16
7701	12
7702	14
7703	9
7704	8
7705	12
7706	17
7707	16
7708	12
7709	8
7710	14
7711	8
7712	10
7713	12
7714	14
7715	10
7716	13
7717	4
7718	13
7719	10
7720	14
7721	12
7722	14
7723	12
7724	9
7725	10
7726	5
7727	15
7728	16
7729	6
7730	13
7731	13
7732	15
7733	16
7734	9
7735	13
7736	8
7737	6
7738	8
7739	13
7740	8
7741	9
7742	3
7743	14
7744	6
7745	11
7746	4
7747	8
7748	6
7749	9
7750	7
7751	8
7752	12
7753	4
7754	5
7755	7
7756	13
7757	13
7758	15
7759	10
7760	6
7761	8
7762	11
7763	6
7764	6
7765	16
7766	8
7767	6
7768	10
7769	6
7770	18
7771	7
7772	4
7773	7
7774	4
7775	7
7776	8
7777	12
7778	7
7779	10
7780	15
7781	14
7782	5
7783	13
7784	11
7785	4
7786	8
7787	7
7788	8
7789	8
7790	8
7791	8
7792	3
7793	8
7794	6
7795	6
7796	8
7797	8
7798	10
7799	7
7800	5
7801	11
7802	9
7803	6
7804	8
7805	7
7806	9
7807	7
7808	16
7809	15
7810	5
7811	11
7812	8
7813	8
7814	8
7815	8
7816	9
7817	8
7818	5
7819	8
7820	14
7821	6
7822	4
7823	7
7824	11
7825	9
7826	8
7827	7
7828	6
7829	4
7830	11
7831	7
7832	12
7833	11
7834	9
7835	5
7836	16
7837	6
7838	9
7839	11
7840	7
7841	8
7842	15
7843	11
7844	7
7845	8
7846	6
7847	6
7848	9
7849	4
7850	15
7851	5
7852	9
7853	4
7854	4
7855	10
7856	10
7857	13
7858	9
7859	7
7860	8
7861	4
7862	11
7863	6
7864	12
7865	7
7866	12
7867	7
7868	12
7869	6
7870	8
7871	13
7872	8
7873	8
7874	6
7875	10
7876	7
7877	10
7878	8
7879	10
7880	10
7881	8
7882	8
7883	8
7884	9
7885	7
7886	11
7887	7
7888	6
7889	7
7890	7
7891	6
7892	7
7893	3
7894	8
7895	9
7896	6
7897	12
7898	6
7899	12
7900	4
7901	8
7902	10
7903	5
7904	8
7905	11
7906	4
7907	13
7908	12
7909	14
7910	9
7911	4
7912	7
7913	9
7914	15
7915	9
7916	5
7917	6
7918	12
7919	5
7920	9
7921	11
7922	6
7923	9
7924	5
7925	1
7926	5
7927	13
7928	4
7929	3
7930	7
7931	8
7932	7
7933	6
7934	12
7935	2
7936	10
7937	2
7938	7
7939	9
7940	5
7941	8
7942	9
7943	8
7944	9
7945	9
7946	7
7947	4
7948	6
7949	7
7950	7
7951	6
7952	6
7953	13
7954	10
7955	9
7956	9
7957	5
7958	12
7959	9
7960	3
7961	11
7962	9
7963	6
7964	9
7965	7
7966	7
7967	9
7968	9
7969	8
7970	6
7971	9
7972	5
7973	5
7974	6
7975	5
7976	7
7977	5
7978	4
7979	11
7980	6
7981	6
7982	8
7983	14
7984	7
7985	7
7986	7
7987	7
7988	11
7989	11
7990	6
7991	6
7992	8
7993	5
7994	5
7995	8
7996	7
7997	4
7998	6
7999	7
8000	5
8001	9
8002	9
8003	5
8004	4
8005	8
8006	7
8007	6
8008	9
8009	7
8010	6
8011	15
8012	6
8013	8
8014	11
8015	5
8016	4
8017	7
8018	4
8019	4
8020	7
8021	14
8022	10
8023	6
8024	7
8025	6
8026	9
8027	11
8028	7
8029	6
8030	7
8031	8
8032	8
8033	8
8034	6
8035	9
8036	8
8037	7
8038	3
8039	6
8040	5
8041	9
8042	4
8043	14
8044	6
8045	12
8046	6
8047	10
8048	8
8049	9
8050	3
8051	8
8052	7
8053	7
8054	5
8055	3
8056	10
8057	8
8058	3
8059	8
8060	6
8061	8
8062	8
8063	9
8064	5
8065	7
8066	7
8067	7
8068	8
8069	10
8070	3
8071	6
8072	6
8073	8
8074	9
8075	5
8076	7
8077	8
8078	8
8079	6
8080	13
8081	5
8082	11
8083	7
8084	3
8085	9
8086	8
8087	3
8088	8
8089	7
8090	2
8091	8
8092	9
8093	7
8094	3
8095	8
8096	8
8097	11
8098	6
8099	9
8100	12
8101	7
8102	9
8103	9
8104	7
8105	5
8106	5
8107	13
8108	4
8109	8
8110	7
8111	9
8112	7
8113	7
8114	6
8115	11
8116	3
8117	0
8118	0
8119	1
8120	0
8121	0
8122	0
8123	0
8124	0
8125	0
8126	0
8127	0
8128	1
8129	0
8130	2
8131	0
8132	0
8133	1
8134	0
8135	0
8136	1
8137	0
8138	0
8139	0
8140	1
8141	0
8142	0
8143	0
8144	0
8145	0
8146	0
8147	0
8148	0
8149	0
8150	0
8151	0
8152	0
8153	0
8154	0
8155	0
8156	0
8157	0
8158	0
8159	0
8160	0
8161	0
8162	0
8163	0
8164	0
8165	0
8166	0
8167	0
8168	0
8169	0
8170	0
8171	0
8172	0
8173	0
8174	0
8175	0
8176	0
8177	0
8178	0
8179	0
8180	0
8181	0
8182	0
8183	0
8184	0
8185	0
8186	0
8187	0
8188	0
8189	0
8190	0
8191	0
