0	0
1	0
2	0
3	0
4	0
5	0
6	0
7	0
8	0
9	0
10	0
11	0
12	0
13	0
14	0
15	0
16	0
17	0
18	0
19	0
20	0
21	0
22	0
23	0
24	0
25	0
26	0
27	0
28	0
29	0
30	0
31	0
32	0
33	0
34	0
35	0
36	0
37	0
38	0
39	0
40	0
41	0
42	0
43	0
44	0
45	0
46	0
47	0
48	0
49	0
50	0
51	0
52	0
53	0
54	0
55	0
56	0
57	0
58	0
59	0
60	0
61	0
62	0
63	0
64	0
65	0
66	0
67	0
68	0
69	0
70	0
71	0
72	0
73	0
74	0
75	0
76	0
77	0
78	0
79	0
80	0
81	0
82	0
83	0
84	0
85	0
86	0
87	0
88	0
89	0
90	0
91	0
92	0
93	0
94	1
95	1
96	13
97	34
98	66
99	57
100	68
101	73
102	71
103	83
104	78
105	74
106	92
107	73
108	69
109	82
110	69
111	84
112	75
113	93
114	80
115	59
116	70
117	74
118	69
119	70
120	90
121	76
122	59
123	82
124	91
125	77
126	89
127	75
128	77
129	74
130	73
131	71
132	78
133	81
134	68
135	79
136	70
137	76
138	86
139	77
140	70
141	91
142	83
143	69
144	79
145	77
146	80
147	84
148	71
149	71
150	79
151	72
152	81
153	74
154	64
155	63
156	85
157	89
158	90
159	87
160	90
161	71
162	83
163	71
164	81
165	72
166	78
167	85
168	69
169	74
170	72
171	69
172	80
173	86
174	86
175	86
176	83
177	66
178	67
179	67
180	78
181	67
182	88
183	83
184	75
185	82
186	67
187	73
188	71
189	96
190	100
191	79
192	76
193	84
194	84
195	89
196	98
197	90
198	90
199	84
200	81
201	95
202	86
203	91
204	85
205	80
206	88
207	79
208	86
209	82
210	83
211	82
212	90
213	64
214	81
215	73
216	97
217	88
218	90
219	80
220	83
221	64
222	87
223	84
224	89
225	74
226	83
227	87
228	103
229	97
230	87
231	84
232	104
233	83
234	111
235	81
236	83
237	92
238	83
239	93
240	85
241	81
242	81
243	88
244	86
245	91
246	93
247	83
248	80
249	80
250	66
251	82
252	93
253	92
254	88
255	94
256	85
257	82
258	77
259	93
260	85
261	91
262	98
263	103
264	101
265	83
266	81
267	112
268	127
269	79
270	72
271	87
272	94
273	99
274	91
275	106
276	71
277	93
278	96
279	100
280	78
281	88
282	77
283	102
284	96
285	85
286	94
287	81
288	91
289	97
290	104
291	82
292	84
293	96
294	77
295	102
296	90
297	88
298	93
299	100
300	77
301	103
302	72
303	97
304	101
305	76
306	83
307	101
308	92
309	93
310	81
311	68
312	83
313	105
314	101
315	87
316	98
317	80
318	94
319	96
320	97
321	84
322	76
323	71
324	94
325	81
326	105
327	83
328	82
329	95
330	98
331	73
332	87
333	75
334	91
335	86
336	75
337	71
338	73
339	94
340	81
341	70
342	90
343	81
344	83
345	94
346	102
347	98
348	91
349	96
350	100
351	80
352	82
353	105
354	92
355	87
356	98
357	77
358	88
359	84
360	97
361	83
362	104
363	90
364	107
365	73
366	78
367	89
368	88
369	85
370	77
371	91
372	89
373	83
374	87
375	93
376	102
377	72
378	97
379	80
380	94
381	98
382	70
383	78
384	77
385	81
386	83
387	89
388	92
389	83
390	78
391	73
392	97
393	82
394	91
395	100
396	103
397	83
398	82
399	93
400	107
401	113
402	90
403	85
404	89
405	91
406	91
407	84
408	89
409	73
410	73
411	72
412	88
413	95
414	82
415	89
416	101
417	94
418	88
419	97
420	80
421	77
422	84
423	94
424	103
425	79
426	86
427	102
428	105
429	77
430	82
431	96
432	83
433	93
434	77
435	75
436	99
437	89
438	101
439	101
440	79
441	89
442	73
443	87
444	85
445	83
446	98
447	85
448	79
449	71
450	100
451	95
452	104
453	83
454	88
455	110
456	82
457	101
458	95
459	87
460	105
461	97
462	84
463	92
464	80
465	75
466	88
467	88
468	89
469	85
470	89
471	91
472	95
473	89
474	103
475	82
476	87
477	97
478	88
479	90
480	106
481	93
482	92
483	98
484	81
485	99
486	82
487	95
488	88
489	92
490	89
491	98
492	97
493	114
494	101
495	99
496	101
497	69
498	99
499	85
500	93
501	97
502	109
503	89
504	92
505	95
506	94
507	101
508	89
509	96
510	111
511	88
512	88
513	95
514	98
515	101
516	87
517	83
518	95
519	91
520	92
521	108
522	92
523	83
524	89
525	100
526	77
527	108
528	107
529	93
530	98
531	91
532	94
533	93
534	108
535	93
536	92
537	97
538	82
539	101
540	101
541	94
542	83
543	91
544	94
545	73
546	94
547	99
548	112
549	86
550	96
551	90
552	94
553	90
554	81
555	83
556	83
557	114
558	90
559	90
560	105
561	85
562	99
563	86
564	97
565	96
566	85
567	100
568	109
569	105
570	91
571	93
572	113
573	92
574	104
575	103
576	102
577	76
578	100
579	98
580	102
581	84
582	95
583	90
584	108
585	99
586	84
587	97
588	95
589	105
590	103
591	108
592	119
593	98
594	92
595	118
596	111
597	102
598	90
599	100
600	99
601	104
602	99
603	98
604	107
605	102
606	96
607	97
608	99
609	93
610	103
611	85
612	83
613	93
614	87
615	109
616	103
617	102
618	99
619	96
620	110
621	98
622	101
623	94
624	89
625	105
626	97
627	106
628	107
629	100
630	109
631	122
632	104
633	118
634	106
635	87
636	109
637	92
638	123
639	94
640	95
641	95
642	105
643	97
644	105
645	99
646	121
647	107
648	109
649	107
650	99
651	114
652	104
653	120
654	105
655	118
656	98
657	92
658	108
659	107
660	107
661	102
662	101
663	90
664	113
665	100
666	94
667	112
668	94
669	122
670	110
671	112
672	101
673	114
674	98
675	113
676	100
677	96
678	105
679	115
680	121
681	100
682	104
683	95
684	101
685	108
686	103
687	90
688	99
689	93
690	104
691	114
692	105
693	104
694	99
695	123
696	92
697	113
698	95
699	107
700	132
701	106
702	103
703	111
704	111
705	100
706	99
707	117
708	107
709	114
710	135
711	95
712	108
713	93
714	115
715	111
716	111
717	124
718	98
719	104
720	106
721	113
722	101
723	103
724	125
725	106
726	97
727	83
728	109
729	119
730	122
731	114
732	111
733	100
734	107
735	99
736	106
737	90
738	99
739	88
740	122
741	114
742	92
743	94
744	111
745	119
746	83
747	114
748	100
749	92
750	110
751	109
752	119
753	117
754	105
755	100
756	90
757	96
758	103
759	99
760	108
761	123
762	99
763	108
764	107
765	97
766	111
767	102
768	94
769	103
770	100
771	111
772	107
773	89
774	100
775	107
776	92
777	106
778	108
779	108
780	105
781	100
782	100
783	109
784	111
785	111
786	102
787	111
788	107
789	117
790	106
791	102
792	104
793	96
794	111
795	122
796	116
797	90
798	89
799	98
800	113
801	104
802	112
803	95
804	105
805	114
806	105
807	127
808	124
809	99
810	105
811	110
812	92
813	95
814	114
815	116
816	98
817	109
818	103
819	101
820	103
821	114
822	99
823	97
824	102
825	118
826	120
827	103
828	96
829	114
830	111
831	113
832	102
833	118
834	77
835	101
836	115
837	95
838	97
839	121
840	116
841	112
842	107
843	100
844	110
845	82
846	92
847	82
848	99
849	97
850	110
851	107
852	120
853	109
854	116
855	93
856	98
857	99
858	92
859	98
860	106
861	113
862	107
863	117
864	95
865	113
866	112
867	106
868	111
869	99
870	103
871	116
872	97
873	99
874	109
875	96
876	122
877	105
878	101
879	123
880	109
881	108
882	84
883	114
884	108
885	107
886	106
887	97
888	104
889	99
890	120
891	91
892	114
893	102
894	111
895	88
896	117
897	103
898	112
899	88
900	98
901	112
902	96
903	98
904	102
905	86
906	115
907	99
908	105
909	92
910	112
911	104
912	85
913	101
914	106
915	98
916	104
917	94
918	105
919	86
920	132
921	114
922	101
923	122
924	110
925	97
926	96
927	80
928	101
929	107
930	106
931	106
932	93
933	113
934	103
935	104
936	110
937	114
938	116
939	101
940	97
941	105
942	94
943	113
944	110
945	107
946	89
947	109
948	104
949	114
950	103
951	99
952	97
953	108
954	109
955	104
956	99
957	106
958	101
959	96
960	105
961	99
962	105
963	104
964	93
965	111
966	100
967	121
968	123
969	105
970	95
971	104
972	101
973	112
974	90
975	104
976	108
977	115
978	103
979	111
980	102
981	114
982	92
983	133
984	116
985	125
986	104
987	111
988	91
989	113
990	106
991	93
992	97
993	120
994	115
995	102
996	109
997	98
998	107
999	105
1000	102
1001	119
1002	105
1003	103
1004	117
1005	118
1006	95
1007	106
1008	126
1009	100
1010	99
1011	113
1012	97
1013	110
1014	101
1015	109
1016	121
1017	92
1018	102
1019	108
1020	81
1021	104
1022	130
1023	112
1024	105
1025	103
1026	105
1027	107
1028	95
1029	107
1030	96
1031	107
1032	123
1033	94
1034	115
1035	95
1036	125
1037	114
1038	109
1039	115
1040	99
1041	103
1042	98
1043	105
1044	100
1045	121
1046	118
1047	104
1048	104
1049	123
1050	88
1051	106
1052	100
1053	112
1054	110
1055	103
1056	103
1057	104
1058	100
1059	110
1060	120
1061	109
1062	103
1063	112
1064	96
1065	111
1066	97
1067	107
1068	106
1069	116
1070	124
1071	111
1072	122
1073	114
1074	111
1075	91
1076	119
1077	111
1078	104
1079	108
1080	109
1081	145
1082	106
1083	117
1084	108
1085	132
1086	109
1087	90
1088	110
1089	129
1090	99
1091	118
1092	102
1093	101
1094	106
1095	93
1096	110
1097	115
1098	104
1099	116
1100	108
1101	114
1102	109
1103	109
1104	121
1105	104
1106	102
1107	103
1108	122
1109	100
1110	96
1111	90
1112	127
1113	108
1114	103
1115	100
1116	106
1117	109
1118	125
1119	115
1120	110
1121	95
1122	104
1123	130
1124	121
1125	102
1126	95
1127	115
1128	104
1129	122
1130	110
1131	104
1132	113
1133	101
1134	116
1135	101
1136	107
1137	99
1138	111
1139	97
1140	108
1141	105
1142	105
1143	93
1144	89
1145	100
1146	114
1147	114
1148	95
1149	127
1150	109
1151	120
1152	102
1153	111
1154	123
1155	96
1156	87
1157	105
1158	126
1159	106
1160	116
1161	113
1162	112
1163	100
1164	102
1165	122
1166	103
1167	146
1168	108
1169	100
1170	107
1171	121
1172	112
1173	122
1174	100
1175	118
1176	114
1177	110
1178	129
1179	125
1180	109
1181	94
1182	115
1183	110
1184	106
1185	94
1186	127
1187	114
1188	103
1189	122
1190	121
1191	103
1192	98
1193	110
1194	108
1195	109
1196	116
1197	118
1198	113
1199	88
1200	107
1201	115
1202	115
1203	98
1204	120
1205	117
1206	107
1207	108
1208	107
1209	106
1210	98
1211	100
1212	115
1213	112
1214	95
1215	115
1216	114
1217	112
1218	103
1219	122
1220	117
1221	118
1222	113
1223	122
1224	88
1225	110
1226	118
1227	117
1228	115
1229	107
1230	109
1231	113
1232	117
1233	126
1234	118
1235	107
1236	100
1237	111
1238	109
1239	86
1240	115
1241	109
1242	90
1243	120
1244	107
1245	117
1246	100
1247	113
1248	115
1249	111
1250	126
1251	114
1252	118
1253	105
1254	119
1255	112
1256	111
1257	116
1258	110
1259	94
1260	98
1261	120
1262	113
1263	126
1264	118
1265	119
1266	107
1267	106
1268	115
1269	107
1270	103
1271	121
1272	129
1273	99
1274	125
1275	106
1276	101
1277	103
1278	101
1279	132
1280	105
1281	116
1282	108
1283	107
1284	101
1285	100
1286	117
1287	100
1288	104
1289	121
1290	106
1291	120
1292	97
1293	122
1294	116
1295	121
1296	101
1297	96
1298	114
1299	112
1300	109
1301	119
1302	119
1303	98
1304	125
1305	121
1306	132
1307	111
1308	108
1309	107
1310	114
1311	120
1312	114
1313	92
1314	106
1315	104
1316	106
1317	122
1318	110
1319	113
1320	131
1321	126
1322	88
1323	113
1324	109
1325	132
1326	124
1327	107
1328	123
1329	136
1330	129
1331	119
1332	121
1333	103
1334	114
1335	115
1336	103
1337	140
1338	111
1339	101
1340	119
1341	122
1342	106
1343	105
1344	113
1345	110
1346	122
1347	115
1348	109
1349	99
1350	120
1351	93
1352	118
1353	121
1354	133
1355	104
1356	101
1357	128
1358	122
1359	140
1360	122
1361	107
1362	128
1363	114
1364	105
1365	117
1366	121
1367	108
1368	121
1369	110
1370	101
1371	107
1372	108
1373	123
1374	105
1375	123
1376	110
1377	141
1378	102
1379	119
1380	113
1381	123
1382	117
1383	107
1384	141
1385	116
1386	122
1387	120
1388	113
1389	112
1390	92
1391	107
1392	94
1393	127
1394	104
1395	133
1396	110
1397	110
1398	127
1399	126
1400	127
1401	109
1402	112
1403	106
1404	117
1405	114
1406	114
1407	111
1408	119
1409	121
1410	117
1411	122
1412	117
1413	93
1414	124
1415	116
1416	121
1417	117
1418	113
1419	128
1420	128
1421	114
1422	117
1423	128
1424	115
1425	131
1426	144
1427	116
1428	107
1429	145
1430	128
1431	113
1432	121
1433	119
1434	129
1435	121
1436	123
1437	128
1438	133
1439	105
1440	123
1441	102
1442	132
1443	114
1444	118
1445	140
1446	132
1447	118
1448	137
1449	113
1450	155
1451	111
1452	135
1453	144
1454	114
1455	154
1456	125
1457	136
1458	129
1459	138
1460	130
1461	133
1462	132
1463	123
1464	128
1465	116
1466	118
1467	128
1468	137
1469	128
1470	127
1471	103
1472	149
1473	117
1474	141
1475	135
1476	150
1477	137
1478	127
1479	125
1480	153
1481	123
1482	131
1483	134
1484	122
1485	142
1486	137
1487	144
1488	147
1489	137
1490	159
1491	143
1492	135
1493	143
1494	141
1495	151
1496	143
1497	141
1498	141
1499	157
1500	130
1501	147
1502	131
1503	147
1504	137
1505	151
1506	147
1507	125
1508	150
1509	149
1510	151
1511	136
1512	137
1513	162
1514	151
1515	157
1516	161
1517	152
1518	141
1519	125
1520	153
1521	149
1522	149
1523	136
1524	131
1525	163
1526	145
1527	162
1528	148
1529	146
1530	151
1531	165
1532	147
1533	147
1534	146
1535	146
1536	156
1537	156
1538	140
1539	142
1540	154
1541	133
1542	149
1543	154
1544	159
1545	145
1546	154
1547	154
1548	124
1549	141
1550	152
1551	167
1552	138
1553	148
1554	134
1555	168
1556	151
1557	163
1558	171
1559	167
1560	157
1561	160
1562	159
1563	138
1564	164
1565	143
1566	168
1567	144
1568	127
1569	142
1570	172
1571	163
1572	167
1573	150
1574	167
1575	162
1576	154
1577	158
1578	162
1579	164
1580	172
1581	160
1582	146
1583	161
1584	156
1585	159
1586	150
1587	150
1588	159
1589	149
1590	142
1591	141
1592	170
1593	158
1594	178
1595	146
1596	147
1597	153
1598	159
1599	142
1600	168
1601	195
1602	154
1603	163
1604	178
1605	173
1606	138
1607	153
1608	133
1609	148
1610	163
1611	144
1612	144
1613	151
1614	116
1615	162
1616	139
1617	160
1618	150
1619	144
1620	151
1621	173
1622	148
1623	138
1624	153
1625	145
1626	148
1627	161
1628	142
1629	144
1630	168
1631	138
1632	142
1633	151
1634	154
1635	143
1636	159
1637	156
1638	133
1639	136
1640	156
1641	163
1642	152
1643	140
1644	144
1645	130
1646	164
1647	160
1648	169
1649	139
1650	162
1651	143
1652	145
1653	164
1654	175
1655	177
1656	159
1657	126
1658	157
1659	136
1660	129
1661	141
1662	138
1663	139
1664	143
1665	136
1666	156
1667	149
1668	154
1669	145
1670	149
1671	151
1672	156
1673	147
1674	155
1675	141
1676	124
1677	148
1678	128
1679	147
1680	141
1681	144
1682	145
1683	138
1684	133
1685	147
1686	130
1687	125
1688	145
1689	147
1690	165
1691	110
1692	142
1693	149
1694	131
1695	141
1696	131
1697	148
1698	117
1699	137
1700	132
1701	147
1702	137
1703	143
1704	149
1705	145
1706	159
1707	133
1708	138
1709	138
1710	144
1711	131
1712	144
1713	128
1714	139
1715	145
1716	141
1717	141
1718	147
1719	129
1720	133
1721	125
1722	142
1723	139
1724	142
1725	142
1726	148
1727	150
1728	137
1729	143
1730	132
1731	128
1732	132
1733	134
1734	140
1735	130
1736	152
1737	145
1738	132
1739	137
1740	143
1741	137
1742	133
1743	104
1744	138
1745	113
1746	138
1747	115
1748	139
1749	143
1750	119
1751	117
1752	135
1753	116
1754	152
1755	112
1756	135
1757	135
1758	136
1759	132
1760	130
1761	149
1762	151
1763	116
1764	160
1765	136
1766	134
1767	142
1768	127
1769	138
1770	155
1771	129
1772	136
1773	125
1774	138
1775	124
1776	142
1777	128
1778	118
1779	126
1780	136
1781	110
1782	133
1783	139
1784	140
1785	136
1786	137
1787	129
1788	148
1789	119
1790	130
1791	119
1792	126
1793	122
1794	130
1795	123
1796	136
1797	138
1798	136
1799	113
1800	145
1801	146
1802	135
1803	141
1804	140
1805	144
1806	134
1807	127
1808	110
1809	143
1810	131
1811	136
1812	146
1813	117
1814	130
1815	147
1816	139
1817	147
1818	129
1819	127
1820	124
1821	124
1822	133
1823	101
1824	105
1825	141
1826	118
1827	135
1828	120
1829	136
1830	145
1831	116
1832	139
1833	148
1834	125
1835	133
1836	110
1837	150
1838	132
1839	129
1840	130
1841	160
1842	122
1843	116
1844	123
1845	138
1846	119
1847	129
1848	138
1849	120
1850	126
1851	149
1852	132
1853	113
1854	130
1855	130
1856	121
1857	126
1858	121
1859	130
1860	136
1861	115
1862	141
1863	104
1864	125
1865	118
1866	131
1867	126
1868	112
1869	106
1870	146
1871	123
1872	121
1873	116
1874	122
1875	122
1876	124
1877	143
1878	133
1879	125
1880	135
1881	139
1882	141
1883	131
1884	121
1885	121
1886	133
1887	123
1888	122
1889	115
1890	113
1891	132
1892	139
1893	127
1894	121
1895	131
1896	132
1897	117
1898	111
1899	109
1900	139
1901	105
1902	119
1903	127
1904	134
1905	118
1906	137
1907	136
1908	128
1909	132
1910	136
1911	131
1912	111
1913	122
1914	109
1915	134
1916	127
1917	133
1918	133
1919	93
1920	124
1921	117
1922	119
1923	118
1924	134
1925	124
1926	125
1927	121
1928	126
1929	123
1930	139
1931	122
1932	127
1933	129
1934	130
1935	125
1936	119
1937	124
1938	126
1939	110
1940	129
1941	138
1942	139
1943	143
1944	119
1945	128
1946	142
1947	128
1948	129
1949	111
1950	126
1951	136
1952	110
1953	124
1954	125
1955	125
1956	124
1957	134
1958	130
1959	108
1960	122
1961	119
1962	122
1963	132
1964	111
1965	128
1966	129
1967	122
1968	112
1969	139
1970	115
1971	125
1972	115
1973	122
1974	123
1975	100
1976	109
1977	102
1978	119
1979	105
1980	129
1981	128
1982	133
1983	124
1984	112
1985	103
1986	121
1987	130
1988	113
1989	117
1990	122
1991	107
1992	116
1993	120
1994	112
1995	131
1996	113
1997	109
1998	128
1999	112
2000	107
2001	102
2002	111
2003	116
2004	115
2005	112
2006	111
2007	117
2008	107
2009	127
2010	106
2011	118
2012	124
2013	103
2014	122
2015	116
2016	100
2017	114
2018	120
2019	111
2020	118
2021	102
2022	121
2023	105
2024	114
2025	116
2026	108
2027	109
2028	120
2029	119
2030	115
2031	106
2032	115
2033	110
2034	118
2035	99
2036	111
2037	102
2038	113
2039	124
2040	118
2041	117
2042	104
2043	120
2044	115
2045	114
2046	111
2047	119
2048	108
2049	115
2050	116
2051	101
2052	97
2053	134
2054	98
2055	117
2056	119
2057	124
2058	124
2059	92
2060	106
2061	100
2062	123
2063	106
2064	109
2065	103
2066	115
2067	122
2068	113
2069	101
2070	103
2071	106
2072	115
2073	124
2074	139
2075	97
2076	113
2077	100
2078	117
2079	129
2080	117
2081	108
2082	81
2083	105
2084	122
2085	99
2086	103
2087	110
2088	118
2089	97
2090	111
2091	109
2092	117
2093	116
2094	107
2095	117
2096	105
2097	105
2098	101
2099	100
2100	100
2101	98
2102	118
2103	116
2104	110
2105	115
2106	116
2107	111
2108	92
2109	116
2110	116
2111	121
2112	111
2113	114
2114	110
2115	100
2116	106
2117	108
2118	106
2119	96
2120	89
2121	107
2122	120
2123	85
2124	134
2125	105
2126	109
2127	131
2128	83
2129	91
2130	127
2131	105
2132	106
2133	97
2134	97
2135	105
2136	83
2137	92
2138	113
2139	97
2140	107
2141	84
2142	99
2143	93
2144	112
2145	94
2146	105
2147	87
2148	108
2149	99
2150	109
2151	104
2152	109
2153	92
2154	105
2155	97
2156	101
2157	91
2158	100
2159	99
2160	91
2161	109
2162	98
2163	101
2164	102
2165	107
2166	93
2167	96
2168	110
2169	100
2170	81
2171	107
2172	102
2173	127
2174	127
2175	107
2176	103
2177	109
2178	99
2179	103
2180	95
2181	101
2182	91
2183	113
2184	111
2185	118
2186	101
2187	81
2188	105
2189	115
2190	125
2191	114
2192	107
2193	109
2194	108
2195	92
2196	109
2197	106
2198	106
2199	88
2200	93
2201	98
2202	112
2203	108
2204	111
2205	102
2206	92
2207	118
2208	110
2209	102
2210	114
2211	104
2212	102
2213	100
2214	93
2215	112
2216	99
2217	96
2218	100
2219	99
2220	113
2221	102
2222	105
2223	104
2224	112
2225	97
2226	93
2227	105
2228	122
2229	103
2230	97
2231	97
2232	100
2233	91
2234	108
2235	91
2236	91
2237	95
2238	100
2239	109
2240	101
2241	112
2242	102
2243	107
2244	102
2245	94
2246	85
2247	93
2248	110
2249	105
2250	110
2251	110
2252	84
2253	120
2254	104
2255	100
2256	96
2257	98
2258	97
2259	88
2260	117
2261	108
2262	92
2263	93
2264	106
2265	94
2266	122
2267	111
2268	107
2269	91
2270	75
2271	111
2272	74
2273	110
2274	105
2275	94
2276	104
2277	95
2278	97
2279	97
2280	91
2281	84
2282	76
2283	104
2284	103
2285	96
2286	116
2287	99
2288	84
2289	89
2290	78
2291	103
2292	100
2293	113
2294	99
2295	113
2296	103
2297	89
2298	98
2299	101
2300	119
2301	115
2302	107
2303	86
2304	101
2305	93
2306	98
2307	93
2308	87
2309	105
2310	98
2311	85
2312	102
2313	91
2314	94
2315	116
2316	94
2317	85
2318	86
2319	120
2320	93
2321	88
2322	101
2323	91
2324	98
2325	89
2326	98
2327	92
2328	93
2329	106
2330	95
2331	94
2332	96
2333	99
2334	71
2335	106
2336	114
2337	110
2338	101
2339	94
2340	111
2341	106
2342	118
2343	111
2344	92
2345	90
2346	89
2347	113
2348	102
2349	81
2350	105
2351	83
2352	103
2353	97
2354	103
2355	89
2356	83
2357	107
2358	88
2359	86
2360	97
2361	94
2362	96
2363	98
2364	91
2365	90
2366	105
2367	90
2368	89
2369	92
2370	90
2371	100
2372	110
2373	81
2374	97
2375	104
2376	94
2377	87
2378	112
2379	87
2380	86
2381	87
2382	93
2383	94
2384	97
2385	100
2386	95
2387	84
2388	103
2389	110
2390	112
2391	92
2392	91
2393	97
2394	95
2395	97
2396	103
2397	79
2398	79
2399	82
2400	91
2401	73
2402	104
2403	94
2404	86
2405	93
2406	90
2407	82
2408	112
2409	118
2410	94
2411	95
2412	90
2413	77
2414	89
2415	73
2416	98
2417	92
2418	90
2419	95
2420	95
2421	101
2422	108
2423	92
2424	90
2425	107
2426	86
2427	112
2428	101
2429	107
2430	86
2431	91
2432	74
2433	102
2434	86
2435	88
2436	81
2437	99
2438	86
2439	91
2440	89
2441	101
2442	96
2443	111
2444	100
2445	90
2446	84
2447	83
2448	97
2449	103
2450	82
2451	92
2452	98
2453	88
2454	92
2455	93
2456	106
2457	85
2458	97
2459	105
2460	103
2461	98
2462	92
2463	84
2464	94
2465	102
2466	94
2467	122
2468	95
2469	96
2470	93
2471	84
2472	75
2473	101
2474	94
2475	91
2476	91
2477	98
2478	90
2479	97
2480	109
2481	98
2482	95
2483	82
2484	94
2485	83
2486	77
2487	97
2488	88
2489	88
2490	100
2491	80
2492	87
2493	82
2494	79
2495	87
2496	92
2497	89
2498	94
2499	93
2500	96
2501	91
2502	84
2503	90
2504	76
2505	84
2506	88
2507	74
2508	81
2509	94
2510	81
2511	82
2512	90
2513	98
2514	99
2515	79
2516	99
2517	90
2518	78
2519	88
2520	89
2521	96
2522	84
2523	83
2524	89
2525	87
2526	87
2527	80
2528	90
2529	86
2530	92
2531	75
2532	108
2533	81
2534	93
2535	83
2536	103
2537	99
2538	88
2539	88
2540	68
2541	88
2542	111
2543	86
2544	99
2545	105
2546	87
2547	105
2548	83
2549	106
2550	105
2551	73
2552	91
2553	82
2554	72
2555	77
2556	83
2557	103
2558	74
2559	78
2560	88
2561	102
2562	82
2563	100
2564	84
2565	100
2566	87
2567	92
2568	70
2569	90
2570	85
2571	92
2572	86
2573	76
2574	84
2575	84
2576	115
2577	86
2578	86
2579	94
2580	91
2581	81
2582	88
2583	98
2584	93
2585	108
2586	88
2587	88
2588	92
2589	83
2590	73
2591	73
2592	93
2593	84
2594	88
2595	85
2596	96
2597	93
2598	85
2599	83
2600	68
2601	95
2602	95
2603	83
2604	99
2605	92
2606	68
2607	85
2608	88
2609	81
2610	93
2611	108
2612	82
2613	95
2614	84
2615	109
2616	93
2617	89
2618	94
2619	92
2620	115
2621	90
2622	82
2623	80
2624	88
2625	95
2626	98
2627	92
2628	84
2629	93
2630	76
2631	92
2632	83
2633	95
2634	88
2635	93
2636	87
2637	87
2638	91
2639	82
2640	83
2641	96
2642	106
2643	83
2644	81
2645	87
2646	100
2647	81
2648	101
2649	86
2650	70
2651	68
2652	87
2653	87
2654	98
2655	101
2656	99
2657	78
2658	83
2659	78
2660	106
2661	73
2662	74
2663	82
2664	81
2665	77
2666	91
2667	90
2668	85
2669	80
2670	88
2671	86
2672	89
2673	86
2674	78
2675	90
2676	99
2677	80
2678	96
2679	94
2680	97
2681	85
2682	81
2683	96
2684	97
2685	90
2686	89
2687	94
2688	102
2689	90
2690	91
2691	68
2692	93
2693	83
2694	77
2695	87
2696	89
2697	106
2698	100
2699	79
2700	85
2701	73
2702	81
2703	101
2704	68
2705	74
2706	89
2707	89
2708	79
2709	92
2710	81
2711	78
2712	110
2713	89
2714	96
2715	99
2716	68
2717	82
2718	89
2719	99
2720	68
2721	79
2722	77
2723	86
2724	91
2725	70
2726	89
2727	85
2728	77
2729	88
2730	91
2731	84
2732	78
2733	95
2734	98
2735	90
2736	77
2737	74
2738	78
2739	86
2740	80
2741	87
2742	84
2743	76
2744	86
2745	85
2746	70
2747	71
2748	78
2749	81
2750	102
2751	83
2752	77
2753	92
2754	111
2755	78
2756	71
2757	84
2758	76
2759	60
2760	78
2761	75
2762	77
2763	78
2764	102
2765	73
2766	76
2767	90
2768	83
2769	70
2770	95
2771	80
2772	56
2773	80
2774	90
2775	89
2776	65
2777	82
2778	74
2779	95
2780	73
2781	87
2782	76
2783	94
2784	61
2785	94
2786	76
2787	80
2788	78
2789	67
2790	85
2791	83
2792	87
2793	78
2794	80
2795	93
2796	66
2797	67
2798	63
2799	72
2800	56
2801	72
2802	84
2803	74
2804	77
2805	85
2806	58
2807	69
2808	69
2809	68
2810	81
2811	84
2812	74
2813	77
2814	78
2815	70
2816	66
2817	78
2818	67
2819	77
2820	80
2821	69
2822	63
2823	71
2824	70
2825	70
2826	67
2827	74
2828	64
2829	70
2830	88
2831	63
2832	78
2833	63
2834	88
2835	67
2836	73
2837	65
2838	62
2839	77
2840	68
2841	65
2842	68
2843	72
2844	67
2845	62
2846	74
2847	76
2848	57
2849	73
2850	65
2851	65
2852	71
2853	70
2854	60
2855	57
2856	81
2857	65
2858	69
2859	74
2860	52
2861	64
2862	69
2863	64
2864	68
2865	64
2866	81
2867	67
2868	75
2869	61
2870	63
2871	50
2872	56
2873	72
2874	66
2875	56
2876	62
2877	73
2878	74
2879	57
2880	74
2881	61
2882	62
2883	61
2884	72
2885	40
2886	60
2887	60
2888	54
2889	63
2890	64
2891	68
2892	54
2893	62
2894	66
2895	51
2896	51
2897	55
2898	65
2899	65
2900	50
2901	49
2902	48
2903	69
2904	58
2905	58
2906	66
2907	51
2908	55
2909	51
2910	53
2911	53
2912	60
2913	67
2914	54
2915	67
2916	65
2917	49
2918	58
2919	60
2920	59
2921	55
2922	43
2923	59
2924	48
2925	60
2926	51
2927	67
2928	57
2929	57
2930	49
2931	56
2932	57
2933	44
2934	66
2935	55
2936	49
2937	53
2938	52
2939	59
2940	52
2941	43
2942	46
2943	66
2944	66
2945	51
2946	44
2947	54
2948	57
2949	56
2950	66
2951	47
2952	49
2953	52
2954	44
2955	54
2956	46
2957	56
2958	52
2959	58
2960	46
2961	46
2962	54
2963	64
2964	49
2965	47
2966	48
2967	42
2968	64
2969	50
2970	50
2971	47
2972	46
2973	43
2974	50
2975	62
2976	57
2977	58
2978	48
2979	43
2980	39
2981	51
2982	46
2983	57
2984	57
2985	49
2986	57
2987	49
2988	52
2989	64
2990	50
2991	54
2992	37
2993	52
2994	53
2995	48
2996	45
2997	51
2998	44
2999	42
3000	44
3001	48
3002	43
3003	53
3004	39
3005	51
3006	43
3007	44
3008	55
3009	44
3010	48
3011	50
3012	48
3013	55
3014	61
3015	41
3016	42
3017	48
3018	41
3019	35
3020	55
3021	46
3022	44
3023	48
3024	54
3025	38
3026	39
3027	59
3028	45
3029	52
3030	38
3031	50
3032	48
3033	31
3034	44
3035	53
3036	39
3037	61
3038	48
3039	40
3040	47
3041	44
3042	43
3043	44
3044	44
3045	59
3046	51
3047	36
3048	43
3049	56
3050	40
3051	51
3052	45
3053	55
3054	48
3055	40
3056	52
3057	33
3058	56
3059	42
3060	40
3061	53
3062	43
3063	51
3064	49
3065	38
3066	37
3067	52
3068	39
3069	36
3070	37
3071	36
3072	46
3073	34
3074	35
3075	45
3076	39
3077	39
3078	31
3079	41
3080	32
3081	23
3082	40
3083	48
3084	40
3085	33
3086	43
3087	48
3088	46
3089	54
3090	38
3091	42
3092	37
3093	40
3094	49
3095	31
3096	43
3097	44
3098	41
3099	43
3100	44
3101	43
3102	39
3103	32
3104	46
3105	41
3106	38
3107	45
3108	49
3109	43
3110	48
3111	29
3112	42
3113	46
3114	53
3115	42
3116	54
3117	51
3118	38
3119	41
3120	41
3121	36
3122	47
3123	31
3124	38
3125	48
3126	51
3127	41
3128	43
3129	45
3130	43
3131	38
3132	38
3133	34
3134	60
3135	46
3136	48
3137	37
3138	37
3139	49
3140	41
3141	38
3142	26
3143	41
3144	33
3145	41
3146	43
3147	45
3148	38
3149	47
3150	45
3151	43
3152	42
3153	50
3154	42
3155	38
3156	41
3157	36
3158	41
3159	46
3160	39
3161	35
3162	30
3163	37
3164	39
3165	51
3166	37
3167	42
3168	38
3169	32
3170	39
3171	34
3172	37
3173	38
3174	38
3175	30
3176	43
3177	41
3178	37
3179	50
3180	43
3181	38
3182	33
3183	51
3184	39
3185	42
3186	33
3187	45
3188	36
3189	51
3190	48
3191	40
3192	45
3193	45
3194	27
3195	42
3196	33
3197	38
3198	47
3199	40
3200	46
3201	38
3202	21
3203	34
3204	42
3205	37
3206	47
3207	29
3208	40
3209	43
3210	29
3211	35
3212	40
3213	35
3214	46
3215	40
3216	40
3217	31
3218	37
3219	40
3220	43
3221	37
3222	43
3223	48
3224	42
3225	42
3226	40
3227	31
3228	40
3229	36
3230	38
3231	44
3232	34
3233	47
3234	42
3235	34
3236	30
3237	42
3238	36
3239	52
3240	45
3241	34
3242	36
3243	39
3244	41
3245	37
3246	28
3247	44
3248	33
3249	38
3250	39
3251	35
3252	33
3253	42
3254	43
3255	43
3256	39
3257	52
3258	36
3259	31
3260	41
3261	39
3262	43
3263	37
3264	40
3265	32
3266	40
3267	42
3268	32
3269	30
3270	36
3271	26
3272	34
3273	29
3274	35
3275	29
3276	41
3277	43
3278	34
3279	42
3280	34
3281	34
3282	36
3283	33
3284	52
3285	45
3286	29
3287	40
3288	33
3289	37
3290	41
3291	36
3292	37
3293	34
3294	34
3295	39
3296	37
3297	30
3298	49
3299	34
3300	28
3301	46
3302	33
3303	42
3304	36
3305	27
3306	34
3307	32
3308	42
3309	39
3310	40
3311	41
3312	36
3313	34
3314	36
3315	41
3316	27
3317	50
3318	35
3319	40
3320	38
3321	34
3322	31
3323	31
3324	36
3325	33
3326	39
3327	31
3328	29
3329	42
3330	37
3331	42
3332	37
3333	38
3334	41
3335	46
3336	34
3337	30
3338	32
3339	38
3340	36
3341	34
3342	43
3343	44
3344	38
3345	32
3346	30
3347	41
3348	39
3349	36
3350	44
3351	44
3352	36
3353	35
3354	34
3355	41
3356	35
3357	42
3358	33
3359	32
3360	35
3361	29
3362	30
3363	38
3364	36
3365	40
3366	36
3367	30
3368	42
3369	33
3370	36
3371	33
3372	34
3373	23
3374	28
3375	24
3376	39
3377	38
3378	28
3379	25
3380	30
3381	40
3382	31
3383	32
3384	40
3385	35
3386	28
3387	48
3388	26
3389	37
3390	31
3391	40
3392	38
3393	28
3394	39
3395	42
3396	27
3397	31
3398	25
3399	27
3400	39
3401	40
3402	40
3403	27
3404	34
3405	38
3406	37
3407	33
3408	43
3409	33
3410	30
3411	34
3412	27
3413	41
3414	26
3415	34
3416	24
3417	39
3418	30
3419	35
3420	36
3421	38
3422	27
3423	38
3424	30
3425	26
3426	34
3427	30
3428	46
3429	43
3430	34
3431	38
3432	31
3433	25
3434	55
3435	26
3436	26
3437	33
3438	41
3439	25
3440	37
3441	26
3442	29
3443	34
3444	35
3445	28
3446	41
3447	28
3448	26
3449	27
3450	26
3451	30
3452	31
3453	30
3454	36
3455	32
3456	34
3457	35
3458	28
3459	33
3460	35
3461	39
3462	33
3463	32
3464	29
3465	31
3466	37
3467	29
3468	28
3469	40
3470	40
3471	35
3472	32
3473	28
3474	37
3475	39
3476	28
3477	38
3478	33
3479	27
3480	24
3481	28
3482	34
3483	28
3484	29
3485	36
3486	30
3487	32
3488	33
3489	41
3490	36
3491	38
3492	27
3493	33
3494	35
3495	37
3496	28
3497	28
3498	34
3499	21
3500	41
3501	33
3502	25
3503	29
3504	36
3505	30
3506	31
3507	41
3508	29
3509	33
3510	41
3511	32
3512	34
3513	44
3514	24
3515	22
3516	23
3517	32
3518	27
3519	25
3520	37
3521	30
3522	40
3523	34
3524	30
3525	31
3526	33
3527	36
3528	22
3529	35
3530	20
3531	43
3532	32
3533	29
3534	30
3535	30
3536	23
3537	22
3538	35
3539	31
3540	36
3541	27
3542	28
3543	26
3544	30
3545	27
3546	30
3547	38
3548	38
3549	25
3550	29
3551	29
3552	43
3553	30
3554	31
3555	25
3556	32
3557	27
3558	27
3559	35
3560	39
3561	28
3562	29
3563	33
3564	25
3565	29
3566	29
3567	35
3568	40
3569	23
3570	39
3571	35
3572	45
3573	26
3574	27
3575	27
3576	49
3577	36
3578	30
3579	30
3580	32
3581	22
3582	39
3583	27
3584	39
3585	32
3586	26
3587	35
3588	34
3589	32
3590	29
3591	38
3592	36
3593	33
3594	29
3595	26
3596	30
3597	29
3598	35
3599	26
3600	22
3601	32
3602	33
3603	33
3604	32
3605	38
3606	33
3607	42
3608	36
3609	39
3610	28
3611	36
3612	27
3613	31
3614	28
3615	20
3616	35
3617	33
3618	32
3619	37
3620	17
3621	34
3622	24
3623	33
3624	31
3625	35
3626	43
3627	34
3628	21
3629	39
3630	33
3631	36
3632	25
3633	32
3634	40
3635	26
3636	36
3637	41
3638	35
3639	33
3640	27
3641	38
3642	32
3643	42
3644	32
3645	38
3646	35
3647	35
3648	34
3649	40
3650	30
3651	35
3652	31
3653	30
3654	42
3655	31
3656	25
3657	33
3658	37
3659	30
3660	33
3661	28
3662	30
3663	32
3664	37
3665	28
3666	26
3667	26
3668	40
3669	28
3670	28
3671	27
3672	35
3673	33
3674	29
3675	34
3676	28
3677	22
3678	25
3679	26
3680	35
3681	28
3682	27
3683	36
3684	36
3685	33
3686	34
3687	27
3688	25
3689	30
3690	25
3691	26
3692	32
3693	40
3694	41
3695	34
3696	36
3697	28
3698	44
3699	33
3700	35
3701	37
3702	36
3703	32
3704	33
3705	44
3706	26
3707	37
3708	34
3709	33
3710	30
3711	31
3712	38
3713	28
3714	21
3715	36
3716	28
3717	34
3718	39
3719	32
3720	26
3721	34
3722	19
3723	31
3724	32
3725	22
3726	36
3727	40
3728	31
3729	38
3730	36
3731	43
3732	27
3733	38
3734	35
3735	32
3736	41
3737	36
3738	25
3739	35
3740	32
3741	48
3742	35
3743	30
3744	38
3745	27
3746	31
3747	34
3748	30
3749	39
3750	25
3751	27
3752	34
3753	35
3754	37
3755	38
3756	23
3757	29
3758	26
3759	33
3760	33
3761	39
3762	31
3763	22
3764	38
3765	31
3766	28
3767	33
3768	31
3769	31
3770	35
3771	38
3772	30
3773	44
3774	37
3775	26
3776	19
3777	26
3778	22
3779	33
3780	32
3781	44
3782	32
3783	34
3784	33
3785	28
3786	40
3787	37
3788	31
3789	36
3790	35
3791	44
3792	24
3793	40
3794	41
3795	30
3796	33
3797	34
3798	36
3799	22
3800	34
3801	34
3802	34
3803	27
3804	25
3805	39
3806	34
3807	22
3808	29
3809	41
3810	26
3811	26
3812	20
3813	29
3814	35
3815	37
3816	31
3817	31
3818	32
3819	34
3820	36
3821	37
3822	25
3823	20
3824	36
3825	37
3826	35
3827	39
3828	29
3829	22
3830	24
3831	37
3832	43
3833	32
3834	24
3835	35
3836	34
3837	15
3838	31
3839	31
3840	26
3841	40
3842	28
3843	38
3844	34
3845	32
3846	35
3847	33
3848	40
3849	26
3850	31
3851	34
3852	24
3853	22
3854	34
3855	28
3856	31
3857	42
3858	37
3859	30
3860	29
3861	27
3862	42
3863	33
3864	42
3865	37
3866	36
3867	32
3868	23
3869	31
3870	42
3871	25
3872	37
3873	39
3874	36
3875	39
3876	28
3877	40
3878	40
3879	29
3880	46
3881	30
3882	31
3883	33
3884	42
3885	34
3886	46
3887	37
3888	34
3889	40
3890	39
3891	41
3892	39
3893	45
3894	37
3895	22
3896	42
3897	39
3898	34
3899	34
3900	37
3901	29
3902	34
3903	42
3904	26
3905	27
3906	37
3907	48
3908	50
3909	39
3910	30
3911	34
3912	55
3913	43
3914	52
3915	49
3916	38
3917	44
3918	40
3919	53
3920	25
3921	29
3922	44
3923	30
3924	42
3925	40
3926	39
3927	42
3928	43
3929	30
3930	43
3931	58
3932	43
3933	44
3934	42
3935	49
3936	34
3937	39
3938	39
3939	50
3940	44
3941	45
3942	47
3943	43
3944	56
3945	34
3946	39
3947	36
3948	39
3949	43
3950	42
3951	48
3952	35
3953	44
3954	41
3955	34
3956	46
3957	49
3958	43
3959	44
3960	43
3961	46
3962	48
3963	45
3964	58
3965	40
3966	47
3967	51
3968	47
3969	58
3970	47
3971	50
3972	47
3973	51
3974	55
3975	53
3976	51
3977	42
3978	49
3979	42
3980	57
3981	53
3982	60
3983	45
3984	64
3985	47
3986	49
3987	61
3988	56
3989	51
3990	66
3991	43
3992	56
3993	58
3994	59
3995	42
3996	59
3997	64
3998	56
3999	62
4000	44
4001	49
4002	52
4003	66
4004	58
4005	62
4006	65
4007	59
4008	61
4009	66
4010	61
4011	56
4012	61
4013	76
4014	55
4015	52
4016	63
4017	61
4018	66
4019	67
4020	59
4021	73
4022	75
4023	68
4024	62
4025	66
4026	75
4027	67
4028	75
4029	64
4030	62
4031	74
4032	81
4033	85
4034	64
4035	72
4036	76
4037	94
4038	79
4039	91
4040	60
4041	68
4042	105
4043	82
4044	72
4045	90
4046	70
4047	80
4048	71
4049	88
4050	105
4051	92
4052	79
4053	100
4054	74
4055	96
4056	108
4057	85
4058	96
4059	90
4060	108
4061	92
4062	93
4063	92
4064	76
4065	69
4066	97
4067	99
4068	108
4069	90
4070	106
4071	107
4072	103
4073	112
4074	110
4075	120
4076	106
4077	108
4078	121
4079	103
4080	113
4081	109
4082	110
4083	108
4084	116
4085	119
4086	109
4087	120
4088	115
4089	114
4090	113
4091	111
4092	127
4093	132
4094	117
4095	123
4096	129
4097	118
4098	128
4099	143
4100	152
4101	129
4102	127
4103	135
4104	151
4105	130
4106	130
4107	125
4108	140
4109	160
4110	130
4111	163
4112	143
4113	134
4114	147
4115	139
4116	141
4117	148
4118	161
4119	154
4120	128
4121	182
4122	160
4123	152
4124	163
4125	165
4126	148
4127	181
4128	193
4129	152
4130	173
4131	151
4132	153
4133	171
4134	208
4135	174
4136	200
4137	194
4138	215
4139	193
4140	198
4141	174
4142	210
4143	180
4144	199
4145	179
4146	184
4147	200
4148	203
4149	186
4150	229
4151	179
4152	204
4153	211
4154	207
4155	235
4156	238
4157	218
4158	230
4159	211
4160	212
4161	212
4162	224
4163	256
4164	245
4165	207
4166	223
4167	253
4168	233
4169	230
4170	238
4171	260
4172	253
4173	236
4174	241
4175	257
4176	242
4177	262
4178	284
4179	258
4180	251
4181	263
4182	261
4183	280
4184	266
4185	285
4186	264
4187	292
4188	276
4189	287
4190	271
4191	289
4192	298
4193	295
4194	273
4195	297
4196	286
4197	273
4198	329
4199	311
4200	301
4201	314
4202	329
4203	331
4204	287
4205	361
4206	298
4207	313
4208	318
4209	330
4210	299
4211	330
4212	308
4213	318
4214	336
4215	332
4216	333
4217	330
4218	349
4219	357
4220	355
4221	355
4222	309
4223	336
4224	353
4225	321
4226	347
4227	377
4228	363
4229	347
4230	360
4231	365
4232	376
4233	396
4234	421
4235	398
4236	406
4237	409
4238	362
4239	371
4240	354
4241	407
4242	384
4243	412
4244	426
4245	423
4246	415
4247	396
4248	376
4249	392
4250	443
4251	410
4252	380
4253	419
4254	426
4255	404
4256	439
4257	429
4258	450
4259	439
4260	423
4261	389
4262	428
4263	434
4264	433
4265	422
4266	442
4267	448
4268	440
4269	446
4270	461
4271	456
4272	465
4273	435
4274	488
4275	458
4276	457
4277	453
4278	476
4279	433
4280	463
4281	439
4282	481
4283	461
4284	456
4285	482
4286	460
4287	459
4288	487
4289	451
4290	452
4291	462
4292	509
4293	484
4294	483
4295	507
4296	509
4297	466
4298	486
4299	488
4300	510
4301	538
4302	480
4303	508
4304	508
4305	509
4306	490
4307	503
4308	489
4309	489
4310	482
4311	538
4312	503
4313	513
4314	534
4315	496
4316	538
4317	527
4318	480
4319	474
4320	457
4321	539
4322	524
4323	509
4324	523
4325	542
4326	572
4327	547
4328	493
4329	523
4330	508
4331	540
4332	518
4333	526
4334	544
4335	526
4336	515
4337	547
4338	521
4339	530
4340	562
4341	509
4342	545
4343	524
4344	544
4345	532
4346	556
4347	503
4348	572
4349	540
4350	537
4351	542
4352	512
4353	496
4354	514
4355	538
4356	523
4357	538
4358	530
4359	537
4360	529
4361	490
4362	552
4363	556
4364	551
4365	560
4366	531
4367	542
4368	551
4369	518
4370	568
4371	530
4372	534
4373	558
4374	512
4375	535
4376	501
4377	570
4378	525
4379	540
4380	539
4381	522
4382	490
4383	554
4384	482
4385	512
4386	546
4387	511
4388	522
4389	529
4390	519
4391	513
4392	498
4393	537
4394	495
4395	533
4396	545
4397	522
4398	531
4399	545
4400	565
4401	559
4402	479
4403	466
4404	532
4405	514
4406	487
4407	536
4408	490
4409	504
4410	463
4411	523
4412	497
4413	472
4414	536
4415	492
4416	501
4417	431
4418	462
4419	481
4420	473
4421	490
4422	509
4423	457
4424	522
4425	492
4426	484
4427	450
4428	469
4429	491
4430	451
4431	500
4432	454
4433	480
4434	492
4435	486
4436	416
4437	483
4438	409
4439	431
4440	448
4441	431
4442	438
4443	466
4444	469
4445	413
4446	477
4447	454
4448	452
4449	458
4450	410
4451	432
4452	435
4453	419
4454	416
4455	392
4456	405
4457	436
4458	386
4459	423
4460	394
4461	393
4462	401
4463	389
4464	444
4465	412
4466	405
4467	385
4468	430
4469	359
4470	413
4471	439
4472	366
4473	343
4474	375
4475	380
4476	357
4477	387
4478	364
4479	365
4480	387
4481	326
4482	368
4483	343
4484	385
4485	356
4486	348
4487	327
4488	366
4489	362
4490	340
4491	376
4492	352
4493	344
4494	354
4495	297
4496	309
4497	319
4498	328
4499	307
4500	303
4501	306
4502	306
4503	312
4504	335
4505	319
4506	321
4507	324
4508	302
4509	284
4510	311
4511	311
4512	268
4513	292
4514	293
4515	299
4516	295
4517	255
4518	289
4519	291
4520	248
4521	299
4522	233
4523	282
4524	285
4525	275
4526	247
4527	260
4528	251
4529	265
4530	271
4531	250
4532	261
4533	245
4534	259
4535	221
4536	257
4537	248
4538	226
4539	240
4540	232
4541	226
4542	246
4543	223
4544	258
4545	199
4546	228
4547	252
4548	219
4549	224
4550	215
4551	237
4552	207
4553	190
4554	211
4555	212
4556	205
4557	182
4558	181
4559	191
4560	203
4561	210
4562	203
4563	187
4564	181
4565	175
4566	181
4567	192
4568	158
4569	149
4570	171
4571	169
4572	168
4573	139
4574	181
4575	160
4576	180
4577	177
4578	188
4579	163
4580	173
4581	178
4582	151
4583	161
4584	153
4585	162
4586	156
4587	137
4588	156
4589	135
4590	155
4591	134
4592	135
4593	145
4594	134
4595	134
4596	149
4597	129
4598	111
4599	142
4600	114
4601	142
4602	153
4603	129
4604	99
4605	141
4606	140
4607	117
4608	130
4609	120
4610	103
4611	110
4612	109
4613	99
4614	111
4615	111
4616	98
4617	107
4618	111
4619	103
4620	93
4621	98
4622	96
4623	99
4624	105
4625	101
4626	102
4627	106
4628	88
4629	85
4630	92
4631	96
4632	65
4633	89
4634	90
4635	104
4636	81
4637	78
4638	100
4639	74
4640	88
4641	79
4642	85
4643	76
4644	79
4645	81
4646	72
4647	82
4648	87
4649	77
4650	82
4651	83
4652	85
4653	77
4654	69
4655	60
4656	76
4657	65
4658	71
4659	64
4660	64
4661	52
4662	51
4663	81
4664	59
4665	66
4666	71
4667	68
4668	57
4669	47
4670	52
4671	70
4672	60
4673	54
4674	58
4675	70
4676	50
4677	70
4678	63
4679	64
4680	54
4681	49
4682	51
4683	51
4684	49
4685	55
4686	67
4687	53
4688	61
4689	62
4690	48
4691	47
4692	56
4693	51
4694	39
4695	51
4696	41
4697	51
4698	39
4699	52
4700	54
4701	45
4702	42
4703	56
4704	56
4705	34
4706	41
4707	41
4708	36
4709	44
4710	45
4711	40
4712	38
4713	55
4714	33
4715	47
4716	38
4717	37
4718	39
4719	33
4720	40
4721	47
4722	44
4723	40
4724	46
4725	54
4726	43
4727	44
4728	46
4729	49
4730	53
4731	34
4732	37
4733	27
4734	50
4735	44
4736	41
4737	50
4738	40
4739	51
4740	47
4741	47
4742	37
4743	50
4744	33
4745	45
4746	33
4747	47
4748	33
4749	45
4750	37
4751	35
4752	35
4753	39
4754	40
4755	40
4756	44
4757	33
4758	50
4759	27
4760	50
4761	43
4762	49
4763	44
4764	41
4765	38
4766	30
4767	38
4768	35
4769	40
4770	46
4771	37
4772	32
4773	42
4774	36
4775	50
4776	28
4777	43
4778	42
4779	39
4780	35
4781	30
4782	42
4783	38
4784	35
4785	40
4786	39
4787	35
4788	34
4789	35
4790	47
4791	42
4792	34
4793	27
4794	24
4795	36
4796	38
4797	35
4798	35
4799	35
4800	35
4801	37
4802	39
4803	36
4804	32
4805	43
4806	45
4807	49
4808	36
4809	36
4810	36
4811	42
4812	37
4813	44
4814	38
4815	43
4816	44
4817	27
4818	53
4819	39
4820	43
4821	26
4822	31
4823	52
4824	46
4825	37
4826	33
4827	49
4828	44
4829	34
4830	36
4831	41
4832	43
4833	31
4834	35
4835	37
4836	38
4837	32
4838	38
4839	37
4840	23
4841	35
4842	36
4843	36
4844	39
4845	43
4846	36
4847	31
4848	36
4849	41
4850	40
4851	41
4852	55
4853	31
4854	43
4855	33
4856	39
4857	35
4858	41
4859	31
4860	36
4861	44
4862	38
4863	41
4864	44
4865	49
4866	44
4867	35
4868	35
4869	46
4870	45
4871	48
4872	32
4873	40
4874	32
4875	42
4876	45
4877	34
4878	33
4879	38
4880	40
4881	51
4882	39
4883	43
4884	43
4885	37
4886	36
4887	37
4888	43
4889	40
4890	42
4891	41
4892	38
4893	44
4894	56
4895	32
4896	31
4897	49
4898	31
4899	41
4900	38
4901	49
4902	36
4903	53
4904	44
4905	32
4906	41
4907	35
4908	33
4909	39
4910	43
4911	34
4912	35
4913	55
4914	29
4915	48
4916	53
4917	42
4918	33
4919	52
4920	40
4921	50
4922	36
4923	49
4924	47
4925	45
4926	32
4927	38
4928	34
4929	25
4930	44
4931	48
4932	43
4933	31
4934	36
4935	39
4936	42
4937	34
4938	42
4939	46
4940	42
4941	40
4942	42
4943	46
4944	35
4945	40
4946	29
4947	36
4948	35
4949	40
4950	41
4951	41
4952	32
4953	36
4954	37
4955	40
4956	46
4957	38
4958	35
4959	33
4960	54
4961	38
4962	39
4963	38
4964	36
4965	38
4966	33
4967	37
4968	45
4969	48
4970	40
4971	36
4972	37
4973	36
4974	54
4975	35
4976	45
4977	43
4978	36
4979	37
4980	29
4981	31
4982	36
4983	38
4984	43
4985	36
4986	44
4987	46
4988	42
4989	40
4990	42
4991	35
4992	35
4993	36
4994	40
4995	48
4996	33
4997	34
4998	33
4999	39
5000	35
5001	37
5002	43
5003	41
5004	38
5005	40
5006	38
5007	43
5008	48
5009	37
5010	40
5011	31
5012	35
5013	44
5014	32
5015	26
5016	29
5017	27
5018	33
5019	33
5020	33
5021	31
5022	36
5023	36
5024	23
5025	31
5026	32
5027	35
5028	39
5029	32
5030	40
5031	22
5032	34
5033	32
5034	35
5035	32
5036	33
5037	26
5038	37
5039	37
5040	33
5041	30
5042	30
5043	35
5044	31
5045	34
5046	40
5047	40
5048	34
5049	35
5050	39
5051	22
5052	29
5053	41
5054	48
5055	30
5056	44
5057	32
5058	30
5059	36
5060	30
5061	45
5062	29
5063	26
5064	42
5065	34
5066	27
5067	27
5068	30
5069	30
5070	31
5071	30
5072	28
5073	37
5074	32
5075	33
5076	26
5077	28
5078	38
5079	22
5080	35
5081	39
5082	29
5083	34
5084	30
5085	34
5086	33
5087	28
5088	37
5089	34
5090	34
5091	36
5092	27
5093	33
5094	35
5095	30
5096	36
5097	43
5098	20
5099	22
5100	23
5101	30
5102	24
5103	27
5104	27
5105	18
5106	30
5107	24
5108	30
5109	32
5110	29
5111	22
5112	25
5113	22
5114	28
5115	24
5116	23
5117	23
5118	18
5119	33
5120	30
5121	21
5122	27
5123	29
5124	26
5125	31
5126	38
5127	25
5128	27
5129	27
5130	21
5131	15
5132	25
5133	20
5134	21
5135	28
5136	23
5137	36
5138	27
5139	25
5140	19
5141	31
5142	30
5143	29
5144	15
5145	30
5146	24
5147	36
5148	21
5149	26
5150	31
5151	28
5152	25
5153	23
5154	25
5155	20
5156	23
5157	26
5158	22
5159	24
5160	15
5161	32
5162	25
5163	23
5164	25
5165	23
5166	24
5167	16
5168	26
5169	18
5170	18
5171	13
5172	24
5173	28
5174	21
5175	20
5176	20
5177	24
5178	15
5179	27
5180	19
5181	30
5182	15
5183	24
5184	14
5185	26
5186	22
5187	20
5188	26
5189	18
5190	14
5191	25
5192	25
5193	22
5194	23
5195	22
5196	24
5197	27
5198	25
5199	20
5200	21
5201	26
5202	25
5203	15
5204	17
5205	20
5206	19
5207	15
5208	32
5209	24
5210	16
5211	15
5212	16
5213	15
5214	12
5215	22
5216	16
5217	18
5218	29
5219	26
5220	27
5221	21
5222	20
5223	17
5224	8
5225	21
5226	19
5227	14
5228	20
5229	20
5230	15
5231	22
5232	22
5233	23
5234	22
5235	18
5236	25
5237	14
5238	18
5239	18
5240	19
5241	17
5242	14
5243	22
5244	18
5245	16
5246	14
5247	13
5248	14
5249	18
5250	18
5251	16
5252	25
5253	21
5254	23
5255	26
5256	16
5257	14
5258	19
5259	12
5260	28
5261	15
5262	9
5263	21
5264	20
5265	14
5266	17
5267	6
5268	21
5269	21
5270	21
5271	23
5272	17
5273	19
5274	25
5275	18
5276	10
5277	8
5278	19
5279	17
5280	12
5281	15
5282	11
5283	19
5284	23
5285	15
5286	12
5287	18
5288	20
5289	23
5290	16
5291	14
5292	20
5293	17
5294	25
5295	20
5296	16
5297	16
5298	19
5299	9
5300	11
5301	12
5302	19
5303	23
5304	14
5305	16
5306	14
5307	16
5308	19
5309	11
5310	16
5311	22
5312	18
5313	26
5314	19
5315	20
5316	17
5317	14
5318	18
5319	14
5320	20
5321	18
5322	19
5323	11
5324	16
5325	14
5326	17
5327	22
5328	23
5329	11
5330	18
5331	19
5332	11
5333	16
5334	19
5335	13
5336	17
5337	16
5338	14
5339	8
5340	9
5341	22
5342	13
5343	18
5344	20
5345	21
5346	11
5347	24
5348	19
5349	15
5350	19
5351	18
5352	17
5353	19
5354	11
5355	15
5356	11
5357	17
5358	17
5359	22
5360	10
5361	17
5362	16
5363	22
5364	16
5365	12
5366	14
5367	11
5368	15
5369	14
5370	11
5371	18
5372	19
5373	18
5374	21
5375	16
5376	22
5377	13
5378	19
5379	18
5380	21
5381	21
5382	19
5383	20
5384	19
5385	18
5386	23
5387	19
5388	17
5389	14
5390	16
5391	12
5392	14
5393	12
5394	24
5395	18
5396	16
5397	13
5398	13
5399	19
5400	27
5401	21
5402	24
5403	17
5404	18
5405	15
5406	18
5407	18
5408	19
5409	14
5410	21
5411	17
5412	17
5413	19
5414	16
5415	15
5416	13
5417	17
5418	11
5419	21
5420	16
5421	7
5422	18
5423	18
5424	15
5425	11
5426	14
5427	16
5428	10
5429	19
5430	10
5431	21
5432	13
5433	17
5434	16
5435	16
5436	8
5437	22
5438	19
5439	27
5440	17
5441	21
5442	16
5443	16
5444	12
5445	13
5446	13
5447	16
5448	24
5449	12
5450	15
5451	22
5452	13
5453	13
5454	18
5455	10
5456	15
5457	17
5458	9
5459	16
5460	17
5461	13
5462	14
5463	16
5464	8
5465	13
5466	12
5467	17
5468	14
5469	14
5470	9
5471	18
5472	15
5473	20
5474	20
5475	8
5476	15
5477	24
5478	17
5479	21
5480	23
5481	14
5482	21
5483	11
5484	20
5485	19
5486	22
5487	19
5488	15
5489	12
5490	12
5491	12
5492	20
5493	25
5494	22
5495	21
5496	14
5497	15
5498	18
5499	18
5500	26
5501	13
5502	14
5503	14
5504	12
5505	13
5506	11
5507	18
5508	17
5509	18
5510	11
5511	23
5512	13
5513	15
5514	8
5515	20
5516	20
5517	16
5518	22
5519	14
5520	16
5521	20
5522	23
5523	9
5524	16
5525	15
5526	13
5527	14
5528	12
5529	17
5530	17
5531	19
5532	16
5533	18
5534	16
5535	20
5536	20
5537	20
5538	18
5539	18
5540	19
5541	17
5542	12
5543	13
5544	20
5545	21
5546	11
5547	22
5548	23
5549	20
5550	18
5551	19
5552	20
5553	22
5554	16
5555	17
5556	17
5557	21
5558	18
5559	18
5560	7
5561	20
5562	15
5563	14
5564	15
5565	15
5566	21
5567	19
5568	16
5569	23
5570	21
5571	17
5572	17
5573	24
5574	27
5575	14
5576	21
5577	21
5578	20
5579	17
5580	20
5581	12
5582	17
5583	21
5584	21
5585	21
5586	16
5587	19
5588	16
5589	21
5590	20
5591	16
5592	18
5593	14
5594	15
5595	18
5596	24
5597	19
5598	13
5599	19
5600	19
5601	16
5602	21
5603	16
5604	17
5605	15
5606	22
5607	22
5608	12
5609	18
5610	16
5611	21
5612	15
5613	18
5614	18
5615	12
5616	11
5617	16
5618	13
5619	23
5620	16
5621	18
5622	16
5623	17
5624	17
5625	19
5626	18
5627	14
5628	21
5629	22
5630	26
5631	22
5632	17
5633	20
5634	21
5635	15
5636	20
5637	14
5638	16
5639	17
5640	13
5641	16
5642	12
5643	23
5644	15
5645	13
5646	12
5647	23
5648	21
5649	14
5650	12
5651	16
5652	15
5653	13
5654	10
5655	13
5656	22
5657	15
5658	17
5659	19
5660	15
5661	13
5662	14
5663	17
5664	20
5665	17
5666	22
5667	10
5668	25
5669	8
5670	18
5671	25
5672	14
5673	18
5674	15
5675	19
5676	12
5677	16
5678	14
5679	18
5680	11
5681	24
5682	16
5683	17
5684	23
5685	15
5686	23
5687	18
5688	10
5689	19
5690	16
5691	16
5692	17
5693	14
5694	17
5695	16
5696	15
5697	16
5698	27
5699	18
5700	13
5701	20
5702	21
5703	13
5704	10
5705	24
5706	18
5707	21
5708	19
5709	18
5710	23
5711	17
5712	21
5713	16
5714	13
5715	25
5716	20
5717	18
5718	11
5719	19
5720	15
5721	14
5722	28
5723	18
5724	17
5725	13
5726	16
5727	16
5728	25
5729	23
5730	21
5731	16
5732	24
5733	14
5734	21
5735	19
5736	15
5737	21
5738	16
5739	14
5740	22
5741	26
5742	25
5743	24
5744	15
5745	18
5746	19
5747	18
5748	23
5749	15
5750	24
5751	20
5752	22
5753	16
5754	13
5755	18
5756	18
5757	9
5758	14
5759	25
5760	11
5761	15
5762	21
5763	23
5764	18
5765	20
5766	22
5767	18
5768	21
5769	14
5770	21
5771	20
5772	16
5773	23
5774	18
5775	15
5776	21
5777	10
5778	15
5779	17
5780	20
5781	14
5782	20
5783	14
5784	23
5785	12
5786	17
5787	14
5788	17
5789	18
5790	17
5791	15
5792	13
5793	14
5794	16
5795	18
5796	19
5797	17
5798	17
5799	21
5800	15
5801	10
5802	14
5803	20
5804	20
5805	15
5806	15
5807	21
5808	20
5809	27
5810	20
5811	24
5812	23
5813	24
5814	16
5815	20
5816	23
5817	16
5818	16
5819	16
5820	17
5821	24
5822	14
5823	13
5824	15
5825	17
5826	23
5827	18
5828	23
5829	18
5830	25
5831	17
5832	12
5833	21
5834	19
5835	24
5836	19
5837	18
5838	16
5839	16
5840	16
5841	22
5842	21
5843	21
5844	15
5845	19
5846	23
5847	18
5848	30
5849	25
5850	30
5851	20
5852	24
5853	25
5854	18
5855	19
5856	18
5857	20
5858	18
5859	28
5860	21
5861	19
5862	10
5863	15
5864	15
5865	21
5866	18
5867	17
5868	21
5869	14
5870	21
5871	14
5872	30
5873	20
5874	22
5875	18
5876	13
5877	18
5878	37
5879	19
5880	17
5881	13
5882	19
5883	19
5884	24
5885	17
5886	20
5887	23
5888	21
5889	21
5890	24
5891	22
5892	16
5893	19
5894	21
5895	17
5896	24
5897	16
5898	13
5899	22
5900	17
5901	22
5902	17
5903	17
5904	20
5905	21
5906	25
5907	19
5908	27
5909	16
5910	26
5911	14
5912	18
5913	10
5914	19
5915	19
5916	24
5917	26
5918	19
5919	14
5920	17
5921	19
5922	21
5923	28
5924	25
5925	14
5926	18
5927	18
5928	19
5929	28
5930	19
5931	22
5932	11
5933	14
5934	15
5935	18
5936	14
5937	26
5938	9
5939	24
5940	24
5941	29
5942	22
5943	19
5944	23
5945	27
5946	22
5947	15
5948	17
5949	10
5950	23
5951	21
5952	20
5953	29
5954	17
5955	19
5956	17
5957	20
5958	15
5959	22
5960	22
5961	13
5962	15
5963	26
5964	17
5965	25
5966	24
5967	27
5968	20
5969	27
5970	14
5971	20
5972	20
5973	16
5974	16
5975	16
5976	16
5977	14
5978	21
5979	13
5980	16
5981	17
5982	23
5983	24
5984	27
5985	26
5986	25
5987	13
5988	19
5989	24
5990	26
5991	14
5992	15
5993	18
5994	22
5995	18
5996	16
5997	17
5998	20
5999	23
6000	25
6001	21
6002	11
6003	19
6004	15
6005	26
6006	18
6007	23
6008	25
6009	16
6010	30
6011	17
6012	16
6013	22
6014	11
6015	8
6016	16
6017	19
6018	21
6019	16
6020	19
6021	12
6022	15
6023	16
6024	14
6025	19
6026	20
6027	14
6028	15
6029	15
6030	24
6031	21
6032	17
6033	27
6034	17
6035	12
6036	10
6037	21
6038	13
6039	18
6040	22
6041	21
6042	24
6043	20
6044	24
6045	19
6046	22
6047	18
6048	22
6049	24
6050	14
6051	21
6052	19
6053	23
6054	21
6055	26
6056	15
6057	19
6058	23
6059	14
6060	25
6061	24
6062	12
6063	26
6064	22
6065	13
6066	18
6067	16
6068	19
6069	24
6070	17
6071	20
6072	11
6073	14
6074	22
6075	19
6076	22
6077	18
6078	16
6079	21
6080	21
6081	18
6082	16
6083	15
6084	21
6085	20
6086	20
6087	14
6088	18
6089	13
6090	19
6091	21
6092	22
6093	25
6094	16
6095	21
6096	20
6097	20
6098	19
6099	8
6100	22
6101	15
6102	17
6103	21
6104	21
6105	17
6106	19
6107	19
6108	18
6109	15
6110	26
6111	24
6112	12
6113	25
6114	18
6115	19
6116	17
6117	18
6118	15
6119	25
6120	20
6121	18
6122	20
6123	27
6124	19
6125	18
6126	21
6127	14
6128	11
6129	17
6130	21
6131	21
6132	23
6133	16
6134	14
6135	22
6136	22
6137	32
6138	19
6139	16
6140	25
6141	23
6142	24
6143	20
6144	19
6145	17
6146	11
6147	24
6148	19
6149	27
6150	16
6151	20
6152	19
6153	15
6154	24
6155	16
6156	25
6157	18
6158	21
6159	18
6160	23
6161	17
6162	7
6163	24
6164	16
6165	19
6166	28
6167	23
6168	21
6169	18
6170	10
6171	15
6172	17
6173	23
6174	21
6175	23
6176	19
6177	13
6178	18
6179	22
6180	11
6181	17
6182	12
6183	15
6184	20
6185	20
6186	21
6187	20
6188	21
6189	21
6190	12
6191	16
6192	17
6193	18
6194	17
6195	22
6196	13
6197	18
6198	24
6199	19
6200	17
6201	14
6202	11
6203	20
6204	13
6205	21
6206	18
6207	26
6208	18
6209	16
6210	15
6211	14
6212	19
6213	16
6214	24
6215	23
6216	22
6217	20
6218	15
6219	17
6220	15
6221	17
6222	15
6223	21
6224	26
6225	22
6226	16
6227	21
6228	16
6229	22
6230	16
6231	22
6232	13
6233	22
6234	12
6235	20
6236	21
6237	21
6238	25
6239	20
6240	20
6241	14
6242	21
6243	19
6244	13
6245	11
6246	18
6247	15
6248	18
6249	13
6250	13
6251	12
6252	16
6253	19
6254	23
6255	20
6256	18
6257	17
6258	12
6259	19
6260	17
6261	17
6262	19
6263	20
6264	18
6265	12
6266	13
6267	20
6268	19
6269	16
6270	24
6271	14
6272	21
6273	18
6274	18
6275	12
6276	24
6277	20
6278	26
6279	14
6280	19
6281	16
6282	19
6283	17
6284	20
6285	18
6286	16
6287	13
6288	11
6289	21
6290	21
6291	25
6292	14
6293	22
6294	14
6295	22
6296	16
6297	13
6298	19
6299	16
6300	18
6301	22
6302	16
6303	21
6304	14
6305	12
6306	26
6307	8
6308	7
6309	13
6310	15
6311	18
6312	11
6313	21
6314	17
6315	26
6316	17
6317	17
6318	18
6319	20
6320	19
6321	12
6322	14
6323	24
6324	11
6325	28
6326	15
6327	22
6328	17
6329	23
6330	15
6331	16
6332	13
6333	18
6334	18
6335	18
6336	17
6337	21
6338	23
6339	19
6340	17
6341	20
6342	15
6343	14
6344	14
6345	20
6346	14
6347	14
6348	13
6349	7
6350	17
6351	12
6352	16
6353	21
6354	17
6355	18
6356	19
6357	21
6358	17
6359	14
6360	15
6361	21
6362	17
6363	22
6364	11
6365	19
6366	20
6367	23
6368	19
6369	15
6370	23
6371	8
6372	21
6373	16
6374	10
6375	23
6376	19
6377	18
6378	9
6379	19
6380	22
6381	11
6382	15
6383	22
6384	10
6385	21
6386	22
6387	16
6388	17
6389	21
6390	26
6391	16
6392	13
6393	13
6394	15
6395	15
6396	14
6397	23
6398	27
6399	17
6400	18
6401	8
6402	15
6403	17
6404	13
6405	17
6406	16
6407	26
6408	20
6409	15
6410	14
6411	20
6412	13
6413	21
6414	15
6415	15
6416	20
6417	19
6418	17
6419	12
6420	16
6421	13
6422	26
6423	17
6424	17
6425	18
6426	22
6427	13
6428	15
6429	22
6430	16
6431	12
6432	18
6433	34
6434	23
6435	19
6436	20
6437	13
6438	23
6439	14
6440	13
6441	16
6442	21
6443	15
6444	18
6445	16
6446	23
6447	13
6448	14
6449	29
6450	23
6451	17
6452	21
6453	11
6454	14
6455	14
6456	16
6457	18
6458	19
6459	14
6460	16
6461	14
6462	18
6463	19
6464	16
6465	22
6466	17
6467	14
6468	20
6469	18
6470	14
6471	14
6472	24
6473	16
6474	15
6475	17
6476	14
6477	20
6478	15
6479	17
6480	11
6481	15
6482	20
6483	14
6484	18
6485	14
6486	17
6487	10
6488	22
6489	14
6490	22
6491	16
6492	9
6493	18
6494	16
6495	18
6496	12
6497	17
6498	15
6499	24
6500	18
6501	18
6502	15
6503	17
6504	14
6505	14
6506	15
6507	14
6508	16
6509	14
6510	20
6511	16
6512	25
6513	24
6514	14
6515	18
6516	16
6517	14
6518	16
6519	14
6520	23
6521	12
6522	19
6523	16
6524	22
6525	17
6526	16
6527	17
6528	21
6529	14
6530	20
6531	15
6532	19
6533	13
6534	16
6535	23
6536	14
6537	16
6538	20
6539	13
6540	11
6541	8
6542	10
6543	19
6544	18
6545	13
6546	14
6547	16
6548	17
6549	18
6550	13
6551	16
6552	12
6553	23
6554	19
6555	21
6556	14
6557	19
6558	11
6559	13
6560	17
6561	13
6562	20
6563	12
6564	21
6565	14
6566	15
6567	23
6568	16
6569	10
6570	13
6571	23
6572	16
6573	18
6574	22
6575	27
6576	18
6577	17
6578	10
6579	9
6580	22
6581	15
6582	14
6583	17
6584	26
6585	17
6586	8
6587	21
6588	19
6589	21
6590	14
6591	14
6592	13
6593	19
6594	17
6595	15
6596	22
6597	19
6598	16
6599	15
6600	20
6601	16
6602	23
6603	20
6604	10
6605	15
6606	26
6607	20
6608	17
6609	13
6610	15
6611	18
6612	16
6613	19
6614	17
6615	19
6616	19
6617	11
6618	13
6619	14
6620	25
6621	22
6622	18
6623	20
6624	19
6625	13
6626	24
6627	23
6628	19
6629	17
6630	15
6631	15
6632	14
6633	19
6634	21
6635	9
6636	11
6637	21
6638	24
6639	14
6640	15
6641	22
6642	13
6643	20
6644	13
6645	23
6646	14
6647	17
6648	21
6649	16
6650	16
6651	13
6652	14
6653	16
6654	23
6655	10
6656	23
6657	19
6658	17
6659	21
6660	22
6661	21
6662	21
6663	15
6664	20
6665	27
6666	13
6667	17
6668	16
6669	15
6670	16
6671	14
6672	13
6673	21
6674	16
6675	13
6676	16
6677	18
6678	25
6679	14
6680	15
6681	17
6682	16
6683	15
6684	25
6685	24
6686	9
6687	19
6688	18
6689	10
6690	12
6691	22
6692	22
6693	16
6694	12
6695	13
6696	14
6697	14
6698	23
6699	11
6700	12
6701	10
6702	17
6703	18
6704	17
6705	14
6706	19
6707	14
6708	21
6709	18
6710	13
6711	20
6712	16
6713	15
6714	14
6715	7
6716	16
6717	28
6718	20
6719	22
6720	9
6721	17
6722	8
6723	15
6724	18
6725	18
6726	20
6727	22
6728	18
6729	18
6730	13
6731	13
6732	19
6733	16
6734	15
6735	21
6736	16
6737	20
6738	15
6739	16
6740	15
6741	12
6742	17
6743	18
6744	18
6745	12
6746	15
6747	15
6748	11
6749	16
6750	13
6751	14
6752	19
6753	20
6754	17
6755	22
6756	13
6757	16
6758	14
6759	18
6760	19
6761	15
6762	15
6763	16
6764	19
6765	12
6766	10
6767	17
6768	14
6769	9
6770	20
6771	13
6772	13
6773	23
6774	21
6775	10
6776	11
6777	22
6778	17
6779	11
6780	20
6781	14
6782	15
6783	22
6784	13
6785	16
6786	14
6787	20
6788	14
6789	24
6790	20
6791	17
6792	10
6793	15
6794	17
6795	24
6796	22
6797	24
6798	17
6799	14
6800	14
6801	19
6802	12
6803	9
6804	17
6805	11
6806	18
6807	18
6808	13
6809	13
6810	18
6811	18
6812	21
6813	15
6814	21
6815	20
6816	20
6817	20
6818	13
6819	15
6820	12
6821	13
6822	22
6823	22
6824	16
6825	15
6826	17
6827	6
6828	19
6829	16
6830	20
6831	15
6832	21
6833	16
6834	16
6835	12
6836	22
6837	12
6838	14
6839	15
6840	20
6841	16
6842	13
6843	15
6844	27
6845	11
6846	15
6847	22
6848	21
6849	22
6850	13
6851	18
6852	17
6853	16
6854	16
6855	20
6856	20
6857	19
6858	17
6859	16
6860	15
6861	21
6862	17
6863	13
6864	17
6865	24
6866	12
6867	18
6868	26
6869	17
6870	16
6871	19
6872	20
6873	12
6874	13
6875	14
6876	17
6877	18
6878	15
6879	19
6880	16
6881	21
6882	12
6883	19
6884	17
6885	17
6886	17
6887	10
6888	19
6889	19
6890	12
6891	14
6892	20
6893	18
6894	11
6895	21
6896	24
6897	14
6898	16
6899	16
6900	17
6901	11
6902	14
6903	14
6904	14
6905	15
6906	18
6907	24
6908	7
6909	18
6910	20
6911	15
6912	15
6913	14
6914	22
6915	9
6916	10
6917	18
6918	9
6919	13
6920	18
6921	14
6922	14
6923	14
6924	21
6925	20
6926	11
6927	15
6928	13
6929	13
6930	21
6931	14
6932	17
6933	24
6934	16
6935	15
6936	16
6937	13
6938	15
6939	17
6940	18
6941	14
6942	15
6943	16
6944	20
6945	15
6946	16
6947	19
6948	21
6949	20
6950	14
6951	17
6952	19
6953	11
6954	19
6955	23
6956	20
6957	24
6958	13
6959	17
6960	14
6961	13
6962	9
6963	16
6964	13
6965	20
6966	18
6967	17
6968	24
6969	21
6970	15
6971	10
6972	20
6973	15
6974	21
6975	25
6976	10
6977	17
6978	18
6979	13
6980	9
6981	19
6982	13
6983	13
6984	13
6985	18
6986	18
6987	13
6988	16
6989	15
6990	13
6991	13
6992	19
6993	18
6994	20
6995	13
6996	15
6997	9
6998	23
6999	20
7000	20
7001	12
7002	15
7003	20
7004	15
7005	24
7006	15
7007	13
7008	19
7009	20
7010	25
7011	16
7012	11
7013	18
7014	7
7015	15
7016	15
7017	22
7018	13
7019	15
7020	19
7021	15
7022	13
7023	22
7024	18
7025	17
7026	11
7027	14
7028	16
7029	11
7030	11
7031	12
7032	17
7033	12
7034	16
7035	15
7036	17
7037	6
7038	25
7039	14
7040	17
7041	18
7042	17
7043	22
7044	21
7045	17
7046	9
7047	16
7048	12
7049	22
7050	15
7051	15
7052	18
7053	16
7054	8
7055	17
7056	20
7057	17
7058	23
7059	15
7060	16
7061	8
7062	18
7063	16
7064	11
7065	17
7066	12
7067	15
7068	22
7069	7
7070	11
7071	16
7072	15
7073	24
7074	17
7075	15
7076	11
7077	22
7078	15
7079	18
7080	24
7081	20
7082	12
7083	31
7084	13
7085	20
7086	14
7087	14
7088	14
7089	19
7090	7
7091	17
7092	16
7093	11
7094	16
7095	32
7096	16
7097	19
7098	14
7099	13
7100	18
7101	14
7102	13
7103	17
7104	13
7105	15
7106	13
7107	11
7108	16
7109	16
7110	17
7111	17
7112	19
7113	18
7114	17
7115	16
7116	15
7117	11
7118	13
7119	17
7120	18
7121	18
7122	12
7123	11
7124	23
7125	21
7126	15
7127	11
7128	11
7129	17
7130	12
7131	13
7132	16
7133	24
7134	13
7135	16
7136	16
7137	18
7138	8
7139	20
7140	12
7141	19
7142	20
7143	12
7144	10
7145	18
7146	10
7147	10
7148	16
7149	17
7150	18
7151	15
7152	8
7153	20
7154	23
7155	15
7156	16
7157	14
7158	15
7159	12
7160	14
7161	14
7162	12
7163	22
7164	13
7165	19
7166	26
7167	18
7168	11
7169	17
7170	19
7171	12
7172	16
7173	18
7174	14
7175	16
7176	16
7177	21
7178	11
7179	13
7180	21
7181	17
7182	22
7183	14
7184	20
7185	14
7186	26
7187	19
7188	18
7189	16
7190	13
7191	9
7192	11
7193	18
7194	16
7195	22
7196	15
7197	13
7198	17
7199	21
7200	13
7201	12
7202	22
7203	10
7204	20
7205	14
7206	21
7207	10
7208	16
7209	13
7210	17
7211	9
7212	16
7213	15
7214	15
7215	13
7216	24
7217	13
7218	13
7219	14
7220	15
7221	12
7222	15
7223	18
7224	16
7225	13
7226	31
7227	23
7228	21
7229	15
7230	11
7231	19
7232	13
7233	13
7234	23
7235	18
7236	20
7237	13
7238	17
7239	17
7240	14
7241	12
7242	11
7243	20
7244	13
7245	19
7246	12
7247	14
7248	18
7249	17
7250	15
7251	15
7252	9
7253	14
7254	14
7255	18
7256	10
7257	11
7258	21
7259	19
7260	22
7261	14
7262	14
7263	15
7264	17
7265	12
7266	14
7267	10
7268	7
7269	13
7270	9
7271	18
7272	14
7273	27
7274	15
7275	13
7276	16
7277	18
7278	12
7279	14
7280	13
7281	17
7282	19
7283	14
7284	20
7285	20
7286	14
7287	18
7288	20
7289	18
7290	19
7291	25
7292	14
7293	16
7294	27
7295	9
7296	16
7297	23
7298	16
7299	16
7300	13
7301	17
7302	24
7303	15
7304	22
7305	14
7306	18
7307	24
7308	16
7309	19
7310	17
7311	15
7312	20
7313	15
7314	15
7315	25
7316	23
7317	16
7318	23
7319	10
7320	20
7321	16
7322	11
7323	7
7324	15
7325	20
7326	12
7327	14
7328	21
7329	18
7330	13
7331	11
7332	11
7333	23
7334	16
7335	17
7336	14
7337	15
7338	16
7339	15
7340	22
7341	24
7342	18
7343	16
7344	14
7345	19
7346	19
7347	12
7348	12
7349	13
7350	14
7351	16
7352	15
7353	18
7354	16
7355	12
7356	15
7357	14
7358	17
7359	10
7360	19
7361	24
7362	10
7363	20
7364	18
7365	20
7366	20
7367	15
7368	19
7369	14
7370	14
7371	21
7372	20
7373	14
7374	17
7375	16
7376	18
7377	16
7378	15
7379	28
7380	11
7381	16
7382	15
7383	12
7384	19
7385	18
7386	20
7387	11
7388	14
7389	22
7390	11
7391	23
7392	29
7393	13
7394	16
7395	14
7396	13
7397	14
7398	19
7399	11
7400	16
7401	12
7402	17
7403	15
7404	17
7405	15
7406	18
7407	14
7408	14
7409	15
7410	17
7411	20
7412	20
7413	16
7414	11
7415	13
7416	19
7417	17
7418	21
7419	14
7420	16
7421	15
7422	17
7423	16
7424	21
7425	24
7426	16
7427	17
7428	15
7429	17
7430	24
7431	10
7432	13
7433	13
7434	9
7435	15
7436	24
7437	11
7438	13
7439	18
7440	17
7441	13
7442	10
7443	12
7444	10
7445	14
7446	11
7447	10
7448	16
7449	20
7450	13
7451	23
7452	17
7453	15
7454	19
7455	18
7456	18
7457	21
7458	18
7459	17
7460	15
7461	11
7462	16
7463	10
7464	17
7465	18
7466	13
7467	16
7468	7
7469	11
7470	12
7471	14
7472	18
7473	18
7474	19
7475	23
7476	15
7477	12
7478	13
7479	18
7480	17
7481	26
7482	18
7483	13
7484	19
7485	23
7486	19
7487	16
7488	21
7489	14
7490	15
7491	17
7492	12
7493	20
7494	16
7495	11
7496	15
7497	18
7498	15
7499	12
7500	14
7501	11
7502	13
7503	16
7504	15
7505	22
7506	24
7507	18
7508	16
7509	18
7510	12
7511	14
7512	12
7513	20
7514	16
7515	15
7516	18
7517	14
7518	13
7519	14
7520	18
7521	16
7522	13
7523	12
7524	15
7525	13
7526	17
7527	19
7528	14
7529	18
7530	17
7531	15
7532	28
7533	22
7534	18
7535	18
7536	16
7537	12
7538	14
7539	21
7540	16
7541	17
7542	19
7543	18
7544	21
7545	28
7546	18
7547	12
7548	17
7549	17
7550	16
7551	18
7552	17
7553	18
7554	16
7555	12
7556	15
7557	13
7558	10
7559	14
7560	20
7561	14
7562	24
7563	13
7564	18
7565	19
7566	22
7567	13
7568	21
7569	20
7570	17
7571	15
7572	18
7573	15
7574	26
7575	11
7576	14
7577	15
7578	21
7579	17
7580	14
7581	9
7582	13
7583	13
7584	20
7585	18
7586	22
7587	18
7588	16
7589	12
7590	21
7591	17
7592	18
7593	17
7594	17
7595	24
7596	16
7597	18
7598	17
7599	14
7600	17
7601	26
7602	15
7603	16
7604	19
7605	17
7606	17
7607	27
7608	29
7609	16
7610	18
7611	18
7612	22
7613	16
7614	21
7615	11
7616	16
7617	9
7618	13
7619	17
7620	12
7621	14
7622	20
7623	12
7624	22
7625	27
7626	20
7627	23
7628	17
7629	18
7630	22
7631	11
7632	9
7633	11
7634	17
7635	21
7636	16
7637	17
7638	17
7639	11
7640	19
7641	12
7642	15
7643	13
7644	14
7645	20
7646	18
7647	20
7648	13
7649	18
7650	10
7651	21
7652	14
7653	14
7654	15
7655	15
7656	16
7657	15
7658	21
7659	12
7660	22
7661	13
7662	12
7663	20
7664	17
7665	18
7666	17
7667	18
7668	18
7669	16
7670	21
7671	15
7672	22
7673	32
7674	17
7675	21
7676	16
7677	14
7678	14
7679	14
7680	19
7681	20
7682	21
7683	12
7684	14
7685	15
7686	18
7687	19
7688	24
7689	22
7690	15
7691	25
7692	23
7693	19
7694	17
7695	17
7696	10
7697	20
7698	12
7699	18
7700	18
7701	17
7702	25
7703	19
7704	19
7705	18
7706	16
7707	13
7708	24
7709	19
7710	16
7711	14
7712	15
7713	16
7714	10
7715	19
7716	18
7717	10
7718	19
7719	18
7720	13
7721	14
7722	16
7723	23
7724	15
7725	16
7726	24
7727	17
7728	22
7729	11
7730	18
7731	10
7732	18
7733	20
7734	26
7735	26
7736	22
7737	18
7738	17
7739	17
7740	18
7741	15
7742	24
7743	14
7744	18
7745	20
7746	14
7747	16
7748	16
7749	14
7750	16
7751	18
7752	11
7753	20
7754	20
7755	13
7756	18
7757	25
7758	15
7759	20
7760	18
7761	11
7762	15
7763	15
7764	15
7765	22
7766	23
7767	16
7768	15
7769	13
7770	16
7771	12
7772	19
7773	20
7774	14
7775	16
7776	14
7777	18
7778	21
7779	12
7780	21
7781	15
7782	21
7783	13
7784	16
7785	13
7786	17
7787	19
7788	14
7789	14
7790	15
7791	14
7792	18
7793	26
7794	20
7795	9
7796	15
7797	12
7798	14
7799	24
7800	18
7801	23
7802	18
7803	13
7804	10
7805	16
7806	20
7807	19
7808	12
7809	10
7810	19
7811	20
7812	19
7813	12
7814	21
7815	18
7816	16
7817	16
7818	16
7819	15
7820	13
7821	16
7822	24
7823	9
7824	16
7825	19
7826	18
7827	12
7828	29
7829	15
7830	17
7831	18
7832	10
7833	18
7834	13
7835	8
7836	17
7837	16
7838	21
7839	20
7840	13
7841	10
7842	23
7843	25
7844	20
7845	16
7846	12
7847	14
7848	18
7849	10
7850	29
7851	21
7852	20
7853	21
7854	21
7855	25
7856	6
7857	18
7858	12
7859	25
7860	10
7861	14
7862	13
7863	13
7864	17
7865	17
7866	13
7867	14
7868	22
7869	19
7870	17
7871	16
7872	17
7873	11
7874	16
7875	23
7876	18
7877	23
7878	15
7879	20
7880	16
7881	12
7882	17
7883	24
7884	17
7885	14
7886	15
7887	17
7888	11
7889	22
7890	20
7891	24
7892	17
7893	19
7894	19
7895	18
7896	27
7897	23
7898	14
7899	18
7900	11
7901	15
7902	15
7903	19
7904	22
7905	14
7906	18
7907	11
7908	10
7909	20
7910	22
7911	16
7912	16
7913	24
7914	19
7915	13
7916	22
7917	19
7918	20
7919	12
7920	19
7921	16
7922	19
7923	20
7924	18
7925	14
7926	16
7927	12
7928	17
7929	13
7930	26
7931	19
7932	12
7933	15
7934	23
7935	16
7936	20
7937	18
7938	23
7939	25
7940	16
7941	15
7942	21
7943	17
7944	17
7945	12
7946	24
7947	16
7948	14
7949	18
7950	18
7951	21
7952	13
7953	23
7954	14
7955	22
7956	18
7957	14
7958	15
7959	16
7960	20
7961	15
7962	14
7963	14
7964	21
7965	16
7966	20
7967	11
7968	15
7969	20
7970	17
7971	17
7972	16
7973	25
7974	21
7975	19
7976	14
7977	13
7978	15
7979	18
7980	23
7981	22
7982	22
7983	15
7984	13
7985	11
7986	16
7987	19
7988	22
7989	15
7990	28
7991	21
7992	21
7993	19
7994	18
7995	20
7996	23
7997	21
7998	13
7999	26
8000	21
8001	18
8002	19
8003	21
8004	10
8005	15
8006	21
8007	13
8008	14
8009	20
8010	14
8011	18
8012	26
8013	21
8014	30
8015	19
8016	12
8017	14
8018	31
8019	14
8020	26
8021	16
8022	21
8023	13
8024	16
8025	18
8026	18
8027	25
8028	29
8029	23
8030	19
8031	20
8032	19
8033	24
8034	21
8035	16
8036	18
8037	19
8038	20
8039	21
8040	29
8041	9
8042	14
8043	24
8044	10
8045	17
8046	7
8047	16
8048	18
8049	27
8050	11
8051	13
8052	19
8053	13
8054	14
8055	16
8056	26
8057	23
8058	18
8059	15
8060	14
8061	16
8062	19
8063	17
8064	10
8065	16
8066	16
8067	20
8068	18
8069	16
8070	12
8071	9
8072	16
8073	13
8074	23
8075	16
8076	25
8077	25
8078	22
8079	13
8080	16
8081	21
8082	23
8083	19
8084	18
8085	14
8086	21
8087	16
8088	13
8089	22
8090	17
8091	16
8092	14
8093	16
8094	9
8095	17
8096	22
8097	9
8098	4
8099	3
8100	0
8101	0
8102	0
8103	0
8104	0
8105	1
8106	1
8107	0
8108	0
8109	0
8110	0
8111	1
8112	0
8113	0
8114	0
8115	0
8116	0
8117	0
8118	0
8119	0
8120	0
8121	0
8122	0
8123	0
8124	1
8125	0
8126	0
8127	0
8128	0
8129	0
8130	0
8131	0
8132	0
8133	0
8134	0
8135	0
8136	0
8137	0
8138	0
8139	0
8140	0
8141	0
8142	0
8143	0
8144	0
8145	0
8146	0
8147	0
8148	0
8149	0
8150	0
8151	0
8152	0
8153	0
8154	0
8155	0
8156	0
8157	0
8158	0
8159	0
8160	0
8161	0
8162	0
8163	0
8164	0
8165	0
8166	0
8167	0
8168	0
8169	0
8170	0
8171	0
8172	0
8173	0
8174	0
8175	0
8176	0
8177	0
8178	0
8179	0
8180	0
8181	0
8182	0
8183	0
8184	0
8185	0
8186	0
8187	0
8188	0
8189	0
8190	0
8191	0
