0	0
1	0
2	0
3	0
4	0
5	0
6	0
7	0
8	0
9	0
10	0
11	0
12	0
13	0
14	0
15	0
16	0
17	0
18	0
19	0
20	0
21	0
22	0
23	0
24	0
25	0
26	0
27	0
28	0
29	0
30	0
31	0
32	0
33	0
34	0
35	0
36	0
37	0
38	0
39	0
40	0
41	0
42	0
43	0
44	0
45	2
46	8
47	24
48	28
49	49
50	51
51	52
52	53
53	62
54	55
55	87
56	84
57	110
58	108
59	96
60	90
61	106
62	126
63	136
64	141
65	153
66	170
67	157
68	156
69	200
70	209
71	240
72	223
73	236
74	241
75	211
76	202
77	226
78	242
79	262
80	242
81	252
82	248
83	246
84	257
85	235
86	234
87	248
88	241
89	224
90	213
91	213
92	197
93	189
94	170
95	171
96	171
97	174
98	165
99	177
100	141
101	153
102	125
103	146
104	155
105	131
106	117
107	114
108	105
109	91
110	83
111	94
112	101
113	111
114	91
115	83
116	84
117	82
118	80
119	87
120	89
121	75
122	88
123	85
124	71
125	71
126	77
127	93
128	89
129	67
130	84
131	78
132	74
133	59
134	77
135	88
136	72
137	76
138	64
139	76
140	70
141	71
142	62
143	72
144	61
145	99
146	77
147	73
148	76
149	68
150	62
151	69
152	65
153	57
154	71
155	85
156	77
157	79
158	68
159	78
160	68
161	87
162	70
163	69
164	68
165	69
166	65
167	58
168	71
169	71
170	68
171	57
172	76
173	71
174	68
175	65
176	54
177	75
178	79
179	84
180	57
181	66
182	63
183	86
184	57
185	75
186	74
187	67
188	70
189	67
190	81
191	69
192	62
193	65
194	73
195	67
196	65
197	74
198	87
199	79
200	75
201	72
202	69
203	87
204	59
205	60
206	71
207	84
208	72
209	82
210	84
211	79
212	65
213	89
214	79
215	80
216	79
217	83
218	78
219	81
220	84
221	87
222	87
223	69
224	92
225	70
226	90
227	94
228	97
229	77
230	96
231	85
232	77
233	97
234	68
235	81
236	84
237	81
238	90
239	94
240	66
241	78
242	105
243	90
244	101
245	99
246	94
247	92
248	108
249	93
250	100
251	91
252	100
253	100
254	93
255	92
256	75
257	90
258	102
259	90
260	117
261	94
262	99
263	90
264	92
265	104
266	98
267	118
268	113
269	97
270	100
271	102
272	109
273	128
274	105
275	122
276	114
277	115
278	97
279	121
280	119
281	105
282	135
283	120
284	118
285	115
286	118
287	137
288	103
289	125
290	141
291	142
292	129
293	120
294	145
295	124
296	133
297	155
298	152
299	129
300	167
301	130
302	146
303	150
304	167
305	154
306	143
307	136
308	156
309	145
310	159
311	153
312	167
313	175
314	153
315	189
316	171
317	175
318	161
319	167
320	193
321	173
322	176
323	174
324	187
325	174
326	183
327	210
328	204
329	208
330	206
331	215
332	208
333	219
334	229
335	228
336	179
337	207
338	233
339	210
340	259
341	253
342	250
343	233
344	277
345	240
346	238
347	261
348	242
349	282
350	284
351	268
352	260
353	313
354	278
355	284
356	303
357	334
358	333
359	320
360	332
361	352
362	353
363	357
364	358
365	382
366	386
367	366
368	381
369	440
370	422
371	398
372	467
373	467
374	483
375	468
376	494
377	498
378	498
379	531
380	568
381	543
382	583
383	623
384	626
385	624
386	736
387	723
388	770
389	748
390	844
391	833
392	895
393	917
394	889
395	968
396	998
397	1111
398	1101
399	1152
400	1192
401	1264
402	1303
403	1332
404	1379
405	1387
406	1502
407	1581
408	1586
409	1673
410	1741
411	1808
412	1862
413	1924
414	1976
415	2108
416	2236
417	2160
418	2340
419	2383
420	2424
421	2464
422	2604
423	2725
424	2790
425	2792
426	2929
427	3057
428	2985
429	3122
430	3190
431	3336
432	3351
433	3479
434	3500
435	3511
436	3615
437	3681
438	3825
439	3788
440	3953
441	3858
442	3994
443	4108
444	4131
445	4194
446	4137
447	4126
448	4203
449	4188
450	4244
451	4290
452	4287
453	4247
454	4037
455	4319
456	4292
457	4245
458	4275
459	4245
460	4212
461	4124
462	4112
463	4186
464	4237
465	4029
466	3902
467	3939
468	3689
469	3834
470	3840
471	3826
472	3714
473	3677
474	3409
475	3491
476	3395
477	3394
478	3326
479	3206
480	3191
481	3086
482	3038
483	2859
484	2937
485	2804
486	2732
487	2662
488	2676
489	2561
490	2456
491	2418
492	2406
493	2326
494	2195
495	2200
496	2228
497	2111
498	2113
499	2003
500	1982
501	1894
502	1774
503	1795
504	1728
505	1768
506	1612
507	1527
508	1611
509	1522
510	1570
511	1506
512	1488
513	1377
514	1362
515	1373
516	1270
517	1270
518	1231
519	1272
520	1246
521	1184
522	1164
523	1140
524	1103
525	1007
526	1068
527	1006
528	1015
529	997
530	974
531	990
532	905
533	947
534	866
535	896
536	848
537	841
538	805
539	757
540	744
541	733
542	719
543	750
544	670
545	690
546	635
547	631
548	656
549	647
550	574
551	567
552	497
553	614
554	531
555	518
556	479
557	526
558	493
559	426
560	470
561	424
562	393
563	418
564	392
565	350
566	403
567	384
568	337
569	323
570	344
571	312
572	302
573	307
574	288
575	282
576	260
577	287
578	234
579	267
580	263
581	221
582	242
583	217
584	225
585	189
586	232
587	218
588	187
589	169
590	174
591	184
592	172
593	179
594	181
595	191
596	157
597	150
598	146
599	150
600	158
601	150
602	156
603	136
604	142
605	148
606	154
607	131
608	163
609	127
610	135
611	123
612	102
613	140
614	128
615	119
616	115
617	110
618	129
619	137
620	121
621	116
622	147
623	122
624	123
625	99
626	125
627	122
628	135
629	130
630	132
631	130
632	138
633	164
634	112
635	133
636	136
637	131
638	148
639	134
640	146
641	143
642	135
643	137
644	114
645	152
646	133
647	135
648	151
649	134
650	156
651	123
652	140
653	137
654	140
655	147
656	119
657	145
658	137
659	153
660	153
661	151
662	148
663	167
664	151
665	163
666	133
667	169
668	149
669	158
670	167
671	166
672	175
673	162
674	175
675	146
676	179
677	194
678	165
679	191
680	158
681	184
682	192
683	192
684	186
685	181
686	156
687	186
688	180
689	198
690	183
691	198
692	189
693	190
694	206
695	219
696	174
697	197
698	170
699	203
700	215
701	208
702	211
703	226
704	212
705	178
706	198
707	193
708	236
709	230
710	194
711	222
712	205
713	241
714	236
715	225
716	202
717	229
718	197
719	231
720	247
721	264
722	262
723	217
724	239
725	263
726	221
727	259
728	242
729	245
730	245
731	259
732	253
733	243
734	229
735	253
736	259
737	254
738	238
739	231
740	248
741	276
742	241
743	252
744	275
745	255
746	265
747	269
748	235
749	244
750	272
751	262
752	272
753	300
754	295
755	272
756	282
757	273
758	256
759	238
760	248
761	251
762	278
763	268
764	287
765	253
766	283
767	257
768	252
769	286
770	254
771	276
772	280
773	276
774	287
775	281
776	237
777	268
778	241
779	276
780	263
781	288
782	261
783	234
784	236
785	274
786	294
787	252
788	278
789	256
790	242
791	251
792	262
793	272
794	259
795	259
796	257
797	252
798	261
799	251
800	241
801	249
802	258
803	237
804	274
805	262
806	265
807	234
808	253
809	274
810	261
811	227
812	221
813	265
814	216
815	238
816	249
817	212
818	252
819	249
820	230
821	217
822	282
823	236
824	253
825	214
826	242
827	241
828	246
829	218
830	218
831	205
832	242
833	220
834	243
835	223
836	217
837	242
838	246
839	191
840	199
841	236
842	235
843	217
844	224
845	232
846	231
847	233
848	214
849	222
850	219
851	200
852	227
853	223
854	198
855	230
856	222
857	220
858	215
859	230
860	210
861	233
862	215
863	239
864	197
865	202
866	202
867	229
868	250
869	206
870	202
871	211
872	237
873	236
874	226
875	241
876	234
877	201
878	219
879	255
880	238
881	230
882	239
883	253
884	218
885	250
886	217
887	248
888	276
889	273
890	244
891	235
892	256
893	280
894	303
895	292
896	259
897	273
898	288
899	288
900	273
901	259
902	254
903	298
904	290
905	293
906	279
907	298
908	267
909	275
910	283
911	292
912	284
913	311
914	288
915	312
916	264
917	333
918	294
919	312
920	319
921	345
922	310
923	326
924	347
925	296
926	329
927	325
928	323
929	339
930	315
931	338
932	302
933	353
934	329
935	308
936	324
937	336
938	347
939	344
940	361
941	322
942	306
943	332
944	336
945	359
946	348
947	330
948	360
949	370
950	317
951	366
952	324
953	319
954	338
955	339
956	328
957	343
958	304
959	309
960	342
961	321
962	338
963	362
964	327
965	324
966	299
967	324
968	332
969	326
970	321
971	320
972	309
973	348
974	317
975	299
976	350
977	309
978	320
979	284
980	284
981	318
982	319
983	322
984	327
985	288
986	323
987	307
988	338
989	319
990	315
991	312
992	308
993	292
994	302
995	269
996	298
997	316
998	257
999	289
1000	299
1001	289
1002	289
1003	334
1004	285
1005	321
1006	276
1007	289
1008	293
1009	265
1010	311
1011	284
1012	263
1013	267
1014	290
1015	311
1016	317
1017	282
1018	273
1019	299
1020	265
1021	302
1022	275
1023	297
1024	304
1025	306
1026	288
1027	285
1028	277
1029	300
1030	289
1031	289
1032	287
1033	284
1034	269
1035	283
1036	269
1037	303
1038	306
1039	287
1040	306
1041	260
1042	305
1043	311
1044	295
1045	301
1046	309
1047	301
1048	276
1049	313
1050	325
1051	302
1052	325
1053	313
1054	317
1055	352
1056	347
1057	354
1058	342
1059	343
1060	339
1061	359
1062	358
1063	314
1064	353
1065	364
1066	348
1067	347
1068	377
1069	388
1070	388
1071	404
1072	392
1073	371
1074	391
1075	398
1076	410
1077	385
1078	402
1079	380
1080	429
1081	426
1082	419
1083	424
1084	413
1085	397
1086	445
1087	488
1088	469
1089	470
1090	453
1091	432
1092	501
1093	465
1094	494
1095	474
1096	524
1097	476
1098	513
1099	527
1100	580
1101	548
1102	570
1103	586
1104	530
1105	609
1106	597
1107	548
1108	626
1109	614
1110	613
1111	658
1112	660
1113	666
1114	669
1115	688
1116	664
1117	682
1118	715
1119	718
1120	702
1121	721
1122	771
1123	810
1124	821
1125	835
1126	847
1127	862
1128	845
1129	846
1130	871
1131	855
1132	943
1133	888
1134	946
1135	933
1136	985
1137	949
1138	1011
1139	1020
1140	1051
1141	987
1142	991
1143	1047
1144	1005
1145	1041
1146	1050
1147	1137
1148	1151
1149	1113
1150	1211
1151	1183
1152	1249
1153	1185
1154	1271
1155	1293
1156	1324
1157	1283
1158	1331
1159	1309
1160	1305
1161	1360
1162	1482
1163	1354
1164	1344
1165	1422
1166	1475
1167	1479
1168	1370
1169	1399
1170	1454
1171	1449
1172	1553
1173	1519
1174	1562
1175	1537
1176	1540
1177	1558
1178	1520
1179	1516
1180	1605
1181	1601
1182	1634
1183	1555
1184	1570
1185	1575
1186	1690
1187	1572
1188	1655
1189	1628
1190	1604
1191	1687
1192	1622
1193	1634
1194	1692
1195	1687
1196	1625
1197	1625
1198	1695
1199	1639
1200	1701
1201	1735
1202	1603
1203	1594
1204	1618
1205	1676
1206	1566
1207	1660
1208	1602
1209	1557
1210	1631
1211	1618
1212	1646
1213	1620
1214	1582
1215	1564
1216	1564
1217	1573
1218	1602
1219	1545
1220	1470
1221	1510
1222	1518
1223	1492
1224	1535
1225	1436
1226	1392
1227	1459
1228	1438
1229	1325
1230	1344
1231	1381
1232	1364
1233	1282
1234	1367
1235	1335
1236	1271
1237	1326
1238	1205
1239	1193
1240	1200
1241	1238
1242	1167
1243	1165
1244	1178
1245	1131
1246	1082
1247	1030
1248	1081
1249	1074
1250	1018
1251	1012
1252	984
1253	1009
1254	948
1255	928
1256	905
1257	869
1258	833
1259	880
1260	820
1261	850
1262	833
1263	763
1264	736
1265	747
1266	758
1267	682
1268	712
1269	707
1270	694
1271	745
1272	673
1273	677
1274	594
1275	634
1276	591
1277	571
1278	567
1279	555
1280	553
1281	517
1282	523
1283	516
1284	491
1285	457
1286	483
1287	442
1288	451
1289	411
1290	423
1291	397
1292	404
1293	395
1294	387
1295	357
1296	361
1297	335
1298	342
1299	337
1300	321
1301	359
1302	276
1303	289
1304	271
1305	284
1306	292
1307	271
1308	248
1309	259
1310	229
1311	233
1312	252
1313	244
1314	244
1315	219
1316	189
1317	205
1318	190
1319	194
1320	194
1321	188
1322	179
1323	181
1324	211
1325	192
1326	191
1327	170
1328	178
1329	168
1330	176
1331	166
1332	165
1333	157
1334	168
1335	159
1336	139
1337	170
1338	141
1339	148
1340	119
1341	128
1342	131
1343	116
1344	120
1345	132
1346	143
1347	123
1348	152
1349	115
1350	126
1351	116
1352	119
1353	100
1354	116
1355	110
1356	130
1357	109
1358	111
1359	105
1360	114
1361	101
1362	104
1363	110
1364	102
1365	110
1366	91
1367	109
1368	72
1369	89
1370	102
1371	102
1372	98
1373	88
1374	90
1375	100
1376	101
1377	118
1378	88
1379	94
1380	100
1381	73
1382	80
1383	86
1384	115
1385	119
1386	94
1387	104
1388	92
1389	90
1390	105
1391	126
1392	97
1393	100
1394	104
1395	88
1396	99
1397	116
1398	84
1399	108
1400	90
1401	101
1402	122
1403	118
1404	102
1405	100
1406	101
1407	93
1408	100
1409	95
1410	90
1411	82
1412	105
1413	109
1414	90
1415	92
1416	99
1417	86
1418	91
1419	101
1420	91
1421	103
1422	101
1423	94
1424	91
1425	95
1426	85
1427	107
1428	97
1429	95
1430	93
1431	111
1432	113
1433	99
1434	80
1435	79
1436	114
1437	99
1438	87
1439	107
1440	102
1441	116
1442	87
1443	123
1444	96
1445	111
1446	108
1447	98
1448	81
1449	92
1450	92
1451	94
1452	110
1453	98
1454	81
1455	106
1456	101
1457	94
1458	105
1459	104
1460	124
1461	105
1462	98
1463	107
1464	107
1465	100
1466	92
1467	93
1468	91
1469	100
1470	84
1471	124
1472	114
1473	104
1474	107
1475	88
1476	89
1477	94
1478	114
1479	112
1480	96
1481	106
1482	101
1483	121
1484	108
1485	100
1486	93
1487	94
1488	122
1489	100
1490	104
1491	95
1492	106
1493	113
1494	102
1495	104
1496	105
1497	96
1498	103
1499	103
1500	97
1501	127
1502	101
1503	107
1504	102
1505	110
1506	104
1507	102
1508	109
1509	114
1510	118
1511	107
1512	129
1513	107
1514	106
1515	127
1516	109
1517	99
1518	99
1519	126
1520	99
1521	119
1522	141
1523	115
1524	107
1525	110
1526	101
1527	97
1528	124
1529	130
1530	125
1531	140
1532	125
1533	114
1534	138
1535	128
1536	135
1537	114
1538	124
1539	123
1540	114
1541	125
1542	122
1543	94
1544	137
1545	135
1546	110
1547	128
1548	120
1549	111
1550	129
1551	136
1552	150
1553	107
1554	120
1555	135
1556	145
1557	137
1558	116
1559	123
1560	139
1561	134
1562	167
1563	122
1564	131
1565	138
1566	136
1567	142
1568	118
1569	134
1570	144
1571	145
1572	154
1573	150
1574	159
1575	155
1576	146
1577	165
1578	139
1579	149
1580	157
1581	132
1582	147
1583	172
1584	147
1585	126
1586	151
1587	145
1588	158
1589	163
1590	148
1591	138
1592	155
1593	169
1594	161
1595	153
1596	152
1597	166
1598	156
1599	165
1600	163
1601	163
1602	154
1603	156
1604	174
1605	191
1606	189
1607	175
1608	192
1609	177
1610	166
1611	185
1612	177
1613	179
1614	175
1615	173
1616	192
1617	183
1618	183
1619	160
1620	193
1621	175
1622	193
1623	167
1624	189
1625	199
1626	169
1627	199
1628	201
1629	188
1630	204
1631	192
1632	182
1633	181
1634	206
1635	207
1636	200
1637	194
1638	228
1639	200
1640	197
1641	198
1642	203
1643	236
1644	202
1645	202
1646	219
1647	209
1648	228
1649	202
1650	181
1651	219
1652	213
1653	218
1654	222
1655	215
1656	223
1657	227
1658	188
1659	206
1660	238
1661	209
1662	216
1663	224
1664	218
1665	201
1666	206
1667	220
1668	241
1669	235
1670	228
1671	237
1672	225
1673	207
1674	201
1675	235
1676	203
1677	214
1678	207
1679	216
1680	242
1681	190
1682	230
1683	206
1684	239
1685	204
1686	243
1687	226
1688	228
1689	216
1690	222
1691	235
1692	218
1693	230
1694	228
1695	222
1696	201
1697	222
1698	210
1699	219
1700	217
1701	209
1702	197
1703	241
1704	212
1705	196
1706	191
1707	225
1708	217
1709	208
1710	197
1711	201
1712	205
1713	208
1714	179
1715	208
1716	190
1717	196
1718	205
1719	183
1720	206
1721	203
1722	218
1723	196
1724	191
1725	195
1726	180
1727	173
1728	195
1729	209
1730	184
1731	194
1732	180
1733	194
1734	177
1735	188
1736	166
1737	178
1738	175
1739	173
1740	183
1741	192
1742	178
1743	161
1744	166
1745	173
1746	178
1747	163
1748	172
1749	151
1750	160
1751	162
1752	164
1753	159
1754	159
1755	147
1756	185
1757	160
1758	147
1759	158
1760	171
1761	139
1762	165
1763	154
1764	126
1765	147
1766	130
1767	147
1768	135
1769	126
1770	135
1771	134
1772	140
1773	131
1774	140
1775	128
1776	125
1777	121
1778	113
1779	128
1780	123
1781	108
1782	98
1783	121
1784	110
1785	122
1786	130
1787	105
1788	127
1789	124
1790	120
1791	125
1792	121
1793	131
1794	115
1795	105
1796	109
1797	119
1798	117
1799	129
1800	105
1801	131
1802	117
1803	116
1804	111
1805	119
1806	117
1807	108
1808	118
1809	110
1810	107
1811	121
1812	105
1813	99
1814	97
1815	87
1816	121
1817	112
1818	113
1819	99
1820	97
1821	104
1822	121
1823	136
1824	101
1825	99
1826	93
1827	123
1828	105
1829	104
1830	99
1831	93
1832	97
1833	91
1834	106
1835	97
1836	101
1837	96
1838	105
1839	88
1840	95
1841	94
1842	115
1843	104
1844	125
1845	102
1846	89
1847	91
1848	108
1849	113
1850	95
1851	88
1852	95
1853	85
1854	90
1855	93
1856	109
1857	86
1858	105
1859	98
1860	101
1861	78
1862	121
1863	102
1864	93
1865	97
1866	93
1867	96
1868	91
1869	93
1870	100
1871	98
1872	109
1873	98
1874	100
1875	99
1876	101
1877	104
1878	86
1879	96
1880	104
1881	100
1882	87
1883	110
1884	115
1885	106
1886	87
1887	99
1888	99
1889	93
1890	100
1891	111
1892	103
1893	90
1894	115
1895	99
1896	86
1897	86
1898	100
1899	91
1900	104
1901	99
1902	101
1903	122
1904	113
1905	111
1906	107
1907	81
1908	122
1909	79
1910	101
1911	84
1912	100
1913	110
1914	106
1915	114
1916	105
1917	99
1918	96
1919	95
1920	89
1921	104
1922	103
1923	108
1924	96
1925	84
1926	110
1927	107
1928	106
1929	104
1930	125
1931	111
1932	97
1933	119
1934	98
1935	124
1936	112
1937	98
1938	100
1939	120
1940	86
1941	110
1942	113
1943	104
1944	100
1945	105
1946	116
1947	109
1948	115
1949	125
1950	114
1951	96
1952	107
1953	117
1954	92
1955	94
1956	112
1957	111
1958	110
1959	98
1960	102
1961	97
1962	124
1963	121
1964	117
1965	113
1966	116
1967	112
1968	106
1969	104
1970	106
1971	116
1972	105
1973	110
1974	111
1975	115
1976	99
1977	117
1978	107
1979	123
1980	114
1981	101
1982	113
1983	113
1984	110
1985	119
1986	123
1987	124
1988	121
1989	125
1990	111
1991	117
1992	113
1993	116
1994	127
1995	119
1996	110
1997	118
1998	106
1999	116
2000	108
2001	106
2002	116
2003	118
2004	131
2005	117
2006	126
2007	116
2008	104
2009	115
2010	110
2011	128
2012	152
2013	113
2014	112
2015	123
2016	133
2017	135
2018	132
2019	134
2020	139
2021	116
2022	124
2023	114
2024	127
2025	117
2026	120
2027	123
2028	125
2029	123
2030	129
2031	114
2032	142
2033	121
2034	121
2035	129
2036	121
2037	137
2038	123
2039	134
2040	149
2041	118
2042	107
2043	120
2044	114
2045	128
2046	136
2047	119
2048	106
2049	143
2050	137
2051	130
2052	125
2053	146
2054	126
2055	141
2056	129
2057	119
2058	133
2059	125
2060	124
2061	140
2062	124
2063	114
2064	138
2065	124
2066	117
2067	115
2068	147
2069	126
2070	119
2071	140
2072	122
2073	138
2074	133
2075	145
2076	135
2077	138
2078	134
2079	139
2080	151
2081	123
2082	121
2083	132
2084	112
2085	132
2086	142
2087	131
2088	151
2089	137
2090	161
2091	124
2092	148
2093	146
2094	133
2095	132
2096	122
2097	135
2098	134
2099	141
2100	124
2101	157
2102	114
2103	143
2104	138
2105	124
2106	134
2107	122
2108	137
2109	131
2110	136
2111	154
2112	137
2113	111
2114	119
2115	140
2116	134
2117	148
2118	134
2119	136
2120	144
2121	159
2122	134
2123	132
2124	146
2125	132
2126	133
2127	158
2128	131
2129	130
2130	163
2131	136
2132	122
2133	139
2134	160
2135	149
2136	134
2137	150
2138	168
2139	157
2140	141
2141	156
2142	147
2143	165
2144	154
2145	129
2146	141
2147	149
2148	128
2149	115
2150	142
2151	143
2152	143
2153	141
2154	154
2155	163
2156	160
2157	161
2158	135
2159	145
2160	151
2161	151
2162	144
2163	142
2164	152
2165	172
2166	126
2167	134
2168	149
2169	153
2170	134
2171	146
2172	151
2173	141
2174	155
2175	131
2176	143
2177	142
2178	153
2179	184
2180	130
2181	162
2182	119
2183	142
2184	136
2185	154
2186	141
2187	146
2188	135
2189	139
2190	173
2191	146
2192	160
2193	138
2194	140
2195	175
2196	130
2197	147
2198	149
2199	143
2200	153
2201	155
2202	133
2203	154
2204	142
2205	157
2206	143
2207	152
2208	135
2209	146
2210	157
2211	147
2212	146
2213	164
2214	141
2215	131
2216	143
2217	164
2218	132
2219	146
2220	160
2221	166
2222	155
2223	139
2224	149
2225	146
2226	153
2227	131
2228	140
2229	155
2230	146
2231	142
2232	134
2233	148
2234	136
2235	134
2236	128
2237	143
2238	149
2239	142
2240	142
2241	160
2242	159
2243	152
2244	156
2245	155
2246	146
2247	158
2248	152
2249	155
2250	130
2251	147
2252	147
2253	153
2254	118
2255	155
2256	156
2257	116
2258	181
2259	162
2260	122
2261	142
2262	140
2263	160
2264	137
2265	163
2266	140
2267	128
2268	144
2269	140
2270	139
2271	138
2272	149
2273	143
2274	153
2275	146
2276	129
2277	147
2278	146
2279	155
2280	155
2281	144
2282	135
2283	141
2284	148
2285	158
2286	131
2287	124
2288	135
2289	136
2290	150
2291	140
2292	154
2293	113
2294	147
2295	154
2296	143
2297	146
2298	132
2299	129
2300	140
2301	165
2302	142
2303	121
2304	139
2305	145
2306	133
2307	134
2308	138
2309	132
2310	126
2311	149
2312	128
2313	123
2314	128
2315	133
2316	149
2317	118
2318	140
2319	112
2320	131
2321	124
2322	136
2323	133
2324	120
2325	148
2326	108
2327	121
2328	117
2329	115
2330	127
2331	125
2332	133
2333	132
2334	126
2335	131
2336	135
2337	139
2338	128
2339	123
2340	144
2341	109
2342	135
2343	121
2344	141
2345	124
2346	105
2347	124
2348	136
2349	127
2350	142
2351	129
2352	131
2353	135
2354	136
2355	123
2356	134
2357	121
2358	122
2359	112
2360	148
2361	133
2362	128
2363	123
2364	117
2365	120
2366	129
2367	133
2368	99
2369	115
2370	121
2371	128
2372	136
2373	120
2374	138
2375	129
2376	144
2377	124
2378	121
2379	131
2380	105
2381	128
2382	123
2383	136
2384	123
2385	141
2386	119
2387	119
2388	115
2389	120
2390	108
2391	122
2392	120
2393	122
2394	138
2395	93
2396	126
2397	122
2398	126
2399	116
2400	105
2401	124
2402	123
2403	115
2404	106
2405	92
2406	137
2407	143
2408	126
2409	134
2410	107
2411	118
2412	119
2413	110
2414	122
2415	119
2416	95
2417	113
2418	116
2419	106
2420	121
2421	118
2422	120
2423	107
2424	111
2425	110
2426	94
2427	127
2428	110
2429	110
2430	121
2431	119
2432	116
2433	118
2434	108
2435	122
2436	120
2437	113
2438	101
2439	101
2440	107
2441	120
2442	130
2443	129
2444	110
2445	115
2446	106
2447	122
2448	123
2449	122
2450	105
2451	113
2452	110
2453	107
2454	116
2455	130
2456	118
2457	108
2458	113
2459	78
2460	106
2461	102
2462	115
2463	127
2464	107
2465	106
2466	121
2467	97
2468	108
2469	97
2470	117
2471	101
2472	100
2473	90
2474	106
2475	120
2476	92
2477	112
2478	104
2479	98
2480	111
2481	116
2482	97
2483	113
2484	95
2485	94
2486	102
2487	103
2488	109
2489	109
2490	91
2491	102
2492	107
2493	95
2494	100
2495	108
2496	93
2497	94
2498	117
2499	87
2500	105
2501	101
2502	92
2503	96
2504	108
2505	96
2506	112
2507	94
2508	92
2509	112
2510	103
2511	109
2512	105
2513	103
2514	87
2515	112
2516	101
2517	91
2518	108
2519	87
2520	99
2521	95
2522	99
2523	95
2524	130
2525	86
2526	107
2527	121
2528	73
2529	86
2530	97
2531	83
2532	88
2533	111
2534	99
2535	108
2536	105
2537	99
2538	127
2539	119
2540	91
2541	102
2542	89
2543	87
2544	98
2545	101
2546	100
2547	100
2548	104
2549	94
2550	109
2551	93
2552	114
2553	107
2554	111
2555	107
2556	104
2557	98
2558	93
2559	107
2560	116
2561	113
2562	108
2563	107
2564	89
2565	96
2566	97
2567	89
2568	106
2569	75
2570	90
2571	75
2572	91
2573	90
2574	95
2575	107
2576	101
2577	87
2578	92
2579	107
2580	88
2581	99
2582	75
2583	111
2584	105
2585	102
2586	100
2587	88
2588	102
2589	91
2590	96
2591	88
2592	92
2593	109
2594	89
2595	103
2596	94
2597	101
2598	87
2599	95
2600	85
2601	95
2602	85
2603	80
2604	93
2605	96
2606	86
2607	89
2608	99
2609	93
2610	103
2611	87
2612	93
2613	91
2614	83
2615	91
2616	109
2617	93
2618	109
2619	115
2620	98
2621	104
2622	83
2623	95
2624	116
2625	83
2626	86
2627	85
2628	88
2629	111
2630	95
2631	70
2632	99
2633	88
2634	77
2635	95
2636	92
2637	84
2638	87
2639	91
2640	105
2641	88
2642	84
2643	92
2644	79
2645	80
2646	107
2647	81
2648	98
2649	79
2650	101
2651	86
2652	88
2653	76
2654	83
2655	99
2656	84
2657	80
2658	87
2659	85
2660	94
2661	96
2662	109
2663	89
2664	88
2665	88
2666	104
2667	82
2668	94
2669	69
2670	94
2671	100
2672	79
2673	106
2674	79
2675	87
2676	104
2677	92
2678	93
2679	79
2680	88
2681	86
2682	102
2683	93
2684	92
2685	95
2686	77
2687	86
2688	95
2689	102
2690	64
2691	96
2692	101
2693	83
2694	94
2695	85
2696	82
2697	87
2698	100
2699	82
2700	86
2701	98
2702	82
2703	90
2704	79
2705	87
2706	86
2707	80
2708	84
2709	99
2710	78
2711	84
2712	113
2713	91
2714	75
2715	92
2716	72
2717	82
2718	95
2719	82
2720	83
2721	79
2722	88
2723	84
2724	71
2725	82
2726	93
2727	77
2728	75
2729	87
2730	78
2731	95
2732	82
2733	75
2734	90
2735	85
2736	90
2737	72
2738	82
2739	82
2740	76
2741	85
2742	82
2743	82
2744	82
2745	94
2746	85
2747	83
2748	95
2749	71
2750	83
2751	71
2752	91
2753	76
2754	107
2755	77
2756	65
2757	82
2758	82
2759	69
2760	75
2761	76
2762	93
2763	87
2764	81
2765	75
2766	75
2767	72
2768	79
2769	82
2770	83
2771	80
2772	72
2773	61
2774	62
2775	69
2776	82
2777	68
2778	107
2779	69
2780	69
2781	78
2782	74
2783	86
2784	72
2785	75
2786	63
2787	76
2788	75
2789	59
2790	69
2791	84
2792	82
2793	81
2794	87
2795	80
2796	62
2797	74
2798	61
2799	72
2800	61
2801	62
2802	84
2803	67
2804	92
2805	97
2806	65
2807	85
2808	81
2809	73
2810	76
2811	80
2812	53
2813	74
2814	70
2815	54
2816	57
2817	76
2818	71
2819	58
2820	88
2821	95
2822	79
2823	78
2824	71
2825	75
2826	83
2827	68
2828	68
2829	68
2830	94
2831	70
2832	65
2833	71
2834	70
2835	78
2836	82
2837	74
2838	52
2839	61
2840	71
2841	69
2842	68
2843	61
2844	68
2845	65
2846	64
2847	79
2848	66
2849	87
2850	72
2851	72
2852	69
2853	73
2854	72
2855	75
2856	71
2857	71
2858	70
2859	49
2860	73
2861	93
2862	72
2863	69
2864	81
2865	72
2866	80
2867	50
2868	56
2869	69
2870	65
2871	85
2872	74
2873	71
2874	60
2875	88
2876	78
2877	68
2878	74
2879	75
2880	61
2881	69
2882	65
2883	56
2884	84
2885	67
2886	81
2887	61
2888	68
2889	80
2890	66
2891	65
2892	61
2893	71
2894	70
2895	62
2896	66
2897	58
2898	56
2899	63
2900	69
2901	55
2902	85
2903	58
2904	70
2905	70
2906	67
2907	67
2908	57
2909	68
2910	71
2911	60
2912	64
2913	58
2914	63
2915	60
2916	64
2917	80
2918	69
2919	66
2920	67
2921	73
2922	55
2923	54
2924	66
2925	71
2926	75
2927	68
2928	66
2929	67
2930	62
2931	65
2932	65
2933	71
2934	63
2935	48
2936	51
2937	63
2938	79
2939	63
2940	57
2941	61
2942	75
2943	79
2944	72
2945	52
2946	68
2947	60
2948	49
2949	65
2950	54
2951	73
2952	55
2953	70
2954	54
2955	52
2956	49
2957	71
2958	81
2959	69
2960	61
2961	61
2962	61
2963	60
2964	76
2965	63
2966	56
2967	66
2968	66
2969	68
2970	70
2971	52
2972	72
2973	65
2974	60
2975	59
2976	61
2977	75
2978	67
2979	64
2980	60
2981	56
2982	61
2983	59
2984	53
2985	58
2986	63
2987	76
2988	65
2989	47
2990	69
2991	51
2992	72
2993	57
2994	62
2995	55
2996	62
2997	65
2998	68
2999	66
3000	73
3001	49
3002	68
3003	76
3004	83
3005	51
3006	61
3007	57
3008	51
3009	54
3010	53
3011	74
3012	53
3013	68
3014	58
3015	63
3016	61
3017	76
3018	67
3019	56
3020	56
3021	48
3022	60
3023	65
3024	65
3025	49
3026	59
3027	56
3028	55
3029	71
3030	77
3031	67
3032	68
3033	57
3034	52
3035	61
3036	66
3037	57
3038	54
3039	49
3040	62
3041	65
3042	68
3043	68
3044	58
3045	56
3046	61
3047	61
3048	53
3049	63
3050	58
3051	65
3052	56
3053	57
3054	56
3055	62
3056	67
3057	48
3058	68
3059	63
3060	75
3061	60
3062	59
3063	65
3064	71
3065	56
3066	68
3067	53
3068	63
3069	70
3070	63
3071	57
3072	75
3073	64
3074	48
3075	62
3076	51
3077	56
3078	53
3079	64
3080	57
3081	63
3082	54
3083	71
3084	52
3085	78
3086	70
3087	53
3088	65
3089	65
3090	56
3091	61
3092	58
3093	46
3094	60
3095	68
3096	62
3097	60
3098	56
3099	54
3100	70
3101	51
3102	56
3103	65
3104	55
3105	45
3106	75
3107	67
3108	66
3109	55
3110	59
3111	64
3112	51
3113	52
3114	54
3115	55
3116	71
3117	59
3118	61
3119	61
3120	60
3121	61
3122	60
3123	55
3124	58
3125	66
3126	64
3127	63
3128	52
3129	80
3130	67
3131	54
3132	67
3133	66
3134	61
3135	53
3136	56
3137	69
3138	46
3139	51
3140	60
3141	58
3142	49
3143	59
3144	60
3145	47
3146	52
3147	47
3148	57
3149	56
3150	54
3151	62
3152	50
3153	47
3154	66
3155	55
3156	42
3157	61
3158	50
3159	53
3160	54
3161	66
3162	70
3163	55
3164	59
3165	66
3166	45
3167	60
3168	53
3169	39
3170	60
3171	63
3172	61
3173	60
3174	59
3175	54
3176	49
3177	44
3178	53
3179	48
3180	36
3181	53
3182	52
3183	47
3184	49
3185	58
3186	53
3187	47
3188	55
3189	51
3190	59
3191	54
3192	52
3193	64
3194	51
3195	47
3196	60
3197	40
3198	69
3199	44
3200	64
3201	39
3202	47
3203	64
3204	64
3205	63
3206	66
3207	46
3208	55
3209	54
3210	36
3211	48
3212	48
3213	58
3214	70
3215	42
3216	59
3217	46
3218	59
3219	49
3220	36
3221	34
3222	57
3223	47
3224	58
3225	47
3226	67
3227	66
3228	59
3229	46
3230	57
3231	52
3232	52
3233	53
3234	49
3235	49
3236	56
3237	42
3238	48
3239	56
3240	58
3241	37
3242	35
3243	52
3244	54
3245	56
3246	45
3247	51
3248	56
3249	45
3250	51
3251	48
3252	42
3253	55
3254	47
3255	46
3256	49
3257	47
3258	52
3259	60
3260	55
3261	46
3262	60
3263	48
3264	32
3265	46
3266	50
3267	56
3268	36
3269	49
3270	45
3271	50
3272	42
3273	50
3274	63
3275	58
3276	33
3277	54
3278	57
3279	41
3280	68
3281	50
3282	44
3283	53
3284	47
3285	37
3286	59
3287	43
3288	46
3289	32
3290	54
3291	47
3292	54
3293	57
3294	38
3295	57
3296	46
3297	42
3298	50
3299	50
3300	49
3301	58
3302	47
3303	59
3304	60
3305	52
3306	48
3307	57
3308	42
3309	55
3310	53
3311	58
3312	53
3313	43
3314	45
3315	47
3316	47
3317	46
3318	56
3319	40
3320	47
3321	45
3322	45
3323	33
3324	60
3325	40
3326	65
3327	44
3328	36
3329	40
3330	45
3331	37
3332	40
3333	40
3334	35
3335	54
3336	43
3337	38
3338	51
3339	45
3340	54
3341	52
3342	40
3343	39
3344	44
3345	65
3346	56
3347	46
3348	40
3349	49
3350	47
3351	42
3352	42
3353	44
3354	42
3355	50
3356	43
3357	52
3358	50
3359	41
3360	56
3361	45
3362	54
3363	47
3364	42
3365	41
3366	46
3367	48
3368	39
3369	36
3370	54
3371	45
3372	36
3373	51
3374	39
3375	50
3376	47
3377	45
3378	50
3379	65
3380	43
3381	52
3382	35
3383	52
3384	48
3385	57
3386	44
3387	48
3388	48
3389	51
3390	44
3391	43
3392	48
3393	53
3394	49
3395	38
3396	44
3397	28
3398	49
3399	40
3400	40
3401	45
3402	55
3403	43
3404	53
3405	36
3406	34
3407	33
3408	43
3409	46
3410	52
3411	50
3412	44
3413	52
3414	33
3415	38
3416	53
3417	48
3418	51
3419	53
3420	46
3421	55
3422	44
3423	42
3424	44
3425	67
3426	54
3427	53
3428	40
3429	42
3430	38
3431	40
3432	46
3433	56
3434	47
3435	50
3436	38
3437	36
3438	53
3439	44
3440	54
3441	35
3442	51
3443	41
3444	42
3445	52
3446	47
3447	38
3448	45
3449	44
3450	55
3451	50
3452	53
3453	45
3454	27
3455	47
3456	36
3457	36
3458	48
3459	50
3460	35
3461	52
3462	60
3463	48
3464	45
3465	47
3466	50
3467	58
3468	50
3469	60
3470	44
3471	42
3472	48
3473	61
3474	58
3475	49
3476	49
3477	45
3478	42
3479	50
3480	57
3481	44
3482	54
3483	44
3484	53
3485	53
3486	53
3487	40
3488	47
3489	49
3490	46
3491	46
3492	61
3493	59
3494	44
3495	59
3496	45
3497	51
3498	50
3499	63
3500	50
3501	57
3502	45
3503	45
3504	59
3505	58
3506	54
3507	46
3508	52
3509	46
3510	48
3511	57
3512	63
3513	44
3514	45
3515	49
3516	46
3517	47
3518	57
3519	39
3520	41
3521	52
3522	44
3523	61
3524	47
3525	50
3526	59
3527	49
3528	49
3529	46
3530	37
3531	55
3532	51
3533	60
3534	68
3535	60
3536	65
3537	64
3538	53
3539	61
3540	60
3541	53
3542	60
3543	45
3544	46
3545	63
3546	62
3547	55
3548	56
3549	63
3550	61
3551	57
3552	48
3553	50
3554	67
3555	54
3556	68
3557	65
3558	66
3559	55
3560	65
3561	59
3562	59
3563	67
3564	59
3565	55
3566	58
3567	59
3568	55
3569	71
3570	68
3571	63
3572	56
3573	70
3574	61
3575	61
3576	55
3577	60
3578	70
3579	78
3580	65
3581	61
3582	69
3583	62
3584	70
3585	67
3586	60
3587	71
3588	79
3589	67
3590	74
3591	66
3592	74
3593	66
3594	49
3595	73
3596	74
3597	65
3598	67
3599	62
3600	54
3601	77
3602	80
3603	79
3604	57
3605	63
3606	82
3607	66
3608	68
3609	71
3610	67
3611	84
3612	78
3613	74
3614	82
3615	59
3616	80
3617	71
3618	62
3619	75
3620	57
3621	74
3622	76
3623	77
3624	82
3625	74
3626	76
3627	77
3628	86
3629	80
3630	81
3631	88
3632	81
3633	73
3634	79
3635	77
3636	71
3637	87
3638	72
3639	79
3640	74
3641	80
3642	69
3643	87
3644	78
3645	89
3646	78
3647	88
3648	87
3649	71
3650	71
3651	84
3652	90
3653	77
3654	88
3655	84
3656	89
3657	83
3658	96
3659	86
3660	85
3661	95
3662	61
3663	77
3664	104
3665	79
3666	99
3667	85
3668	80
3669	94
3670	85
3671	100
3672	76
3673	80
3674	103
3675	83
3676	78
3677	110
3678	102
3679	102
3680	93
3681	92
3682	106
3683	76
3684	85
3685	78
3686	102
3687	103
3688	104
3689	98
3690	95
3691	101
3692	96
3693	102
3694	88
3695	115
3696	91
3697	98
3698	73
3699	92
3700	91
3701	100
3702	93
3703	79
3704	108
3705	96
3706	107
3707	106
3708	95
3709	95
3710	92
3711	111
3712	98
3713	99
3714	84
3715	103
3716	98
3717	112
3718	94
3719	102
3720	91
3721	96
3722	94
3723	104
3724	122
3725	114
3726	95
3727	97
3728	106
3729	104
3730	99
3731	119
3732	120
3733	134
3734	106
3735	94
3736	113
3737	103
3738	108
3739	105
3740	113
3741	114
3742	102
3743	107
3744	102
3745	121
3746	107
3747	98
3748	94
3749	102
3750	97
3751	110
3752	104
3753	101
3754	110
3755	117
3756	107
3757	106
3758	115
3759	107
3760	123
3761	117
3762	103
3763	134
3764	110
3765	109
3766	106
3767	125
3768	110
3769	97
3770	122
3771	128
3772	123
3773	123
3774	104
3775	120
3776	101
3777	110
3778	115
3779	120
3780	113
3781	116
3782	104
3783	118
3784	99
3785	134
3786	92
3787	105
3788	105
3789	110
3790	135
3791	137
3792	107
3793	115
3794	108
3795	117
3796	105
3797	138
3798	113
3799	111
3800	108
3801	122
3802	110
3803	110
3804	107
3805	108
3806	116
3807	114
3808	117
3809	122
3810	108
3811	121
3812	121
3813	118
3814	121
3815	110
3816	133
3817	127
3818	135
3819	129
3820	98
3821	131
3822	100
3823	128
3824	125
3825	101
3826	113
3827	124
3828	114
3829	112
3830	99
3831	130
3832	128
3833	117
3834	143
3835	126
3836	124
3837	131
3838	114
3839	118
3840	114
3841	120
3842	134
3843	110
3844	119
3845	123
3846	101
3847	122
3848	130
3849	127
3850	113
3851	131
3852	108
3853	116
3854	112
3855	143
3856	125
3857	129
3858	123
3859	115
3860	117
3861	111
3862	127
3863	141
3864	140
3865	113
3866	102
3867	96
3868	127
3869	136
3870	138
3871	138
3872	124
3873	131
3874	147
3875	103
3876	126
3877	109
3878	137
3879	136
3880	126
3881	139
3882	144
3883	133
3884	139
3885	137
3886	122
3887	114
3888	134
3889	122
3890	131
3891	130
3892	131
3893	111
3894	118
3895	138
3896	123
3897	144
3898	132
3899	130
3900	135
3901	126
3902	140
3903	147
3904	126
3905	122
3906	133
3907	146
3908	121
3909	145
3910	152
3911	131
3912	135
3913	142
3914	137
3915	150
3916	119
3917	141
3918	138
3919	178
3920	145
3921	149
3922	155
3923	142
3924	118
3925	149
3926	133
3927	152
3928	138
3929	149
3930	134
3931	132
3932	137
3933	133
3934	136
3935	135
3936	137
3937	150
3938	179
3939	149
3940	142
3941	149
3942	159
3943	144
3944	139
3945	150
3946	152
3947	136
3948	164
3949	149
3950	144
3951	156
3952	165
3953	146
3954	169
3955	140
3956	146
3957	159
3958	117
3959	131
3960	193
3961	174
3962	137
3963	153
3964	167
3965	131
3966	151
3967	138
3968	143
3969	141
3970	148
3971	146
3972	155
3973	135
3974	158
3975	152
3976	163
3977	148
3978	166
3979	141
3980	147
3981	191
3982	151
3983	148
3984	160
3985	164
3986	150
3987	138
3988	157
3989	157
3990	167
3991	146
3992	156
3993	158
3994	190
3995	178
3996	155
3997	152
3998	176
3999	153
4000	184
4001	169
4002	160
4003	166
4004	171
4005	186
4006	173
4007	179
4008	154
4009	177
4010	186
4011	182
4012	182
4013	177
4014	154
4015	162
4016	187
4017	195
4018	167
4019	180
4020	185
4021	159
4022	191
4023	170
4024	171
4025	167
4026	177
4027	172
4028	185
4029	176
4030	196
4031	154
4032	193
4033	175
4034	170
4035	184
4036	180
4037	174
4038	164
4039	174
4040	188
4041	187
4042	197
4043	169
4044	188
4045	183
4046	201
4047	169
4048	174
4049	160
4050	189
4051	183
4052	191
4053	175
4054	175
4055	183
4056	201
4057	153
4058	181
4059	204
4060	179
4061	197
4062	202
4063	192
4064	201
4065	192
4066	186
4067	179
4068	196
4069	196
4070	197
4071	194
4072	182
4073	223
4074	197
4075	199
4076	181
4077	190
4078	188
4079	182
4080	203
4081	178
4082	237
4083	208
4084	190
4085	204
4086	210
4087	205
4088	215
4089	189
4090	185
4091	172
4092	201
4093	214
4094	171
4095	205
4096	201
4097	159
4098	207
4099	210
4100	213
4101	205
4102	205
4103	217
4104	195
4105	197
4106	196
4107	191
4108	193
4109	205
4110	181
4111	203
4112	177
4113	187
4114	217
4115	222
4116	196
4117	191
4118	197
4119	201
4120	201
4121	192
4122	184
4123	198
4124	190
4125	205
4126	212
4127	187
4128	206
4129	188
4130	217
4131	199
4132	188
4133	184
4134	199
4135	203
4136	206
4137	211
4138	212
4139	205
4140	211
4141	194
4142	208
4143	197
4144	194
4145	196
4146	184
4147	187
4148	168
4149	214
4150	184
4151	185
4152	214
4153	198
4154	192
4155	217
4156	209
4157	203
4158	220
4159	191
4160	204
4161	207
4162	213
4163	202
4164	175
4165	189
4166	188
4167	217
4168	192
4169	211
4170	208
4171	224
4172	192
4173	238
4174	198
4175	203
4176	198
4177	206
4178	195
4179	212
4180	192
4181	198
4182	195
4183	211
4184	195
4185	194
4186	190
4187	199
4188	199
4189	207
4190	207
4191	213
4192	192
4193	199
4194	197
4195	196
4196	202
4197	191
4198	200
4199	194
4200	221
4201	196
4202	197
4203	186
4204	175
4205	191
4206	208
4207	172
4208	171
4209	203
4210	202
4211	184
4212	189
4213	186
4214	169
4215	199
4216	157
4217	173
4218	189
4219	174
4220	181
4221	167
4222	188
4223	153
4224	182
4225	204
4226	179
4227	165
4228	178
4229	187
4230	175
4231	191
4232	180
4233	166
4234	179
4235	176
4236	166
4237	169
4238	162
4239	183
4240	169
4241	187
4242	189
4243	156
4244	191
4245	154
4246	166
4247	166
4248	193
4249	183
4250	163
4251	175
4252	183
4253	160
4254	131
4255	144
4256	144
4257	170
4258	153
4259	172
4260	149
4261	148
4262	158
4263	169
4264	175
4265	149
4266	142
4267	160
4268	153
4269	155
4270	148
4271	150
4272	168
4273	159
4274	164
4275	181
4276	164
4277	156
4278	160
4279	158
4280	151
4281	155
4282	135
4283	133
4284	127
4285	159
4286	145
4287	148
4288	154
4289	148
4290	141
4291	152
4292	141
4293	174
4294	141
4295	155
4296	146
4297	123
4298	118
4299	130
4300	150
4301	140
4302	143
4303	141
4304	130
4305	139
4306	141
4307	132
4308	139
4309	130
4310	133
4311	135
4312	116
4313	126
4314	152
4315	135
4316	145
4317	130
4318	121
4319	150
4320	129
4321	135
4322	126
4323	148
4324	122
4325	145
4326	127
4327	117
4328	120
4329	129
4330	125
4331	119
4332	110
4333	112
4334	119
4335	129
4336	134
4337	109
4338	114
4339	116
4340	111
4341	118
4342	102
4343	95
4344	114
4345	113
4346	127
4347	104
4348	114
4349	109
4350	132
4351	117
4352	107
4353	126
4354	104
4355	116
4356	112
4357	103
4358	122
4359	83
4360	130
4361	95
4362	104
4363	117
4364	114
4365	127
4366	120
4367	106
4368	121
4369	102
4370	106
4371	113
4372	110
4373	105
4374	96
4375	107
4376	106
4377	110
4378	127
4379	110
4380	121
4381	120
4382	114
4383	105
4384	100
4385	111
4386	108
4387	124
4388	120
4389	99
4390	108
4391	109
4392	126
4393	103
4394	111
4395	105
4396	118
4397	104
4398	88
4399	100
4400	102
4401	118
4402	109
4403	119
4404	112
4405	101
4406	109
4407	90
4408	93
4409	106
4410	114
4411	100
4412	126
4413	86
4414	99
4415	86
4416	110
4417	93
4418	95
4419	96
4420	90
4421	96
4422	119
4423	116
4424	111
4425	91
4426	113
4427	99
4428	102
4429	112
4430	96
4431	109
4432	94
4433	107
4434	105
4435	113
4436	98
4437	100
4438	89
4439	119
4440	96
4441	92
4442	104
4443	103
4444	93
4445	111
4446	116
4447	114
4448	106
4449	115
4450	116
4451	105
4452	121
4453	101
4454	121
4455	111
4456	115
4457	126
4458	111
4459	104
4460	117
4461	109
4462	118
4463	95
4464	129
4465	129
4466	112
4467	119
4468	110
4469	108
4470	128
4471	114
4472	110
4473	91
4474	124
4475	121
4476	100
4477	131
4478	114
4479	135
4480	116
4481	111
4482	140
4483	108
4484	113
4485	99
4486	127
4487	115
4488	120
4489	127
4490	129
4491	133
4492	130
4493	120
4494	129
4495	145
4496	144
4497	145
4498	119
4499	153
4500	114
4501	142
4502	123
4503	117
4504	143
4505	153
4506	150
4507	148
4508	136
4509	137
4510	131
4511	148
4512	145
4513	126
4514	161
4515	123
4516	157
4517	157
4518	154
4519	173
4520	145
4521	151
4522	163
4523	146
4524	166
4525	150
4526	167
4527	180
4528	141
4529	163
4530	167
4531	157
4532	157
4533	154
4534	153
4535	143
4536	167
4537	161
4538	165
4539	158
4540	165
4541	145
4542	189
4543	187
4544	184
4545	181
4546	163
4547	195
4548	152
4549	159
4550	177
4551	176
4552	190
4553	163
4554	170
4555	207
4556	180
4557	197
4558	199
4559	185
4560	167
4561	163
4562	186
4563	195
4564	181
4565	203
4566	204
4567	203
4568	199
4569	204
4570	195
4571	222
4572	224
4573	212
4574	186
4575	201
4576	231
4577	212
4578	216
4579	198
4580	222
4581	189
4582	226
4583	231
4584	240
4585	223
4586	218
4587	241
4588	226
4589	227
4590	209
4591	213
4592	239
4593	261
4594	238
4595	254
4596	231
4597	231
4598	239
4599	220
4600	239
4601	252
4602	246
4603	244
4604	257
4605	236
4606	257
4607	249
4608	242
4609	250
4610	233
4611	248
4612	249
4613	239
4614	270
4615	274
4616	264
4617	259
4618	241
4619	273
4620	297
4621	225
4622	267
4623	271
4624	254
4625	288
4626	291
4627	279
4628	260
4629	261
4630	297
4631	278
4632	308
4633	305
4634	298
4635	297
4636	256
4637	290
4638	281
4639	308
4640	287
4641	288
4642	316
4643	308
4644	319
4645	293
4646	307
4647	319
4648	330
4649	296
4650	336
4651	332
4652	323
4653	341
4654	318
4655	314
4656	343
4657	309
4658	328
4659	337
4660	350
4661	309
4662	329
4663	312
4664	363
4665	342
4666	362
4667	348
4668	345
4669	358
4670	351
4671	366
4672	356
4673	382
4674	327
4675	376
4676	362
4677	355
4678	368
4679	369
4680	367
4681	361
4682	385
4683	375
4684	336
4685	367
4686	352
4687	358
4688	359
4689	367
4690	389
4691	371
4692	390
4693	366
4694	338
4695	374
4696	405
4697	375
4698	372
4699	385
4700	379
4701	388
4702	386
4703	397
4704	389
4705	396
4706	410
4707	378
4708	394
4709	416
4710	413
4711	420
4712	425
4713	393
4714	391
4715	403
4716	374
4717	385
4718	379
4719	415
4720	407
4721	410
4722	408
4723	437
4724	389
4725	411
4726	418
4727	432
4728	401
4729	416
4730	428
4731	435
4732	415
4733	445
4734	426
4735	451
4736	440
4737	436
4738	436
4739	436
4740	414
4741	437
4742	392
4743	451
4744	446
4745	453
4746	451
4747	427
4748	469
4749	450
4750	466
4751	456
4752	432
4753	472
4754	475
4755	465
4756	431
4757	461
4758	453
4759	490
4760	442
4761	428
4762	435
4763	477
4764	451
4765	449
4766	537
4767	480
4768	480
4769	488
4770	455
4771	508
4772	492
4773	473
4774	464
4775	482
4776	479
4777	481
4778	452
4779	494
4780	479
4781	501
4782	478
4783	493
4784	494
4785	492
4786	475
4787	490
4788	460
4789	472
4790	529
4791	527
4792	440
4793	472
4794	504
4795	481
4796	518
4797	494
4798	487
4799	476
4800	499
4801	519
4802	507
4803	498
4804	497
4805	477
4806	431
4807	463
4808	476
4809	487
4810	473
4811	513
4812	508
4813	495
4814	441
4815	531
4816	490
4817	516
4818	515
4819	470
4820	517
4821	510
4822	496
4823	496
4824	540
4825	512
4826	500
4827	499
4828	494
4829	476
4830	508
4831	495
4832	453
4833	483
4834	503
4835	512
4836	473
4837	486
4838	496
4839	466
4840	495
4841	503
4842	505
4843	505
4844	449
4845	490
4846	483
4847	433
4848	466
4849	468
4850	493
4851	515
4852	485
4853	503
4854	498
4855	486
4856	530
4857	534
4858	519
4859	502
4860	498
4861	505
4862	483
4863	514
4864	483
4865	515
4866	470
4867	508
4868	479
4869	520
4870	547
4871	451
4872	493
4873	500
4874	493
4875	480
4876	504
4877	528
4878	503
4879	497
4880	478
4881	486
4882	517
4883	441
4884	471
4885	490
4886	502
4887	467
4888	455
4889	464
4890	468
4891	482
4892	472
4893	479
4894	478
4895	507
4896	453
4897	457
4898	473
4899	435
4900	486
4901	455
4902	459
4903	458
4904	480
4905	471
4906	466
4907	463
4908	438
4909	441
4910	482
4911	484
4912	463
4913	453
4914	492
4915	456
4916	453
4917	457
4918	452
4919	462
4920	468
4921	441
4922	452
4923	456
4924	398
4925	423
4926	486
4927	414
4928	454
4929	448
4930	436
4931	456
4932	457
4933	471
4934	427
4935	441
4936	464
4937	409
4938	433
4939	423
4940	426
4941	382
4942	465
4943	442
4944	385
4945	445
4946	424
4947	414
4948	419
4949	424
4950	452
4951	386
4952	433
4953	413
4954	417
4955	424
4956	423
4957	416
4958	391
4959	426
4960	413
4961	399
4962	358
4963	428
4964	399
4965	405
4966	384
4967	427
4968	381
4969	385
4970	389
4971	418
4972	373
4973	385
4974	379
4975	391
4976	385
4977	388
4978	381
4979	387
4980	405
4981	376
4982	360
4983	393
4984	361
4985	378
4986	353
4987	371
4988	392
4989	401
4990	338
4991	377
4992	340
4993	371
4994	387
4995	354
4996	341
4997	366
4998	363
4999	336
5000	365
5001	378
5002	347
5003	352
5004	362
5005	366
5006	367
5007	373
5008	386
5009	352
5010	346
5011	368
5012	378
5013	325
5014	334
5015	346
5016	329
5017	372
5018	333
5019	306
5020	323
5021	335
5022	360
5023	356
5024	339
5025	320
5026	333
5027	308
5028	346
5029	334
5030	308
5031	320
5032	296
5033	324
5034	325
5035	328
5036	309
5037	276
5038	307
5039	283
5040	315
5041	311
5042	276
5043	303
5044	327
5045	314
5046	329
5047	292
5048	283
5049	284
5050	278
5051	268
5052	317
5053	327
5054	281
5055	275
5056	285
5057	281
5058	299
5059	327
5060	280
5061	276
5062	284
5063	268
5064	273
5065	312
5066	277
5067	311
5068	288
5069	273
5070	254
5071	289
5072	304
5073	293
5074	286
5075	280
5076	234
5077	312
5078	251
5079	257
5080	259
5081	282
5082	257
5083	273
5084	250
5085	257
5086	274
5087	240
5088	248
5089	252
5090	266
5091	251
5092	276
5093	274
5094	242
5095	236
5096	264
5097	274
5098	247
5099	246
5100	260
5101	270
5102	256
5103	243
5104	240
5105	268
5106	233
5107	228
5108	232
5109	224
5110	250
5111	235
5112	238
5113	253
5114	243
5115	226
5116	211
5117	240
5118	238
5119	227
5120	231
5121	227
5122	194
5123	223
5124	247
5125	207
5126	246
5127	233
5128	217
5129	236
5130	252
5131	222
5132	222
5133	243
5134	230
5135	216
5136	223
5137	209
5138	214
5139	220
5140	223
5141	218
5142	217
5143	197
5144	225
5145	207
5146	207
5147	209
5148	209
5149	224
5150	233
5151	210
5152	217
5153	187
5154	194
5155	212
5156	217
5157	235
5158	207
5159	203
5160	208
5161	218
5162	187
5163	207
5164	210
5165	211
5166	212
5167	215
5168	219
5169	229
5170	201
5171	210
5172	203
5173	196
5174	188
5175	176
5176	182
5177	188
5178	186
5179	205
5180	181
5181	190
5182	196
5183	222
5184	202
5185	197
5186	206
5187	201
5188	224
5189	202
5190	203
5191	171
5192	187
5193	183
5194	188
5195	178
5196	186
5197	190
5198	171
5199	173
5200	186
5201	224
5202	198
5203	202
5204	193
5205	193
5206	193
5207	165
5208	204
5209	204
5210	168
5211	207
5212	177
5213	204
5214	165
5215	160
5216	174
5217	178
5218	194
5219	186
5220	183
5221	185
5222	175
5223	163
5224	191
5225	186
5226	182
5227	184
5228	183
5229	175
5230	180
5231	177
5232	184
5233	179
5234	186
5235	185
5236	184
5237	197
5238	176
5239	192
5240	169
5241	191
5242	188
5243	187
5244	172
5245	194
5246	194
5247	179
5248	183
5249	178
5250	185
5251	179
5252	166
5253	190
5254	166
5255	172
5256	195
5257	152
5258	160
5259	188
5260	172
5261	177
5262	200
5263	179
5264	181
5265	173
5266	152
5267	171
5268	162
5269	187
5270	167
5271	182
5272	172
5273	159
5274	162
5275	165
5276	151
5277	165
5278	170
5279	177
5280	176
5281	164
5282	171
5283	161
5284	159
5285	165
5286	147
5287	171
5288	154
5289	153
5290	190
5291	148
5292	164
5293	170
5294	159
5295	152
5296	178
5297	146
5298	171
5299	162
5300	183
5301	160
5302	148
5303	180
5304	156
5305	163
5306	160
5307	144
5308	159
5309	150
5310	131
5311	158
5312	156
5313	161
5314	165
5315	158
5316	185
5317	177
5318	135
5319	161
5320	156
5321	147
5322	156
5323	143
5324	188
5325	171
5326	162
5327	165
5328	152
5329	168
5330	138
5331	148
5332	143
5333	175
5334	163
5335	146
5336	135
5337	142
5338	146
5339	156
5340	167
5341	138
5342	165
5343	132
5344	160
5345	141
5346	151
5347	140
5348	168
5349	145
5350	135
5351	153
5352	143
5353	159
5354	145
5355	149
5356	145
5357	126
5358	158
5359	132
5360	140
5361	142
5362	136
5363	154
5364	154
5365	139
5366	125
5367	152
5368	142
5369	139
5370	137
5371	126
5372	140
5373	125
5374	144
5375	168
5376	136
5377	120
5378	130
5379	143
5380	141
5381	153
5382	142
5383	134
5384	150
5385	136
5386	139
5387	122
5388	147
5389	135
5390	134
5391	146
5392	128
5393	130
5394	135
5395	139
5396	133
5397	117
5398	120
5399	152
5400	141
5401	149
5402	128
5403	136
5404	148
5405	147
5406	108
5407	136
5408	119
5409	144
5410	123
5411	125
5412	113
5413	128
5414	146
5415	139
5416	125
5417	108
5418	106
5419	113
5420	116
5421	115
5422	129
5423	123
5424	137
5425	115
5426	113
5427	104
5428	103
5429	132
5430	124
5431	121
5432	113
5433	104
5434	135
5435	116
5436	110
5437	88
5438	105
5439	114
5440	99
5441	126
5442	104
5443	102
5444	99
5445	113
5446	96
5447	112
5448	100
5449	99
5450	95
5451	99
5452	97
5453	110
5454	102
5455	109
5456	96
5457	112
5458	114
5459	107
5460	117
5461	99
5462	110
5463	112
5464	96
5465	96
5466	102
5467	85
5468	109
5469	106
5470	94
5471	95
5472	97
5473	94
5474	108
5475	92
5476	95
5477	91
5478	123
5479	88
5480	93
5481	99
5482	106
5483	92
5484	99
5485	85
5486	95
5487	100
5488	83
5489	100
5490	97
5491	86
5492	91
5493	112
5494	77
5495	79
5496	112
5497	88
5498	87
5499	84
5500	110
5501	107
5502	85
5503	93
5504	79
5505	83
5506	77
5507	94
5508	81
5509	72
5510	77
5511	73
5512	101
5513	76
5514	74
5515	82
5516	87
5517	84
5518	80
5519	87
5520	75
5521	80
5522	81
5523	77
5524	87
5525	94
5526	79
5527	78
5528	70
5529	73
5530	60
5531	58
5532	68
5533	63
5534	62
5535	75
5536	84
5537	76
5538	63
5539	80
5540	81
5541	69
5542	67
5543	71
5544	67
5545	73
5546	71
5547	64
5548	70
5549	68
5550	59
5551	61
5552	63
5553	56
5554	60
5555	57
5556	62
5557	56
5558	64
5559	66
5560	62
5561	56
5562	70
5563	66
5564	70
5565	62
5566	86
5567	57
5568	58
5569	67
5570	67
5571	58
5572	69
5573	53
5574	67
5575	71
5576	51
5577	52
5578	64
5579	56
5580	68
5581	60
5582	54
5583	75
5584	59
5585	55
5586	69
5587	66
5588	53
5589	47
5590	66
5591	68
5592	64
5593	63
5594	53
5595	52
5596	43
5597	60
5598	61
5599	48
5600	58
5601	56
5602	56
5603	57
5604	61
5605	68
5606	60
5607	55
5608	51
5609	74
5610	51
5611	56
5612	55
5613	61
5614	50
5615	54
5616	51
5617	56
5618	46
5619	67
5620	48
5621	51
5622	66
5623	57
5624	49
5625	53
5626	58
5627	43
5628	55
5629	51
5630	48
5631	62
5632	58
5633	41
5634	45
5635	45
5636	46
5637	40
5638	49
5639	48
5640	56
5641	58
5642	41
5643	45
5644	47
5645	48
5646	46
5647	48
5648	50
5649	60
5650	48
5651	46
5652	43
5653	38
5654	39
5655	54
5656	50
5657	41
5658	49
5659	40
5660	40
5661	47
5662	29
5663	46
5664	43
5665	50
5666	55
5667	44
5668	47
5669	34
5670	37
5671	51
5672	44
5673	49
5674	42
5675	46
5676	48
5677	44
5678	36
5679	40
5680	34
5681	50
5682	40
5683	59
5684	43
5685	54
5686	50
5687	35
5688	50
5689	39
5690	45
5691	39
5692	40
5693	46
5694	46
5695	43
5696	46
5697	48
5698	44
5699	51
5700	39
5701	55
5702	38
5703	61
5704	43
5705	45
5706	43
5707	39
5708	48
5709	34
5710	44
5711	50
5712	48
5713	51
5714	48
5715	33
5716	34
5717	36
5718	40
5719	38
5720	41
5721	46
5722	38
5723	37
5724	49
5725	49
5726	48
5727	50
5728	33
5729	47
5730	43
5731	46
5732	43
5733	47
5734	46
5735	43
5736	47
5737	46
5738	44
5739	44
5740	29
5741	57
5742	36
5743	50
5744	42
5745	47
5746	55
5747	40
5748	43
5749	39
5750	41
5751	36
5752	44
5753	42
5754	42
5755	47
5756	51
5757	43
5758	42
5759	38
5760	52
5761	41
5762	39
5763	58
5764	47
5765	46
5766	37
5767	41
5768	46
5769	58
5770	44
5771	50
5772	43
5773	43
5774	46
5775	48
5776	38
5777	46
5778	53
5779	38
5780	40
5781	44
5782	47
5783	34
5784	59
5785	38
5786	60
5787	46
5788	33
5789	52
5790	53
5791	42
5792	34
5793	38
5794	44
5795	42
5796	39
5797	49
5798	44
5799	42
5800	53
5801	57
5802	42
5803	34
5804	44
5805	51
5806	53
5807	50
5808	46
5809	42
5810	37
5811	32
5812	42
5813	47
5814	52
5815	41
5816	37
5817	48
5818	41
5819	54
5820	39
5821	43
5822	46
5823	49
5824	60
5825	59
5826	36
5827	47
5828	48
5829	39
5830	37
5831	33
5832	45
5833	39
5834	32
5835	50
5836	43
5837	61
5838	39
5839	48
5840	54
5841	32
5842	45
5843	59
5844	43
5845	50
5846	46
5847	49
5848	42
5849	59
5850	48
5851	53
5852	44
5853	62
5854	48
5855	52
5856	48
5857	48
5858	45
5859	48
5860	48
5861	45
5862	44
5863	51
5864	53
5865	41
5866	47
5867	49
5868	48
5869	42
5870	49
5871	50
5872	55
5873	39
5874	47
5875	61
5876	54
5877	37
5878	42
5879	59
5880	48
5881	58
5882	53
5883	52
5884	57
5885	39
5886	48
5887	41
5888	36
5889	51
5890	55
5891	62
5892	62
5893	54
5894	66
5895	37
5896	55
5897	65
5898	45
5899	52
5900	61
5901	49
5902	50
5903	48
5904	52
5905	42
5906	43
5907	56
5908	61
5909	69
5910	60
5911	50
5912	42
5913	61
5914	57
5915	42
5916	54
5917	57
5918	52
5919	52
5920	61
5921	59
5922	68
5923	60
5924	38
5925	48
5926	52
5927	57
5928	54
5929	53
5930	47
5931	45
5932	61
5933	58
5934	53
5935	65
5936	63
5937	55
5938	58
5939	58
5940	64
5941	52
5942	48
5943	50
5944	47
5945	59
5946	57
5947	56
5948	47
5949	41
5950	51
5951	60
5952	65
5953	66
5954	67
5955	73
5956	52
5957	49
5958	57
5959	47
5960	30
5961	51
5962	51
5963	72
5964	72
5965	63
5966	63
5967	52
5968	59
5969	59
5970	59
5971	46
5972	74
5973	61
5974	51
5975	49
5976	64
5977	66
5978	60
5979	55
5980	58
5981	59
5982	42
5983	62
5984	47
5985	59
5986	62
5987	48
5988	38
5989	60
5990	54
5991	54
5992	49
5993	49
5994	76
5995	59
5996	62
5997	53
5998	65
5999	56
6000	47
6001	59
6002	63
6003	62
6004	45
6005	54
6006	53
6007	70
6008	68
6009	60
6010	53
6011	43
6012	62
6013	61
6014	64
6015	61
6016	60
6017	59
6018	55
6019	46
6020	52
6021	74
6022	68
6023	64
6024	49
6025	58
6026	58
6027	56
6028	61
6029	55
6030	68
6031	49
6032	71
6033	62
6034	48
6035	51
6036	75
6037	60
6038	44
6039	66
6040	56
6041	48
6042	70
6043	53
6044	56
6045	53
6046	66
6047	68
6048	56
6049	47
6050	54
6051	53
6052	48
6053	58
6054	69
6055	71
6056	51
6057	43
6058	63
6059	52
6060	39
6061	37
6062	49
6063	50
6064	64
6065	61
6066	62
6067	56
6068	40
6069	59
6070	53
6071	61
6072	47
6073	41
6074	48
6075	35
6076	62
6077	65
6078	61
6079	58
6080	54
6081	42
6082	66
6083	60
6084	47
6085	62
6086	40
6087	48
6088	42
6089	48
6090	52
6091	45
6092	52
6093	57
6094	54
6095	56
6096	50
6097	45
6098	55
6099	50
6100	50
6101	56
6102	58
6103	61
6104	58
6105	57
6106	60
6107	49
6108	36
6109	41
6110	67
6111	41
6112	51
6113	52
6114	47
6115	50
6116	45
6117	63
6118	52
6119	47
6120	49
6121	48
6122	53
6123	48
6124	50
6125	49
6126	40
6127	49
6128	49
6129	57
6130	52
6131	46
6132	46
6133	51
6134	50
6135	39
6136	56
6137	45
6138	51
6139	61
6140	47
6141	49
6142	42
6143	52
6144	49
6145	49
6146	56
6147	48
6148	49
6149	45
6150	51
6151	46
6152	39
6153	55
6154	46
6155	58
6156	46
6157	40
6158	45
6159	43
6160	47
6161	41
6162	51
6163	52
6164	46
6165	55
6166	45
6167	42
6168	41
6169	49
6170	39
6171	49
6172	40
6173	45
6174	51
6175	40
6176	40
6177	50
6178	38
6179	47
6180	39
6181	41
6182	45
6183	36
6184	40
6185	37
6186	47
6187	41
6188	46
6189	43
6190	46
6191	41
6192	39
6193	51
6194	44
6195	48
6196	38
6197	35
6198	38
6199	35
6200	54
6201	36
6202	50
6203	42
6204	32
6205	42
6206	33
6207	40
6208	30
6209	40
6210	28
6211	37
6212	41
6213	39
6214	34
6215	33
6216	32
6217	40
6218	47
6219	37
6220	27
6221	32
6222	37
6223	38
6224	37
6225	38
6226	36
6227	50
6228	32
6229	34
6230	39
6231	35
6232	36
6233	39
6234	38
6235	35
6236	29
6237	39
6238	36
6239	31
6240	32
6241	32
6242	27
6243	32
6244	30
6245	34
6246	29
6247	35
6248	35
6249	33
6250	34
6251	32
6252	26
6253	28
6254	26
6255	35
6256	27
6257	28
6258	33
6259	29
6260	37
6261	29
6262	27
6263	28
6264	24
6265	33
6266	33
6267	21
6268	19
6269	36
6270	26
6271	34
6272	28
6273	36
6274	29
6275	24
6276	25
6277	29
6278	21
6279	23
6280	29
6281	30
6282	31
6283	26
6284	21
6285	33
6286	24
6287	28
6288	24
6289	28
6290	30
6291	20
6292	34
6293	25
6294	18
6295	27
6296	26
6297	18
6298	24
6299	20
6300	21
6301	21
6302	21
6303	23
6304	24
6305	30
6306	24
6307	27
6308	31
6309	27
6310	18
6311	22
6312	23
6313	23
6314	21
6315	25
6316	20
6317	22
6318	25
6319	20
6320	22
6321	27
6322	33
6323	21
6324	25
6325	20
6326	22
6327	22
6328	21
6329	21
6330	20
6331	12
6332	12
6333	22
6334	13
6335	8
6336	13
6337	16
6338	14
6339	20
6340	23
6341	15
6342	21
6343	17
6344	20
6345	13
6346	23
6347	17
6348	22
6349	24
6350	22
6351	18
6352	24
6353	18
6354	23
6355	19
6356	23
6357	15
6358	18
6359	17
6360	17
6361	17
6362	15
6363	23
6364	17
6365	21
6366	15
6367	23
6368	10
6369	21
6370	14
6371	14
6372	13
6373	20
6374	11
6375	23
6376	12
6377	14
6378	21
6379	16
6380	22
6381	16
6382	17
6383	17
6384	12
6385	14
6386	18
6387	15
6388	17
6389	15
6390	24
6391	12
6392	19
6393	18
6394	19
6395	16
6396	15
6397	18
6398	16
6399	10
6400	11
6401	17
6402	12
6403	16
6404	20
6405	14
6406	13
6407	7
6408	10
6409	10
6410	11
6411	13
6412	14
6413	13
6414	13
6415	14
6416	19
6417	13
6418	6
6419	15
6420	12
6421	8
6422	17
6423	8
6424	8
6425	14
6426	14
6427	12
6428	11
6429	11
6430	13
6431	9
6432	9
6433	9
6434	15
6435	7
6436	9
6437	18
6438	12
6439	15
6440	12
6441	13
6442	12
6443	6
6444	10
6445	12
6446	13
6447	16
6448	9
6449	16
6450	10
6451	12
6452	14
6453	8
6454	4
6455	9
6456	9
6457	5
6458	6
6459	7
6460	11
6461	8
6462	10
6463	11
6464	7
6465	5
6466	10
6467	8
6468	14
6469	9
6470	15
6471	12
6472	14
6473	10
6474	12
6475	14
6476	14
6477	13
6478	12
6479	8
6480	8
6481	5
6482	13
6483	9
6484	7
6485	11
6486	5
6487	6
6488	10
6489	7
6490	9
6491	11
6492	11
6493	8
6494	5
6495	10
6496	7
6497	10
6498	10
6499	12
6500	12
6501	6
6502	8
6503	5
6504	5
6505	11
6506	9
6507	5
6508	6
6509	3
6510	6
6511	5
6512	11
6513	6
6514	11
6515	10
6516	9
6517	9
6518	12
6519	7
6520	13
6521	13
6522	4
6523	7
6524	12
6525	10
6526	2
6527	8
6528	6
6529	10
6530	8
6531	3
6532	13
6533	5
6534	10
6535	5
6536	12
6537	4
6538	9
6539	9
6540	4
6541	11
6542	9
6543	3
6544	16
6545	13
6546	11
6547	4
6548	8
6549	6
6550	7
6551	7
6552	11
6553	6
6554	15
6555	7
6556	8
6557	4
6558	10
6559	9
6560	6
6561	10
6562	4
6563	6
6564	9
6565	6
6566	8
6567	9
6568	11
6569	10
6570	6
6571	7
6572	11
6573	8
6574	8
6575	9
6576	8
6577	7
6578	4
6579	8
6580	10
6581	7
6582	5
6583	12
6584	8
6585	11
6586	9
6587	2
6588	9
6589	5
6590	7
6591	3
6592	9
6593	3
6594	9
6595	4
6596	8
6597	9
6598	6
6599	4
6600	9
6601	10
6602	5
6603	13
6604	7
6605	3
6606	6
6607	9
6608	3
6609	8
6610	7
6611	7
6612	7
6613	13
6614	6
6615	3
6616	6
6617	8
6618	9
6619	11
6620	7
6621	9
6622	5
6623	10
6624	7
6625	10
6626	5
6627	4
6628	6
6629	5
6630	4
6631	9
6632	5
6633	8
6634	7
6635	6
6636	4
6637	4
6638	11
6639	5
6640	7
6641	5
6642	7
6643	5
6644	2
6645	6
6646	5
6647	5
6648	9
6649	4
6650	9
6651	5
6652	10
6653	6
6654	13
6655	7
6656	5
6657	7
6658	5
6659	8
6660	4
6661	5
6662	3
6663	10
6664	9
6665	7
6666	7
6667	6
6668	5
6669	8
6670	7
6671	10
6672	3
6673	7
6674	7
6675	10
6676	4
6677	5
6678	4
6679	7
6680	8
6681	4
6682	8
6683	6
6684	5
6685	7
6686	3
6687	6
6688	8
6689	5
6690	11
6691	5
6692	8
6693	4
6694	7
6695	7
6696	7
6697	7
6698	3
6699	5
6700	7
6701	7
6702	4
6703	5
6704	7
6705	3
6706	2
6707	9
6708	7
6709	0
6710	4
6711	6
6712	4
6713	5
6714	2
6715	3
6716	3
6717	3
6718	6
6719	3
6720	6
6721	5
6722	5
6723	1
6724	5
6725	4
6726	10
6727	6
6728	2
6729	7
6730	6
6731	8
6732	3
6733	4
6734	7
6735	4
6736	6
6737	4
6738	6
6739	3
6740	6
6741	7
6742	3
6743	6
6744	2
6745	2
6746	4
6747	3
6748	5
6749	5
6750	5
6751	5
6752	3
6753	8
6754	4
6755	1
6756	8
6757	3
6758	4
6759	1
6760	6
6761	3
6762	4
6763	7
6764	7
6765	5
6766	4
6767	4
6768	3
6769	4
6770	2
6771	3
6772	7
6773	3
6774	1
6775	4
6776	5
6777	1
6778	3
6779	8
6780	2
6781	3
6782	2
6783	2
6784	4
6785	4
6786	2
6787	2
6788	4
6789	4
6790	8
6791	5
6792	3
6793	6
6794	6
6795	3
6796	3
6797	5
6798	3
6799	8
6800	2
6801	1
6802	3
6803	2
6804	5
6805	3
6806	5
6807	6
6808	3
6809	3
6810	6
6811	3
6812	6
6813	6
6814	2
6815	2
6816	1
6817	0
6818	5
6819	4
6820	5
6821	2
6822	2
6823	5
6824	0
6825	4
6826	3
6827	4
6828	4
6829	3
6830	4
6831	4
6832	0
6833	3
6834	5
6835	2
6836	1
6837	3
6838	3
6839	6
6840	5
6841	6
6842	3
6843	1
6844	3
6845	2
6846	0
6847	3
6848	2
6849	7
6850	2
6851	5
6852	4
6853	2
6854	3
6855	1
6856	5
6857	1
6858	4
6859	2
6860	6
6861	4
6862	6
6863	9
6864	2
6865	2
6866	4
6867	4
6868	4
6869	2
6870	2
6871	3
6872	3
6873	2
6874	1
6875	2
6876	5
6877	4
6878	1
6879	3
6880	2
6881	5
6882	0
6883	4
6884	1
6885	3
6886	1
6887	4
6888	3
6889	2
6890	4
6891	2
6892	4
6893	2
6894	2
6895	2
6896	5
6897	2
6898	1
6899	3
6900	3
6901	3
6902	2
6903	2
6904	2
6905	1
6906	4
6907	2
6908	4
6909	3
6910	1
6911	4
6912	2
6913	1
6914	2
6915	4
6916	1
6917	3
6918	5
6919	3
6920	1
6921	2
6922	0
6923	0
6924	0
6925	4
6926	3
6927	3
6928	4
6929	2
6930	2
6931	0
6932	2
6933	2
6934	4
6935	0
6936	2
6937	3
6938	3
6939	3
6940	2
6941	0
6942	4
6943	5
6944	2
6945	3
6946	2
6947	3
6948	3
6949	1
6950	2
6951	1
6952	5
6953	5
6954	6
6955	4
6956	1
6957	1
6958	0
6959	1
6960	1
6961	4
6962	4
6963	3
6964	3
6965	3
6966	2
6967	4
6968	4
6969	2
6970	4
6971	3
6972	1
6973	3
6974	0
6975	2
6976	2
6977	5
6978	1
6979	4
6980	0
6981	1
6982	1
6983	1
6984	5
6985	3
6986	4
6987	1
6988	3
6989	2
6990	2
6991	0
6992	5
6993	1
6994	2
6995	1
6996	1
6997	2
6998	0
6999	3
7000	4
7001	3
7002	2
7003	2
7004	2
7005	0
7006	3
7007	2
7008	1
7009	4
7010	4
7011	2
7012	0
7013	1
7014	3
7015	3
7016	3
7017	3
7018	5
7019	2
7020	2
7021	0
7022	1
7023	2
7024	3
7025	1
7026	2
7027	0
7028	4
7029	2
7030	1
7031	3
7032	3
7033	6
7034	5
7035	1
7036	1
7037	2
7038	3
7039	1
7040	2
7041	1
7042	4
7043	2
7044	2
7045	1
7046	4
7047	2
7048	3
7049	0
7050	1
7051	4
7052	5
7053	1
7054	2
7055	3
7056	2
7057	1
7058	4
7059	1
7060	0
7061	1
7062	5
7063	3
7064	4
7065	1
7066	3
7067	3
7068	3
7069	1
7070	2
7071	1
7072	2
7073	2
7074	1
7075	0
7076	5
7077	4
7078	2
7079	3
7080	3
7081	1
7082	4
7083	0
7084	1
7085	1
7086	1
7087	2
7088	3
7089	2
7090	3
7091	3
7092	2
7093	0
7094	2
7095	0
7096	1
7097	3
7098	3
7099	3
7100	1
7101	0
7102	2
7103	1
7104	2
7105	3
7106	1
7107	1
7108	1
7109	1
7110	2
7111	5
7112	0
7113	1
7114	1
7115	0
7116	2
7117	2
7118	2
7119	0
7120	2
7121	1
7122	2
7123	2
7124	1
7125	2
7126	2
7127	1
7128	0
7129	2
7130	3
7131	3
7132	2
7133	2
7134	1
7135	4
7136	2
7137	1
7138	4
7139	3
7140	4
7141	1
7142	3
7143	2
7144	4
7145	3
7146	3
7147	0
7148	3
7149	1
7150	0
7151	1
7152	2
7153	1
7154	2
7155	1
7156	1
7157	2
7158	5
7159	3
7160	1
7161	0
7162	1
7163	1
7164	3
7165	0
7166	4
7167	2
7168	3
7169	2
7170	1
7171	1
7172	3
7173	1
7174	0
7175	4
7176	3
7177	4
7178	1
7179	2
7180	2
7181	1
7182	1
7183	3
7184	3
7185	1
7186	0
7187	1
7188	1
7189	2
7190	5
7191	2
7192	3
7193	1
7194	1
7195	0
7196	5
7197	2
7198	0
7199	0
7200	4
7201	0
7202	2
7203	1
7204	3
7205	2
7206	1
7207	2
7208	1
7209	1
7210	4
7211	2
7212	0
7213	1
7214	2
7215	5
7216	2
7217	4
7218	1
7219	4
7220	2
7221	5
7222	2
7223	0
7224	1
7225	0
7226	2
7227	1
7228	3
7229	0
7230	1
7231	3
7232	1
7233	0
7234	1
7235	3
7236	2
7237	0
7238	3
7239	4
7240	0
7241	1
7242	2
7243	5
7244	3
7245	0
7246	0
7247	0
7248	3
7249	2
7250	4
7251	3
7252	0
7253	3
7254	1
7255	3
7256	1
7257	2
7258	2
7259	2
7260	1
7261	0
7262	1
7263	4
7264	2
7265	1
7266	2
7267	3
7268	1
7269	2
7270	0
7271	3
7272	0
7273	2
7274	3
7275	2
7276	2
7277	3
7278	3
7279	1
7280	3
7281	7
7282	2
7283	4
7284	3
7285	1
7286	3
7287	3
7288	2
7289	3
7290	5
7291	0
7292	0
7293	2
7294	1
7295	1
7296	1
7297	1
7298	0
7299	1
7300	1
7301	2
7302	1
7303	3
7304	1
7305	2
7306	1
7307	1
7308	2
7309	1
7310	0
7311	0
7312	3
7313	3
7314	3
7315	0
7316	0
7317	2
7318	1
7319	1
7320	1
7321	2
7322	2
7323	2
7324	0
7325	0
7326	2
7327	1
7328	1
7329	1
7330	2
7331	1
7332	1
7333	3
7334	0
7335	0
7336	0
7337	1
7338	1
7339	0
7340	1
7341	2
7342	1
7343	1
7344	1
7345	1
7346	1
7347	4
7348	2
7349	2
7350	2
7351	2
7352	0
7353	2
7354	3
7355	2
7356	3
7357	1
7358	2
7359	1
7360	2
7361	2
7362	2
7363	0
7364	3
7365	2
7366	1
7367	2
7368	1
7369	4
7370	3
7371	2
7372	2
7373	5
7374	4
7375	2
7376	0
7377	1
7378	2
7379	2
7380	0
7381	2
7382	2
7383	3
7384	0
7385	2
7386	1
7387	4
7388	3
7389	2
7390	0
7391	1
7392	3
7393	4
7394	2
7395	1
7396	3
7397	3
7398	1
7399	0
7400	2
7401	1
7402	2
7403	1
7404	1
7405	0
7406	0
7407	0
7408	0
7409	1
7410	2
7411	1
7412	1
7413	1
7414	0
7415	2
7416	3
7417	0
7418	0
7419	1
7420	3
7421	2
7422	1
7423	2
7424	1
7425	0
7426	2
7427	2
7428	5
7429	3
7430	1
7431	1
7432	2
7433	3
7434	1
7435	1
7436	2
7437	3
7438	0
7439	3
7440	0
7441	1
7442	2
7443	1
7444	1
7445	1
7446	0
7447	2
7448	0
7449	0
7450	2
7451	1
7452	2
7453	1
7454	0
7455	1
7456	3
7457	3
7458	1
7459	2
7460	3
7461	2
7462	3
7463	2
7464	2
7465	1
7466	1
7467	2
7468	0
7469	0
7470	2
7471	3
7472	3
7473	0
7474	0
7475	0
7476	0
7477	0
7478	1
7479	3
7480	1
7481	2
7482	1
7483	4
7484	3
7485	3
7486	3
7487	1
7488	1
7489	1
7490	0
7491	0
7492	1
7493	2
7494	0
7495	0
7496	2
7497	3
7498	3
7499	2
7500	0
7501	1
7502	2
7503	1
7504	1
7505	0
7506	0
7507	5
7508	1
7509	0
7510	2
7511	0
7512	2
7513	0
7514	0
7515	2
7516	0
7517	0
7518	1
7519	0
7520	2
7521	2
7522	2
7523	3
7524	0
7525	2
7526	0
7527	3
7528	2
7529	3
7530	1
7531	1
7532	0
7533	4
7534	0
7535	1
7536	4
7537	1
7538	3
7539	1
7540	1
7541	3
7542	1
7543	0
7544	1
7545	1
7546	2
7547	1
7548	1
7549	1
7550	0
7551	1
7552	1
7553	0
7554	1
7555	1
7556	0
7557	3
7558	4
7559	1
7560	4
7561	1
7562	3
7563	1
7564	2
7565	0
7566	0
7567	1
7568	2
7569	0
7570	2
7571	0
7572	0
7573	0
7574	1
7575	2
7576	1
7577	4
7578	1
7579	0
7580	0
7581	1
7582	1
7583	1
7584	3
7585	0
7586	4
7587	3
7588	1
7589	2
7590	0
7591	4
7592	1
7593	2
7594	1
7595	3
7596	4
7597	0
7598	1
7599	1
7600	4
7601	4
7602	1
7603	2
7604	1
7605	2
7606	2
7607	1
7608	2
7609	2
7610	3
7611	2
7612	2
7613	1
7614	0
7615	0
7616	2
7617	0
7618	1
7619	0
7620	1
7621	3
7622	0
7623	3
7624	0
7625	0
7626	2
7627	0
7628	1
7629	1
7630	1
7631	0
7632	0
7633	0
7634	1
7635	2
7636	2
7637	1
7638	1
7639	0
7640	1
7641	1
7642	0
7643	1
7644	5
7645	2
7646	1
7647	0
7648	2
7649	1
7650	5
7651	1
7652	2
7653	3
7654	2
7655	0
7656	3
7657	2
7658	2
7659	0
7660	1
7661	4
7662	2
7663	3
7664	1
7665	1
7666	2
7667	0
7668	2
7669	3
7670	1
7671	0
7672	1
7673	3
7674	2
7675	2
7676	2
7677	2
7678	3
7679	0
7680	2
7681	0
7682	1
7683	0
7684	0
7685	1
7686	1
7687	0
7688	1
7689	0
7690	2
7691	2
7692	1
7693	1
7694	1
7695	2
7696	1
7697	0
7698	0
7699	2
7700	0
7701	2
7702	1
7703	0
7704	2
7705	1
7706	1
7707	1
7708	0
7709	0
7710	3
7711	3
7712	0
7713	1
7714	0
7715	2
7716	2
7717	0
7718	0
7719	1
7720	1
7721	1
7722	1
7723	1
7724	1
7725	2
7726	2
7727	3
7728	2
7729	1
7730	1
7731	3
7732	0
7733	2
7734	3
7735	0
7736	3
7737	1
7738	0
7739	0
7740	2
7741	2
7742	1
7743	2
7744	1
7745	2
7746	2
7747	2
7748	2
7749	1
7750	0
7751	0
7752	0
7753	1
7754	3
7755	1
7756	1
7757	1
7758	0
7759	0
7760	3
7761	3
7762	2
7763	2
7764	1
7765	1
7766	1
7767	2
7768	2
7769	2
7770	2
7771	3
7772	3
7773	1
7774	2
7775	1
7776	2
7777	2
7778	4
7779	3
7780	2
7781	0
7782	2
7783	3
7784	0
7785	0
7786	1
7787	1
7788	2
7789	1
7790	0
7791	4
7792	0
7793	0
7794	2
7795	0
7796	1
7797	1
7798	0
7799	2
7800	3
7801	2
7802	2
7803	1
7804	3
7805	2
7806	3
7807	2
7808	0
7809	0
7810	2
7811	2
7812	0
7813	1
7814	0
7815	2
7816	0
7817	1
7818	2
7819	1
7820	0
7821	1
7822	3
7823	3
7824	1
7825	1
7826	1
7827	0
7828	3
7829	0
7830	1
7831	0
7832	3
7833	2
7834	0
7835	1
7836	2
7837	1
7838	1
7839	0
7840	0
7841	5
7842	2
7843	0
7844	2
7845	3
7846	1
7847	2
7848	2
7849	0
7850	3
7851	2
7852	0
7853	1
7854	1
7855	1
7856	0
7857	3
7858	1
7859	0
7860	0
7861	2
7862	0
7863	0
7864	0
7865	1
7866	0
7867	1
7868	3
7869	1
7870	2
7871	0
7872	0
7873	1
7874	0
7875	0
7876	4
7877	2
7878	0
7879	0
7880	2
7881	3
7882	1
7883	0
7884	4
7885	0
7886	0
7887	2
7888	0
7889	1
7890	2
7891	1
7892	0
7893	2
7894	0
7895	1
7896	2
7897	1
7898	4
7899	0
7900	0
7901	1
7902	5
7903	2
7904	3
7905	4
7906	2
7907	0
7908	0
7909	0
7910	1
7911	0
7912	3
7913	2
7914	0
7915	1
7916	1
7917	3
7918	3
7919	2
7920	2
7921	2
7922	1
7923	1
7924	4
7925	3
7926	0
7927	0
7928	3
7929	2
7930	3
7931	1
7932	0
7933	1
7934	2
7935	1
7936	1
7937	1
7938	2
7939	3
7940	1
7941	0
7942	3
7943	1
7944	4
7945	1
7946	3
7947	1
7948	1
7949	2
7950	1
7951	1
7952	4
7953	2
7954	1
7955	1
7956	1
7957	2
7958	0
7959	4
7960	2
7961	1
7962	0
7963	4
7964	4
7965	1
7966	1
7967	2
7968	2
7969	1
7970	2
7971	1
7972	1
7973	0
7974	3
7975	2
7976	1
7977	0
7978	2
7979	0
7980	0
7981	3
7982	1
7983	0
7984	0
7985	2
7986	2
7987	0
7988	2
7989	1
7990	1
7991	0
7992	1
7993	0
7994	3
7995	3
7996	1
7997	3
7998	2
7999	0
8000	0
8001	5
8002	2
8003	2
8004	1
8005	0
8006	0
8007	0
8008	0
8009	4
8010	3
8011	1
8012	2
8013	0
8014	1
8015	2
8016	3
8017	2
8018	2
8019	0
8020	1
8021	2
8022	1
8023	1
8024	4
8025	1
8026	1
8027	3
8028	1
8029	4
8030	1
8031	0
8032	4
8033	0
8034	2
8035	0
8036	1
8037	0
8038	0
8039	0
8040	2
8041	1
8042	1
8043	1
8044	2
8045	1
8046	2
8047	1
8048	0
8049	4
8050	2
8051	1
8052	0
8053	3
8054	3
8055	1
8056	2
8057	1
8058	4
8059	1
8060	1
8061	0
8062	1
8063	1
8064	1
8065	1
8066	2
8067	2
8068	3
8069	0
8070	1
8071	1
8072	3
8073	0
8074	0
8075	1
8076	0
8077	1
8078	0
8079	1
8080	2
8081	3
8082	0
8083	1
8084	2
8085	2
8086	2
8087	2
8088	2
8089	0
8090	1
8091	3
8092	2
8093	0
8094	0
8095	0
8096	1
8097	0
8098	0
8099	0
8100	1
8101	0
8102	0
8103	0
8104	0
8105	1
8106	0
8107	1
8108	2
8109	0
8110	0
8111	0
8112	1
8113	1
8114	0
8115	0
8116	0
8117	0
8118	0
8119	1
8120	1
8121	0
8122	0
8123	0
8124	1
8125	1
8126	0
8127	1
8128	0
8129	0
8130	0
8131	0
8132	1
8133	0
8134	0
8135	1
8136	0
8137	0
8138	0
8139	0
8140	0
8141	0
8142	0
8143	0
8144	0
8145	0
8146	0
8147	0
8148	0
8149	0
8150	0
8151	0
8152	0
8153	0
8154	0
8155	0
8156	0
8157	0
8158	0
8159	0
8160	0
8161	0
8162	0
8163	0
8164	0
8165	0
8166	0
8167	0
8168	0
8169	0
8170	0
8171	0
8172	0
8173	0
8174	0
8175	0
8176	0
8177	0
8178	0
8179	0
8180	0
8181	0
8182	0
8183	0
8184	0
8185	0
8186	0
8187	0
8188	0
8189	0
8190	0
8191	0
