0	0
1	0
2	0
3	0
4	0
5	0
6	0
7	0
8	0
9	0
10	0
11	0
12	0
13	0
14	0
15	0
16	0
17	0
18	0
19	0
20	0
21	0
22	0
23	0
24	0
25	0
26	1
27	0
28	0
29	0
30	0
31	0
32	0
33	0
34	1
35	0
36	0
37	0
38	0
39	0
40	1
41	0
42	0
43	0
44	0
45	0
46	0
47	1
48	0
49	0
50	0
51	0
52	0
53	1
54	0
55	0
56	0
57	0
58	0
59	0
60	0
61	0
62	2
63	1
64	0
65	0
66	0
67	0
68	0
69	0
70	0
71	0
72	1
73	1
74	0
75	0
76	0
77	0
78	0
79	0
80	0
81	1
82	0
83	0
84	0
85	0
86	0
87	0
88	0
89	0
90	0
91	0
92	2
93	0
94	2
95	15
96	58
97	108
98	153
99	177
100	168
101	158
102	164
103	152
104	142
105	143
106	133
107	140
108	126
109	142
110	129
111	116
112	93
113	98
114	123
115	107
116	105
117	110
118	93
119	102
120	81
121	91
122	79
123	78
124	79
125	86
126	100
127	102
128	86
129	81
130	104
131	87
132	81
133	76
134	84
135	74
136	85
137	60
138	82
139	91
140	83
141	75
142	73
143	75
144	90
145	86
146	80
147	71
148	80
149	67
150	64
151	74
152	73
153	87
154	95
155	76
156	85
157	84
158	87
159	82
160	73
161	84
162	58
163	75
164	72
165	69
166	81
167	73
168	83
169	75
170	88
171	77
172	89
173	98
174	85
175	80
176	87
177	77
178	72
179	71
180	66
181	79
182	81
183	80
184	76
185	78
186	86
187	80
188	74
189	82
190	67
191	77
192	82
193	75
194	93
195	81
196	90
197	78
198	87
199	75
200	93
201	84
202	64
203	89
204	60
205	79
206	73
207	82
208	67
209	77
210	100
211	78
212	75
213	72
214	96
215	87
216	70
217	79
218	77
219	91
220	92
221	85
222	96
223	87
224	96
225	90
226	71
227	81
228	98
229	84
230	84
231	80
232	91
233	83
234	84
235	112
236	72
237	92
238	81
239	85
240	99
241	98
242	102
243	87
244	80
245	93
246	96
247	103
248	89
249	71
250	113
251	98
252	96
253	113
254	108
255	97
256	104
257	95
258	89
259	88
260	88
261	85
262	102
263	103
264	129
265	116
266	110
267	112
268	122
269	120
270	121
271	115
272	131
273	111
274	117
275	118
276	122
277	117
278	116
279	113
280	119
281	152
282	134
283	157
284	129
285	123
286	118
287	149
288	136
289	122
290	128
291	152
292	136
293	147
294	167
295	129
296	159
297	145
298	157
299	145
300	130
301	171
302	170
303	160
304	143
305	164
306	168
307	162
308	166
309	146
310	167
311	156
312	163
313	177
314	162
315	173
316	184
317	178
318	157
319	186
320	185
321	177
322	186
323	174
324	184
325	214
326	224
327	189
328	209
329	203
330	204
331	207
332	211
333	227
334	226
335	217
336	237
337	247
338	244
339	230
340	264
341	253
342	296
343	264
344	280
345	261
346	293
347	280
348	232
349	257
350	288
351	296
352	304
353	297
354	315
355	337
356	293
357	274
358	341
359	323
360	360
361	389
362	362
363	350
364	393
365	392
366	399
367	398
368	427
369	404
370	462
371	412
372	441
373	453
374	472
375	501
376	494
377	527
378	554
379	554
380	560
381	622
382	665
383	671
384	635
385	715
386	781
387	714
388	751
389	764
390	847
391	943
392	868
393	918
394	931
395	1064
396	1044
397	1105
398	1188
399	1201
400	1166
401	1267
402	1366
403	1355
404	1393
405	1467
406	1526
407	1651
408	1647
409	1691
410	1807
411	1764
412	1877
413	1977
414	2017
415	2104
416	2230
417	2211
418	2312
419	2325
420	2430
421	2489
422	2673
423	2729
424	2850
425	2873
426	3054
427	2992
428	3099
429	3235
430	3318
431	3267
432	3422
433	3615
434	3568
435	3662
436	3655
437	3877
438	3886
439	3794
440	3995
441	4102
442	3937
443	4197
444	4192
445	4193
446	4216
447	4203
448	4296
449	4302
450	4259
451	4351
452	4269
453	4249
454	4434
455	4506
456	4399
457	4234
458	4326
459	4323
460	4219
461	4167
462	4277
463	4137
464	4165
465	4050
466	4080
467	4044
468	4054
469	3885
470	3758
471	3695
472	3705
473	3737
474	3538
475	3597
476	3399
477	3454
478	3401
479	3219
480	3277
481	3287
482	3044
483	3080
484	2975
485	2936
486	2801
487	2713
488	2697
489	2666
490	2526
491	2484
492	2419
493	2398
494	2341
495	2291
496	2284
497	2065
498	2164
499	2145
500	2002
501	1983
502	1878
503	1933
504	1771
505	1764
506	1790
507	1707
508	1616
509	1577
510	1532
511	1470
512	1517
513	1485
514	1435
515	1391
516	1337
517	1344
518	1369
519	1270
520	1243
521	1272
522	1190
523	1192
524	1126
525	1111
526	1181
527	1135
528	1079
529	976
530	1027
531	980
532	985
533	986
534	905
535	903
536	863
537	880
538	772
539	842
540	755
541	814
542	745
543	755
544	701
545	744
546	694
547	651
548	673
549	689
550	607
551	607
552	552
553	541
554	573
555	539
556	525
557	533
558	475
559	493
560	459
561	423
562	425
563	380
564	434
565	412
566	378
567	374
568	366
569	343
570	372
571	312
572	317
573	310
574	284
575	260
576	308
577	277
578	271
579	253
580	232
581	254
582	258
583	220
584	211
585	191
586	223
587	219
588	196
589	186
590	168
591	178
592	174
593	177
594	172
595	193
596	178
597	155
598	156
599	176
600	176
601	167
602	154
603	148
604	144
605	130
606	153
607	144
608	137
609	152
610	160
611	154
612	149
613	148
614	130
615	123
616	145
617	140
618	118
619	129
620	132
621	137
622	141
623	136
624	124
625	131
626	134
627	135
628	157
629	129
630	148
631	151
632	133
633	144
634	137
635	128
636	116
637	159
638	143
639	144
640	150
641	142
642	140
643	132
644	127
645	155
646	156
647	141
648	160
649	141
650	164
651	141
652	165
653	161
654	167
655	154
656	175
657	153
658	152
659	167
660	159
661	156
662	159
663	163
664	173
665	158
666	162
667	159
668	212
669	164
670	187
671	161
672	180
673	198
674	167
675	162
676	205
677	153
678	209
679	179
680	188
681	210
682	205
683	182
684	183
685	187
686	209
687	208
688	197
689	191
690	218
691	215
692	187
693	205
694	199
695	204
696	204
697	225
698	212
699	209
700	204
701	232
702	214
703	212
704	221
705	218
706	231
707	216
708	195
709	247
710	219
711	266
712	238
713	270
714	238
715	264
716	225
717	238
718	257
719	251
720	230
721	281
722	229
723	282
724	257
725	247
726	267
727	275
728	253
729	295
730	262
731	274
732	296
733	260
734	276
735	278
736	259
737	273
738	261
739	306
740	236
741	257
742	268
743	274
744	264
745	298
746	283
747	268
748	278
749	263
750	268
751	258
752	275
753	292
754	307
755	309
756	304
757	269
758	312
759	282
760	291
761	276
762	285
763	270
764	299
765	283
766	270
767	285
768	285
769	266
770	290
771	275
772	295
773	264
774	303
775	293
776	285
777	248
778	278
779	296
780	292
781	314
782	270
783	269
784	288
785	281
786	298
787	297
788	302
789	273
790	302
791	291
792	278
793	300
794	256
795	281
796	259
797	313
798	275
799	258
800	259
801	264
802	243
803	253
804	277
805	277
806	267
807	294
808	250
809	285
810	233
811	298
812	247
813	261
814	247
815	256
816	264
817	261
818	230
819	258
820	269
821	244
822	266
823	263
824	256
825	267
826	223
827	267
828	245
829	259
830	234
831	242
832	254
833	231
834	250
835	240
836	240
837	253
838	201
839	243
840	215
841	232
842	219
843	242
844	251
845	225
846	205
847	230
848	236
849	245
850	226
851	220
852	214
853	229
854	219
855	216
856	261
857	222
858	233
859	213
860	245
861	238
862	239
863	191
864	215
865	241
866	235
867	242
868	214
869	245
870	243
871	230
872	237
873	224
874	234
875	235
876	238
877	233
878	227
879	238
880	235
881	232
882	226
883	228
884	260
885	280
886	253
887	249
888	228
889	242
890	290
891	274
892	282
893	290
894	285
895	296
896	258
897	317
898	280
899	287
900	283
901	290
902	277
903	292
904	285
905	299
906	312
907	286
908	341
909	253
910	270
911	280
912	300
913	310
914	333
915	306
916	344
917	342
918	315
919	345
920	326
921	303
922	311
923	327
924	375
925	327
926	317
927	323
928	324
929	357
930	347
931	364
932	338
933	362
934	356
935	347
936	330
937	334
938	346
939	355
940	379
941	337
942	370
943	390
944	353
945	337
946	376
947	364
948	367
949	330
950	385
951	393
952	385
953	339
954	342
955	356
956	363
957	379
958	358
959	363
960	351
961	371
962	316
963	345
964	345
965	307
966	358
967	351
968	334
969	343
970	365
971	355
972	366
973	348
974	340
975	316
976	346
977	349
978	343
979	355
980	325
981	349
982	332
983	331
984	340
985	357
986	300
987	330
988	321
989	317
990	311
991	324
992	313
993	289
994	308
995	350
996	319
997	334
998	306
999	308
1000	316
1001	305
1002	325
1003	295
1004	322
1005	308
1006	340
1007	298
1008	349
1009	286
1010	317
1011	285
1012	279
1013	326
1014	304
1015	262
1016	289
1017	304
1018	313
1019	289
1020	305
1021	309
1022	286
1023	294
1024	316
1025	316
1026	303
1027	279
1028	296
1029	311
1030	291
1031	273
1032	318
1033	302
1034	294
1035	275
1036	322
1037	320
1038	325
1039	315
1040	316
1041	280
1042	310
1043	301
1044	288
1045	342
1046	301
1047	322
1048	326
1049	350
1050	318
1051	349
1052	315
1053	310
1054	348
1055	354
1056	347
1057	323
1058	351
1059	326
1060	331
1061	357
1062	382
1063	370
1064	377
1065	366
1066	351
1067	379
1068	395
1069	354
1070	363
1071	373
1072	366
1073	391
1074	374
1075	372
1076	374
1077	413
1078	423
1079	418
1080	440
1081	388
1082	437
1083	431
1084	398
1085	439
1086	504
1087	433
1088	491
1089	470
1090	512
1091	476
1092	517
1093	481
1094	508
1095	513
1096	500
1097	518
1098	519
1099	543
1100	556
1101	599
1102	520
1103	553
1104	595
1105	584
1106	606
1107	648
1108	598
1109	653
1110	579
1111	630
1112	708
1113	679
1114	673
1115	710
1116	698
1117	754
1118	750
1119	751
1120	763
1121	800
1122	773
1123	786
1124	823
1125	862
1126	849
1127	867
1128	880
1129	841
1130	909
1131	906
1132	916
1133	958
1134	968
1135	969
1136	982
1137	950
1138	978
1139	1029
1140	1014
1141	1056
1142	1077
1143	1079
1144	1135
1145	1123
1146	1096
1147	1164
1148	1167
1149	1129
1150	1183
1151	1205
1152	1201
1153	1225
1154	1254
1155	1300
1156	1287
1157	1299
1158	1289
1159	1298
1160	1303
1161	1378
1162	1350
1163	1440
1164	1377
1165	1374
1166	1402
1167	1452
1168	1418
1169	1483
1170	1449
1171	1487
1172	1514
1173	1526
1174	1653
1175	1568
1176	1584
1177	1600
1178	1575
1179	1616
1180	1697
1181	1654
1182	1764
1183	1702
1184	1706
1185	1696
1186	1673
1187	1661
1188	1665
1189	1674
1190	1687
1191	1757
1192	1718
1193	1746
1194	1806
1195	1737
1196	1708
1197	1775
1198	1751
1199	1685
1200	1675
1201	1752
1202	1731
1203	1721
1204	1730
1205	1747
1206	1769
1207	1742
1208	1803
1209	1651
1210	1786
1211	1692
1212	1756
1213	1636
1214	1691
1215	1627
1216	1670
1217	1631
1218	1608
1219	1678
1220	1693
1221	1566
1222	1680
1223	1618
1224	1574
1225	1591
1226	1519
1227	1586
1228	1516
1229	1556
1230	1463
1231	1441
1232	1498
1233	1473
1234	1450
1235	1296
1236	1384
1237	1423
1238	1340
1239	1330
1240	1329
1241	1337
1242	1269
1243	1213
1244	1334
1245	1226
1246	1261
1247	1228
1248	1136
1249	1216
1250	1142
1251	1079
1252	1141
1253	1094
1254	1070
1255	1070
1256	1028
1257	979
1258	980
1259	945
1260	996
1261	956
1262	932
1263	880
1264	909
1265	882
1266	829
1267	768
1268	815
1269	855
1270	753
1271	761
1272	775
1273	803
1274	706
1275	707
1276	707
1277	664
1278	641
1279	634
1280	624
1281	585
1282	605
1283	577
1284	565
1285	526
1286	541
1287	520
1288	495
1289	450
1290	518
1291	456
1292	443
1293	441
1294	460
1295	411
1296	406
1297	397
1298	406
1299	395
1300	354
1301	372
1302	357
1303	346
1304	344
1305	293
1306	296
1307	331
1308	295
1309	297
1310	301
1311	293
1312	290
1313	257
1314	262
1315	275
1316	222
1317	239
1318	224
1319	231
1320	237
1321	227
1322	205
1323	219
1324	235
1325	212
1326	200
1327	216
1328	164
1329	197
1330	174
1331	184
1332	167
1333	167
1334	182
1335	184
1336	182
1337	153
1338	157
1339	150
1340	146
1341	167
1342	153
1343	147
1344	162
1345	172
1346	140
1347	152
1348	138
1349	146
1350	122
1351	137
1352	143
1353	129
1354	128
1355	145
1356	119
1357	154
1358	111
1359	122
1360	142
1361	138
1362	116
1363	142
1364	121
1365	114
1366	118
1367	134
1368	108
1369	117
1370	109
1371	105
1372	98
1373	127
1374	105
1375	119
1376	124
1377	103
1378	100
1379	113
1380	121
1381	110
1382	127
1383	109
1384	115
1385	123
1386	94
1387	109
1388	107
1389	95
1390	98
1391	118
1392	104
1393	131
1394	120
1395	115
1396	117
1397	108
1398	122
1399	107
1400	115
1401	103
1402	126
1403	87
1404	114
1405	108
1406	112
1407	124
1408	107
1409	105
1410	105
1411	110
1412	97
1413	107
1414	92
1415	107
1416	123
1417	100
1418	114
1419	102
1420	106
1421	109
1422	89
1423	92
1424	112
1425	105
1426	111
1427	99
1428	95
1429	101
1430	115
1431	115
1432	88
1433	118
1434	101
1435	116
1436	110
1437	118
1438	103
1439	112
1440	99
1441	114
1442	110
1443	103
1444	132
1445	113
1446	111
1447	118
1448	104
1449	84
1450	97
1451	121
1452	103
1453	118
1454	114
1455	106
1456	99
1457	105
1458	110
1459	114
1460	106
1461	139
1462	122
1463	104
1464	104
1465	96
1466	105
1467	115
1468	117
1469	118
1470	102
1471	107
1472	97
1473	108
1474	125
1475	95
1476	111
1477	139
1478	114
1479	95
1480	95
1481	120
1482	125
1483	119
1484	118
1485	128
1486	127
1487	130
1488	116
1489	118
1490	102
1491	119
1492	109
1493	109
1494	110
1495	126
1496	112
1497	105
1498	110
1499	114
1500	92
1501	119
1502	127
1503	124
1504	93
1505	122
1506	124
1507	109
1508	127
1509	119
1510	122
1511	135
1512	107
1513	146
1514	111
1515	136
1516	124
1517	109
1518	95
1519	109
1520	118
1521	114
1522	120
1523	128
1524	118
1525	138
1526	123
1527	130
1528	109
1529	129
1530	131
1531	107
1532	148
1533	141
1534	121
1535	141
1536	150
1537	126
1538	135
1539	122
1540	138
1541	126
1542	152
1543	112
1544	100
1545	133
1546	144
1547	120
1548	130
1549	135
1550	126
1551	133
1552	139
1553	137
1554	141
1555	150
1556	148
1557	154
1558	140
1559	133
1560	129
1561	136
1562	150
1563	156
1564	148
1565	137
1566	136
1567	154
1568	126
1569	147
1570	144
1571	142
1572	137
1573	141
1574	142
1575	160
1576	140
1577	158
1578	168
1579	160
1580	159
1581	162
1582	172
1583	166
1584	142
1585	161
1586	145
1587	150
1588	175
1589	163
1590	165
1591	155
1592	175
1593	167
1594	183
1595	183
1596	163
1597	155
1598	180
1599	155
1600	187
1601	182
1602	159
1603	170
1604	181
1605	168
1606	205
1607	179
1608	173
1609	195
1610	204
1611	193
1612	198
1613	199
1614	180
1615	186
1616	198
1617	183
1618	178
1619	207
1620	191
1621	190
1622	202
1623	220
1624	197
1625	221
1626	195
1627	216
1628	215
1629	189
1630	210
1631	208
1632	212
1633	226
1634	190
1635	230
1636	230
1637	192
1638	183
1639	192
1640	200
1641	197
1642	192
1643	207
1644	202
1645	197
1646	221
1647	219
1648	221
1649	241
1650	233
1651	243
1652	247
1653	234
1654	228
1655	238
1656	258
1657	247
1658	255
1659	235
1660	225
1661	234
1662	251
1663	226
1664	248
1665	259
1666	235
1667	228
1668	234
1669	252
1670	228
1671	224
1672	234
1673	222
1674	238
1675	242
1676	251
1677	248
1678	241
1679	250
1680	257
1681	236
1682	231
1683	264
1684	260
1685	263
1686	261
1687	248
1688	264
1689	221
1690	237
1691	244
1692	250
1693	234
1694	210
1695	231
1696	290
1697	278
1698	255
1699	237
1700	245
1701	235
1702	223
1703	232
1704	249
1705	264
1706	202
1707	248
1708	236
1709	231
1710	221
1711	239
1712	201
1713	228
1714	222
1715	234
1716	224
1717	216
1718	226
1719	232
1720	208
1721	260
1722	213
1723	214
1724	207
1725	209
1726	229
1727	203
1728	201
1729	206
1730	186
1731	206
1732	202
1733	202
1734	205
1735	175
1736	186
1737	175
1738	184
1739	177
1740	193
1741	179
1742	194
1743	176
1744	186
1745	187
1746	190
1747	180
1748	194
1749	179
1750	188
1751	184
1752	171
1753	180
1754	194
1755	203
1756	157
1757	163
1758	172
1759	173
1760	160
1761	158
1762	164
1763	171
1764	174
1765	143
1766	179
1767	156
1768	168
1769	161
1770	151
1771	163
1772	157
1773	152
1774	162
1775	187
1776	144
1777	159
1778	133
1779	133
1780	130
1781	133
1782	166
1783	130
1784	142
1785	147
1786	151
1787	121
1788	137
1789	122
1790	147
1791	141
1792	155
1793	119
1794	124
1795	140
1796	130
1797	128
1798	127
1799	148
1800	125
1801	142
1802	128
1803	135
1804	110
1805	142
1806	134
1807	115
1808	116
1809	122
1810	113
1811	112
1812	97
1813	126
1814	119
1815	109
1816	114
1817	115
1818	102
1819	111
1820	132
1821	125
1822	109
1823	108
1824	116
1825	98
1826	116
1827	106
1828	99
1829	107
1830	121
1831	118
1832	124
1833	102
1834	115
1835	106
1836	117
1837	101
1838	112
1839	123
1840	106
1841	109
1842	108
1843	111
1844	114
1845	117
1846	113
1847	81
1848	108
1849	113
1850	98
1851	112
1852	105
1853	111
1854	107
1855	112
1856	97
1857	110
1858	106
1859	110
1860	104
1861	112
1862	88
1863	105
1864	104
1865	120
1866	95
1867	87
1868	108
1869	89
1870	95
1871	110
1872	90
1873	109
1874	79
1875	102
1876	105
1877	94
1878	108
1879	96
1880	99
1881	98
1882	112
1883	90
1884	105
1885	116
1886	102
1887	116
1888	120
1889	109
1890	95
1891	98
1892	97
1893	110
1894	106
1895	95
1896	93
1897	100
1898	97
1899	102
1900	95
1901	125
1902	99
1903	106
1904	105
1905	94
1906	112
1907	114
1908	125
1909	116
1910	110
1911	116
1912	124
1913	95
1914	106
1915	95
1916	112
1917	105
1918	117
1919	122
1920	115
1921	103
1922	85
1923	110
1924	110
1925	102
1926	105
1927	97
1928	122
1929	122
1930	105
1931	110
1932	105
1933	118
1934	107
1935	110
1936	102
1937	114
1938	109
1939	116
1940	101
1941	124
1942	102
1943	133
1944	114
1945	100
1946	125
1947	103
1948	116
1949	106
1950	115
1951	118
1952	137
1953	115
1954	125
1955	127
1956	122
1957	123
1958	105
1959	111
1960	114
1961	106
1962	111
1963	120
1964	90
1965	106
1966	121
1967	96
1968	120
1969	124
1970	125
1971	115
1972	145
1973	112
1974	126
1975	132
1976	127
1977	110
1978	120
1979	125
1980	110
1981	113
1982	120
1983	119
1984	120
1985	104
1986	137
1987	119
1988	115
1989	125
1990	108
1991	124
1992	125
1993	113
1994	138
1995	121
1996	122
1997	108
1998	123
1999	111
2000	119
2001	114
2002	109
2003	134
2004	102
2005	115
2006	118
2007	115
2008	148
2009	131
2010	115
2011	115
2012	111
2013	128
2014	116
2015	113
2016	125
2017	128
2018	133
2019	135
2020	133
2021	128
2022	132
2023	130
2024	139
2025	151
2026	129
2027	131
2028	133
2029	148
2030	123
2031	124
2032	130
2033	134
2034	127
2035	109
2036	145
2037	109
2038	141
2039	128
2040	124
2041	146
2042	128
2043	134
2044	141
2045	134
2046	143
2047	131
2048	138
2049	104
2050	147
2051	131
2052	144
2053	138
2054	158
2055	145
2056	125
2057	135
2058	136
2059	137
2060	144
2061	141
2062	127
2063	138
2064	112
2065	140
2066	120
2067	136
2068	150
2069	115
2070	123
2071	144
2072	149
2073	147
2074	132
2075	150
2076	140
2077	140
2078	141
2079	143
2080	145
2081	166
2082	144
2083	155
2084	140
2085	132
2086	125
2087	148
2088	162
2089	149
2090	128
2091	141
2092	132
2093	150
2094	144
2095	146
2096	118
2097	139
2098	141
2099	157
2100	146
2101	165
2102	138
2103	131
2104	151
2105	155
2106	156
2107	135
2108	167
2109	169
2110	150
2111	166
2112	130
2113	153
2114	157
2115	168
2116	159
2117	146
2118	142
2119	155
2120	138
2121	148
2122	128
2123	138
2124	153
2125	151
2126	165
2127	156
2128	156
2129	149
2130	154
2131	158
2132	148
2133	167
2134	165
2135	142
2136	158
2137	136
2138	168
2139	167
2140	148
2141	136
2142	143
2143	168
2144	141
2145	134
2146	160
2147	140
2148	169
2149	151
2150	158
2151	164
2152	155
2153	157
2154	147
2155	156
2156	191
2157	145
2158	152
2159	174
2160	171
2161	164
2162	160
2163	173
2164	151
2165	157
2166	146
2167	161
2168	162
2169	152
2170	164
2171	146
2172	172
2173	161
2174	157
2175	177
2176	152
2177	145
2178	157
2179	176
2180	139
2181	148
2182	157
2183	161
2184	186
2185	150
2186	149
2187	168
2188	150
2189	156
2190	153
2191	168
2192	154
2193	154
2194	180
2195	150
2196	144
2197	150
2198	173
2199	153
2200	158
2201	190
2202	166
2203	155
2204	165
2205	160
2206	159
2207	152
2208	160
2209	162
2210	145
2211	147
2212	165
2213	158
2214	156
2215	146
2216	130
2217	138
2218	141
2219	163
2220	168
2221	164
2222	158
2223	195
2224	162
2225	162
2226	156
2227	146
2228	167
2229	163
2230	148
2231	140
2232	162
2233	154
2234	162
2235	165
2236	147
2237	148
2238	135
2239	141
2240	174
2241	167
2242	152
2243	122
2244	175
2245	151
2246	185
2247	170
2248	136
2249	152
2250	158
2251	139
2252	151
2253	149
2254	155
2255	159
2256	141
2257	181
2258	153
2259	156
2260	157
2261	175
2262	141
2263	151
2264	166
2265	184
2266	169
2267	167
2268	145
2269	171
2270	173
2271	144
2272	160
2273	142
2274	128
2275	144
2276	153
2277	162
2278	136
2279	133
2280	170
2281	141
2282	133
2283	136
2284	156
2285	146
2286	156
2287	150
2288	154
2289	157
2290	149
2291	157
2292	169
2293	164
2294	165
2295	153
2296	134
2297	123
2298	131
2299	148
2300	171
2301	156
2302	151
2303	119
2304	135
2305	158
2306	145
2307	147
2308	132
2309	136
2310	153
2311	141
2312	140
2313	149
2314	146
2315	135
2316	157
2317	143
2318	153
2319	133
2320	158
2321	152
2322	151
2323	152
2324	135
2325	127
2326	158
2327	118
2328	157
2329	130
2330	150
2331	123
2332	146
2333	137
2334	143
2335	129
2336	129
2337	147
2338	142
2339	114
2340	136
2341	139
2342	137
2343	129
2344	135
2345	147
2346	126
2347	141
2348	139
2349	126
2350	125
2351	122
2352	126
2353	135
2354	133
2355	134
2356	106
2357	132
2358	138
2359	125
2360	128
2361	125
2362	134
2363	107
2364	119
2365	139
2366	128
2367	116
2368	137
2369	129
2370	119
2371	156
2372	126
2373	132
2374	147
2375	132
2376	123
2377	129
2378	116
2379	133
2380	127
2381	125
2382	129
2383	123
2384	130
2385	125
2386	120
2387	139
2388	113
2389	124
2390	125
2391	127
2392	117
2393	119
2394	128
2395	133
2396	127
2397	114
2398	113
2399	123
2400	139
2401	129
2402	109
2403	123
2404	130
2405	134
2406	113
2407	137
2408	122
2409	123
2410	134
2411	122
2412	101
2413	142
2414	132
2415	127
2416	126
2417	119
2418	108
2419	138
2420	131
2421	115
2422	113
2423	145
2424	128
2425	138
2426	119
2427	111
2428	119
2429	125
2430	145
2431	136
2432	129
2433	120
2434	138
2435	130
2436	106
2437	113
2438	125
2439	121
2440	112
2441	116
2442	123
2443	117
2444	116
2445	145
2446	114
2447	139
2448	116
2449	124
2450	109
2451	120
2452	106
2453	109
2454	136
2455	124
2456	107
2457	94
2458	134
2459	115
2460	124
2461	96
2462	115
2463	135
2464	93
2465	102
2466	103
2467	130
2468	94
2469	118
2470	111
2471	124
2472	123
2473	101
2474	145
2475	109
2476	127
2477	112
2478	124
2479	96
2480	104
2481	118
2482	121
2483	109
2484	114
2485	108
2486	97
2487	121
2488	112
2489	118
2490	103
2491	121
2492	107
2493	92
2494	105
2495	94
2496	94
2497	104
2498	107
2499	115
2500	96
2501	120
2502	117
2503	104
2504	89
2505	105
2506	119
2507	117
2508	131
2509	100
2510	92
2511	124
2512	120
2513	92
2514	113
2515	119
2516	114
2517	128
2518	110
2519	100
2520	100
2521	128
2522	104
2523	108
2524	110
2525	122
2526	100
2527	119
2528	110
2529	85
2530	119
2531	110
2532	93
2533	84
2534	105
2535	108
2536	109
2537	117
2538	124
2539	102
2540	129
2541	108
2542	112
2543	107
2544	115
2545	97
2546	95
2547	106
2548	120
2549	91
2550	113
2551	112
2552	99
2553	109
2554	85
2555	112
2556	117
2557	98
2558	105
2559	116
2560	109
2561	99
2562	109
2563	91
2564	111
2565	104
2566	107
2567	88
2568	92
2569	95
2570	96
2571	105
2572	95
2573	96
2574	98
2575	96
2576	80
2577	111
2578	90
2579	113
2580	95
2581	115
2582	104
2583	95
2584	95
2585	98
2586	124
2587	97
2588	106
2589	103
2590	89
2591	106
2592	115
2593	94
2594	106
2595	106
2596	111
2597	103
2598	100
2599	105
2600	124
2601	97
2602	117
2603	112
2604	99
2605	113
2606	101
2607	101
2608	99
2609	93
2610	97
2611	98
2612	118
2613	102
2614	90
2615	103
2616	98
2617	98
2618	101
2619	109
2620	103
2621	91
2622	109
2623	101
2624	99
2625	82
2626	107
2627	104
2628	91
2629	96
2630	85
2631	113
2632	97
2633	92
2634	100
2635	102
2636	101
2637	99
2638	114
2639	96
2640	123
2641	97
2642	101
2643	83
2644	94
2645	94
2646	105
2647	101
2648	105
2649	106
2650	89
2651	103
2652	118
2653	97
2654	100
2655	96
2656	99
2657	93
2658	115
2659	113
2660	101
2661	92
2662	89
2663	101
2664	111
2665	95
2666	86
2667	119
2668	99
2669	88
2670	94
2671	108
2672	98
2673	101
2674	115
2675	103
2676	90
2677	114
2678	88
2679	77
2680	102
2681	87
2682	107
2683	90
2684	81
2685	98
2686	96
2687	99
2688	97
2689	117
2690	113
2691	105
2692	90
2693	88
2694	98
2695	95
2696	101
2697	91
2698	91
2699	101
2700	85
2701	106
2702	93
2703	95
2704	66
2705	113
2706	86
2707	86
2708	102
2709	96
2710	97
2711	94
2712	105
2713	95
2714	87
2715	107
2716	93
2717	98
2718	86
2719	94
2720	102
2721	101
2722	89
2723	105
2724	75
2725	83
2726	95
2727	90
2728	93
2729	92
2730	95
2731	106
2732	89
2733	99
2734	84
2735	90
2736	84
2737	89
2738	88
2739	108
2740	95
2741	88
2742	93
2743	83
2744	91
2745	103
2746	74
2747	90
2748	101
2749	95
2750	103
2751	77
2752	86
2753	84
2754	81
2755	101
2756	82
2757	77
2758	81
2759	97
2760	86
2761	91
2762	92
2763	84
2764	84
2765	106
2766	78
2767	88
2768	81
2769	95
2770	84
2771	90
2772	90
2773	93
2774	94
2775	102
2776	71
2777	78
2778	83
2779	77
2780	75
2781	88
2782	90
2783	88
2784	78
2785	92
2786	80
2787	84
2788	68
2789	68
2790	87
2791	89
2792	78
2793	81
2794	75
2795	84
2796	81
2797	95
2798	98
2799	76
2800	89
2801	79
2802	81
2803	80
2804	73
2805	64
2806	79
2807	78
2808	98
2809	77
2810	70
2811	80
2812	66
2813	82
2814	77
2815	88
2816	91
2817	91
2818	96
2819	82
2820	76
2821	60
2822	87
2823	80
2824	78
2825	89
2826	82
2827	86
2828	77
2829	73
2830	85
2831	79
2832	89
2833	67
2834	76
2835	66
2836	95
2837	75
2838	76
2839	72
2840	70
2841	87
2842	85
2843	69
2844	75
2845	82
2846	93
2847	86
2848	85
2849	90
2850	80
2851	62
2852	91
2853	85
2854	74
2855	81
2856	82
2857	90
2858	69
2859	83
2860	88
2861	73
2862	75
2863	80
2864	91
2865	66
2866	73
2867	93
2868	73
2869	75
2870	72
2871	64
2872	73
2873	72
2874	78
2875	61
2876	68
2877	80
2878	77
2879	73
2880	75
2881	84
2882	66
2883	60
2884	73
2885	72
2886	72
2887	65
2888	63
2889	62
2890	94
2891	73
2892	72
2893	60
2894	72
2895	82
2896	76
2897	79
2898	68
2899	69
2900	67
2901	73
2902	72
2903	87
2904	86
2905	74
2906	87
2907	69
2908	74
2909	79
2910	86
2911	63
2912	76
2913	75
2914	66
2915	79
2916	75
2917	70
2918	76
2919	63
2920	65
2921	71
2922	77
2923	81
2924	56
2925	67
2926	70
2927	88
2928	66
2929	81
2930	84
2931	63
2932	68
2933	76
2934	81
2935	81
2936	68
2937	63
2938	81
2939	77
2940	56
2941	84
2942	72
2943	74
2944	92
2945	60
2946	64
2947	84
2948	71
2949	61
2950	77
2951	61
2952	57
2953	64
2954	73
2955	62
2956	70
2957	78
2958	59
2959	64
2960	69
2961	69
2962	70
2963	77
2964	64
2965	70
2966	67
2967	65
2968	75
2969	68
2970	71
2971	68
2972	78
2973	71
2974	62
2975	75
2976	52
2977	73
2978	75
2979	69
2980	55
2981	60
2982	64
2983	93
2984	79
2985	63
2986	58
2987	68
2988	75
2989	65
2990	58
2991	73
2992	72
2993	72
2994	62
2995	66
2996	55
2997	65
2998	52
2999	66
3000	69
3001	73
3002	68
3003	65
3004	72
3005	71
3006	72
3007	73
3008	77
3009	65
3010	62
3011	70
3012	72
3013	77
3014	63
3015	73
3016	50
3017	59
3018	60
3019	72
3020	65
3021	72
3022	60
3023	76
3024	67
3025	66
3026	75
3027	64
3028	55
3029	58
3030	66
3031	66
3032	68
3033	77
3034	59
3035	67
3036	68
3037	72
3038	57
3039	72
3040	72
3041	84
3042	79
3043	67
3044	76
3045	58
3046	59
3047	66
3048	63
3049	72
3050	58
3051	63
3052	59
3053	67
3054	54
3055	62
3056	70
3057	71
3058	76
3059	74
3060	60
3061	54
3062	76
3063	67
3064	68
3065	66
3066	59
3067	63
3068	51
3069	62
3070	76
3071	63
3072	63
3073	65
3074	75
3075	64
3076	49
3077	72
3078	58
3079	61
3080	80
3081	71
3082	68
3083	68
3084	66
3085	79
3086	61
3087	77
3088	62
3089	43
3090	70
3091	65
3092	52
3093	70
3094	69
3095	47
3096	64
3097	60
3098	64
3099	53
3100	57
3101	69
3102	59
3103	71
3104	67
3105	67
3106	55
3107	62
3108	66
3109	64
3110	55
3111	63
3112	69
3113	63
3114	60
3115	55
3116	64
3117	54
3118	73
3119	63
3120	52
3121	70
3122	63
3123	61
3124	62
3125	70
3126	58
3127	71
3128	64
3129	58
3130	62
3131	59
3132	65
3133	77
3134	64
3135	71
3136	67
3137	56
3138	66
3139	54
3140	62
3141	68
3142	63
3143	59
3144	58
3145	64
3146	55
3147	58
3148	51
3149	62
3150	61
3151	63
3152	60
3153	61
3154	62
3155	49
3156	65
3157	61
3158	59
3159	48
3160	65
3161	59
3162	53
3163	56
3164	60
3165	75
3166	64
3167	64
3168	50
3169	56
3170	62
3171	70
3172	56
3173	66
3174	58
3175	63
3176	67
3177	71
3178	58
3179	65
3180	45
3181	48
3182	68
3183	69
3184	65
3185	60
3186	57
3187	50
3188	60
3189	62
3190	55
3191	63
3192	64
3193	55
3194	80
3195	70
3196	55
3197	71
3198	66
3199	64
3200	51
3201	61
3202	67
3203	45
3204	51
3205	66
3206	52
3207	56
3208	57
3209	53
3210	66
3211	59
3212	55
3213	60
3214	53
3215	54
3216	48
3217	44
3218	61
3219	56
3220	60
3221	71
3222	67
3223	49
3224	62
3225	56
3226	60
3227	70
3228	59
3229	50
3230	56
3231	63
3232	52
3233	55
3234	63
3235	47
3236	48
3237	58
3238	57
3239	54
3240	74
3241	53
3242	72
3243	66
3244	56
3245	56
3246	60
3247	53
3248	68
3249	45
3250	48
3251	54
3252	62
3253	50
3254	48
3255	64
3256	54
3257	51
3258	55
3259	44
3260	66
3261	60
3262	60
3263	58
3264	56
3265	52
3266	50
3267	53
3268	50
3269	54
3270	59
3271	55
3272	58
3273	65
3274	60
3275	67
3276	52
3277	52
3278	50
3279	54
3280	59
3281	59
3282	58
3283	58
3284	66
3285	47
3286	52
3287	53
3288	54
3289	48
3290	60
3291	56
3292	47
3293	54
3294	68
3295	46
3296	64
3297	44
3298	65
3299	55
3300	56
3301	49
3302	64
3303	46
3304	56
3305	56
3306	60
3307	53
3308	65
3309	48
3310	40
3311	62
3312	54
3313	66
3314	46
3315	42
3316	62
3317	53
3318	46
3319	65
3320	68
3321	50
3322	50
3323	54
3324	55
3325	51
3326	55
3327	51
3328	61
3329	56
3330	45
3331	63
3332	46
3333	64
3334	56
3335	45
3336	43
3337	44
3338	55
3339	49
3340	54
3341	54
3342	51
3343	51
3344	54
3345	60
3346	60
3347	43
3348	54
3349	52
3350	56
3351	55
3352	42
3353	44
3354	46
3355	45
3356	48
3357	46
3358	51
3359	54
3360	51
3361	56
3362	46
3363	56
3364	55
3365	48
3366	54
3367	65
3368	71
3369	58
3370	58
3371	47
3372	52
3373	45
3374	51
3375	49
3376	68
3377	59
3378	47
3379	44
3380	57
3381	57
3382	52
3383	53
3384	56
3385	62
3386	50
3387	47
3388	37
3389	49
3390	56
3391	54
3392	40
3393	47
3394	51
3395	44
3396	54
3397	50
3398	69
3399	58
3400	44
3401	42
3402	45
3403	44
3404	61
3405	52
3406	40
3407	43
3408	38
3409	55
3410	53
3411	65
3412	38
3413	46
3414	55
3415	59
3416	47
3417	54
3418	64
3419	44
3420	55
3421	47
3422	54
3423	52
3424	52
3425	47
3426	49
3427	56
3428	54
3429	51
3430	53
3431	56
3432	57
3433	40
3434	51
3435	57
3436	56
3437	44
3438	50
3439	47
3440	50
3441	40
3442	55
3443	41
3444	49
3445	55
3446	40
3447	61
3448	53
3449	64
3450	47
3451	49
3452	42
3453	56
3454	51
3455	49
3456	49
3457	52
3458	45
3459	60
3460	52
3461	60
3462	54
3463	59
3464	45
3465	47
3466	46
3467	64
3468	45
3469	51
3470	58
3471	51
3472	66
3473	53
3474	54
3475	61
3476	62
3477	44
3478	46
3479	55
3480	58
3481	54
3482	50
3483	45
3484	63
3485	56
3486	50
3487	52
3488	46
3489	38
3490	62
3491	54
3492	50
3493	53
3494	56
3495	53
3496	42
3497	60
3498	64
3499	44
3500	45
3501	59
3502	51
3503	59
3504	65
3505	59
3506	72
3507	43
3508	62
3509	56
3510	53
3511	62
3512	61
3513	58
3514	51
3515	57
3516	63
3517	50
3518	65
3519	62
3520	72
3521	55
3522	53
3523	54
3524	55
3525	45
3526	51
3527	68
3528	59
3529	60
3530	51
3531	60
3532	63
3533	51
3534	50
3535	54
3536	67
3537	64
3538	48
3539	61
3540	67
3541	45
3542	70
3543	59
3544	67
3545	67
3546	64
3547	65
3548	52
3549	70
3550	63
3551	55
3552	63
3553	62
3554	58
3555	53
3556	54
3557	63
3558	70
3559	63
3560	74
3561	74
3562	66
3563	70
3564	62
3565	72
3566	56
3567	72
3568	69
3569	77
3570	53
3571	75
3572	52
3573	66
3574	57
3575	55
3576	64
3577	66
3578	67
3579	70
3580	71
3581	68
3582	72
3583	73
3584	51
3585	66
3586	66
3587	60
3588	69
3589	59
3590	74
3591	66
3592	69
3593	61
3594	81
3595	71
3596	82
3597	75
3598	79
3599	77
3600	86
3601	69
3602	79
3603	89
3604	67
3605	75
3606	68
3607	77
3608	70
3609	86
3610	69
3611	70
3612	68
3613	87
3614	88
3615	88
3616	74
3617	76
3618	70
3619	90
3620	70
3621	89
3622	86
3623	85
3624	74
3625	100
3626	80
3627	85
3628	76
3629	89
3630	69
3631	93
3632	76
3633	62
3634	76
3635	78
3636	74
3637	80
3638	96
3639	91
3640	83
3641	74
3642	77
3643	74
3644	90
3645	98
3646	88
3647	81
3648	80
3649	97
3650	94
3651	86
3652	93
3653	86
3654	88
3655	92
3656	84
3657	80
3658	101
3659	96
3660	86
3661	82
3662	84
3663	87
3664	111
3665	91
3666	106
3667	104
3668	104
3669	81
3670	109
3671	97
3672	95
3673	90
3674	98
3675	92
3676	81
3677	96
3678	92
3679	87
3680	86
3681	109
3682	96
3683	94
3684	102
3685	95
3686	100
3687	87
3688	120
3689	98
3690	102
3691	99
3692	91
3693	90
3694	116
3695	106
3696	94
3697	102
3698	96
3699	105
3700	112
3701	95
3702	99
3703	94
3704	105
3705	110
3706	115
3707	104
3708	99
3709	110
3710	102
3711	100
3712	96
3713	121
3714	121
3715	105
3716	111
3717	108
3718	125
3719	88
3720	99
3721	105
3722	123
3723	115
3724	106
3725	104
3726	94
3727	126
3728	124
3729	113
3730	118
3731	107
3732	105
3733	105
3734	116
3735	112
3736	114
3737	96
3738	101
3739	122
3740	120
3741	112
3742	109
3743	92
3744	114
3745	120
3746	109
3747	105
3748	115
3749	123
3750	109
3751	122
3752	121
3753	117
3754	116
3755	135
3756	123
3757	134
3758	128
3759	123
3760	105
3761	126
3762	114
3763	122
3764	117
3765	128
3766	121
3767	118
3768	124
3769	125
3770	106
3771	103
3772	120
3773	105
3774	126
3775	133
3776	125
3777	114
3778	122
3779	128
3780	121
3781	113
3782	122
3783	117
3784	117
3785	128
3786	102
3787	133
3788	129
3789	127
3790	147
3791	127
3792	126
3793	127
3794	114
3795	136
3796	123
3797	117
3798	114
3799	159
3800	121
3801	142
3802	121
3803	129
3804	126
3805	150
3806	125
3807	128
3808	136
3809	119
3810	101
3811	136
3812	134
3813	119
3814	121
3815	119
3816	122
3817	114
3818	131
3819	120
3820	128
3821	134
3822	117
3823	145
3824	133
3825	144
3826	127
3827	111
3828	119
3829	118
3830	113
3831	116
3832	124
3833	119
3834	133
3835	129
3836	103
3837	138
3838	120
3839	123
3840	114
3841	152
3842	136
3843	139
3844	135
3845	132
3846	120
3847	134
3848	129
3849	143
3850	134
3851	135
3852	135
3853	138
3854	144
3855	129
3856	140
3857	146
3858	150
3859	142
3860	142
3861	146
3862	131
3863	150
3864	137
3865	123
3866	123
3867	128
3868	135
3869	146
3870	115
3871	137
3872	130
3873	144
3874	134
3875	125
3876	141
3877	139
3878	135
3879	143
3880	124
3881	129
3882	130
3883	125
3884	135
3885	153
3886	119
3887	142
3888	141
3889	126
3890	132
3891	142
3892	145
3893	129
3894	144
3895	141
3896	137
3897	123
3898	125
3899	152
3900	145
3901	148
3902	131
3903	141
3904	131
3905	139
3906	130
3907	135
3908	158
3909	153
3910	137
3911	153
3912	160
3913	136
3914	146
3915	161
3916	164
3917	164
3918	129
3919	122
3920	131
3921	147
3922	154
3923	143
3924	127
3925	161
3926	161
3927	158
3928	140
3929	147
3930	125
3931	159
3932	151
3933	156
3934	147
3935	158
3936	161
3937	154
3938	139
3939	150
3940	162
3941	162
3942	176
3943	163
3944	144
3945	161
3946	128
3947	150
3948	143
3949	151
3950	171
3951	134
3952	169
3953	170
3954	143
3955	144
3956	177
3957	176
3958	156
3959	161
3960	169
3961	138
3962	162
3963	166
3964	176
3965	149
3966	174
3967	187
3968	173
3969	186
3970	146
3971	178
3972	158
3973	172
3974	164
3975	180
3976	195
3977	181
3978	159
3979	175
3980	174
3981	167
3982	167
3983	174
3984	190
3985	146
3986	157
3987	196
3988	152
3989	148
3990	172
3991	200
3992	175
3993	184
3994	180
3995	209
3996	155
3997	185
3998	165
3999	171
4000	187
4001	197
4002	178
4003	183
4004	172
4005	178
4006	200
4007	175
4008	170
4009	192
4010	173
4011	177
4012	178
4013	182
4014	171
4015	186
4016	196
4017	186
4018	175
4019	188
4020	173
4021	196
4022	208
4023	172
4024	205
4025	208
4026	206
4027	175
4028	186
4029	169
4030	182
4031	167
4032	186
4033	197
4034	194
4035	206
4036	199
4037	189
4038	180
4039	204
4040	183
4041	216
4042	233
4043	212
4044	180
4045	221
4046	219
4047	202
4048	187
4049	204
4050	212
4051	171
4052	215
4053	210
4054	201
4055	193
4056	216
4057	215
4058	219
4059	204
4060	215
4061	179
4062	189
4063	218
4064	190
4065	229
4066	195
4067	174
4068	207
4069	228
4070	232
4071	222
4072	221
4073	196
4074	242
4075	204
4076	209
4077	207
4078	204
4079	206
4080	235
4081	223
4082	192
4083	197
4084	233
4085	224
4086	224
4087	216
4088	218
4089	247
4090	207
4091	220
4092	235
4093	237
4094	217
4095	238
4096	217
4097	239
4098	249
4099	240
4100	231
4101	212
4102	204
4103	236
4104	220
4105	222
4106	227
4107	207
4108	230
4109	201
4110	235
4111	229
4112	199
4113	214
4114	229
4115	209
4116	221
4117	235
4118	223
4119	221
4120	214
4121	215
4122	223
4123	226
4124	213
4125	212
4126	258
4127	216
4128	239
4129	234
4130	229
4131	240
4132	211
4133	229
4134	236
4135	222
4136	208
4137	214
4138	208
4139	220
4140	229
4141	220
4142	216
4143	216
4144	207
4145	215
4146	221
4147	228
4148	249
4149	212
4150	208
4151	207
4152	234
4153	239
4154	229
4155	220
4156	230
4157	259
4158	231
4159	212
4160	220
4161	214
4162	242
4163	224
4164	202
4165	229
4166	240
4167	218
4168	225
4169	219
4170	220
4171	238
4172	221
4173	231
4174	208
4175	216
4176	246
4177	232
4178	224
4179	224
4180	225
4181	242
4182	199
4183	205
4184	209
4185	228
4186	214
4187	223
4188	213
4189	211
4190	212
4191	222
4192	200
4193	228
4194	225
4195	219
4196	189
4197	203
4198	199
4199	219
4200	202
4201	209
4202	189
4203	236
4204	200
4205	210
4206	191
4207	202
4208	209
4209	216
4210	217
4211	233
4212	201
4213	212
4214	222
4215	212
4216	220
4217	229
4218	212
4219	206
4220	208
4221	193
4222	224
4223	247
4224	208
4225	191
4226	187
4227	223
4228	183
4229	211
4230	189
4231	230
4232	236
4233	180
4234	203
4235	199
4236	222
4237	219
4238	211
4239	192
4240	189
4241	195
4242	183
4243	199
4244	196
4245	229
4246	211
4247	192
4248	197
4249	190
4250	188
4251	186
4252	205
4253	202
4254	168
4255	175
4256	210
4257	170
4258	189
4259	175
4260	190
4261	179
4262	178
4263	173
4264	187
4265	197
4266	184
4267	166
4268	204
4269	190
4270	198
4271	179
4272	184
4273	173
4274	178
4275	166
4276	176
4277	175
4278	170
4279	168
4280	183
4281	179
4282	171
4283	195
4284	195
4285	171
4286	167
4287	175
4288	176
4289	198
4290	168
4291	185
4292	169
4293	168
4294	188
4295	157
4296	149
4297	155
4298	160
4299	175
4300	136
4301	164
4302	166
4303	129
4304	157
4305	176
4306	151
4307	164
4308	160
4309	144
4310	166
4311	162
4312	163
4313	177
4314	166
4315	147
4316	161
4317	145
4318	152
4319	148
4320	152
4321	126
4322	184
4323	124
4324	130
4325	151
4326	156
4327	148
4328	161
4329	141
4330	135
4331	129
4332	132
4333	149
4334	162
4335	115
4336	144
4337	128
4338	137
4339	154
4340	131
4341	150
4342	141
4343	146
4344	137
4345	147
4346	122
4347	133
4348	155
4349	152
4350	146
4351	143
4352	143
4353	134
4354	122
4355	135
4356	124
4357	149
4358	136
4359	144
4360	130
4361	125
4362	111
4363	128
4364	131
4365	137
4366	117
4367	119
4368	104
4369	140
4370	135
4371	134
4372	135
4373	132
4374	119
4375	125
4376	134
4377	108
4378	107
4379	119
4380	123
4381	127
4382	134
4383	99
4384	117
4385	123
4386	120
4387	141
4388	107
4389	114
4390	129
4391	129
4392	130
4393	120
4394	119
4395	125
4396	112
4397	135
4398	131
4399	137
4400	114
4401	133
4402	116
4403	102
4404	122
4405	99
4406	116
4407	108
4408	116
4409	129
4410	135
4411	131
4412	138
4413	117
4414	124
4415	118
4416	118
4417	125
4418	137
4419	116
4420	111
4421	128
4422	106
4423	109
4424	114
4425	116
4426	123
4427	123
4428	128
4429	112
4430	121
4431	107
4432	117
4433	123
4434	111
4435	120
4436	109
4437	111
4438	104
4439	123
4440	126
4441	125
4442	118
4443	118
4444	122
4445	105
4446	135
4447	106
4448	134
4449	117
4450	114
4451	109
4452	142
4453	120
4454	129
4455	129
4456	125
4457	120
4458	129
4459	106
4460	131
4461	110
4462	115
4463	115
4464	122
4465	141
4466	117
4467	139
4468	132
4469	121
4470	119
4471	119
4472	121
4473	103
4474	143
4475	117
4476	115
4477	117
4478	134
4479	130
4480	120
4481	119
4482	150
4483	124
4484	142
4485	140
4486	120
4487	133
4488	142
4489	146
4490	154
4491	130
4492	130
4493	130
4494	155
4495	120
4496	141
4497	155
4498	148
4499	140
4500	150
4501	144
4502	130
4503	142
4504	132
4505	147
4506	148
4507	149
4508	146
4509	141
4510	157
4511	171
4512	145
4513	138
4514	147
4515	145
4516	143
4517	149
4518	161
4519	176
4520	155
4521	159
4522	154
4523	176
4524	140
4525	137
4526	177
4527	170
4528	189
4529	167
4530	163
4531	169
4532	163
4533	163
4534	176
4535	150
4536	171
4537	174
4538	166
4539	161
4540	176
4541	179
4542	202
4543	178
4544	203
4545	182
4546	161
4547	195
4548	178
4549	214
4550	195
4551	174
4552	178
4553	223
4554	206
4555	203
4556	212
4557	182
4558	186
4559	173
4560	189
4561	190
4562	198
4563	209
4564	230
4565	218
4566	196
4567	203
4568	204
4569	214
4570	217
4571	199
4572	237
4573	224
4574	219
4575	215
4576	223
4577	224
4578	211
4579	207
4580	255
4581	222
4582	261
4583	229
4584	220
4585	221
4586	220
4587	213
4588	238
4589	243
4590	239
4591	231
4592	243
4593	247
4594	221
4595	252
4596	233
4597	239
4598	237
4599	270
4600	253
4601	237
4602	271
4603	272
4604	252
4605	254
4606	261
4607	271
4608	245
4609	271
4610	264
4611	263
4612	239
4613	259
4614	258
4615	280
4616	286
4617	270
4618	254
4619	268
4620	266
4621	289
4622	294
4623	296
4624	297
4625	290
4626	277
4627	289
4628	307
4629	258
4630	314
4631	296
4632	297
4633	273
4634	311
4635	291
4636	292
4637	311
4638	293
4639	337
4640	301
4641	332
4642	340
4643	326
4644	306
4645	318
4646	328
4647	309
4648	304
4649	336
4650	340
4651	354
4652	337
4653	346
4654	339
4655	358
4656	326
4657	365
4658	327
4659	346
4660	357
4661	353
4662	373
4663	351
4664	367
4665	363
4666	379
4667	371
4668	319
4669	358
4670	353
4671	381
4672	391
4673	425
4674	375
4675	376
4676	364
4677	371
4678	380
4679	398
4680	335
4681	380
4682	418
4683	385
4684	369
4685	382
4686	398
4687	393
4688	413
4689	394
4690	408
4691	402
4692	408
4693	391
4694	420
4695	435
4696	401
4697	379
4698	387
4699	432
4700	392
4701	408
4702	398
4703	412
4704	450
4705	434
4706	440
4707	420
4708	440
4709	410
4710	406
4711	420
4712	442
4713	433
4714	395
4715	439
4716	414
4717	421
4718	461
4719	447
4720	435
4721	465
4722	439
4723	446
4724	428
4725	450
4726	436
4727	441
4728	435
4729	453
4730	460
4731	473
4732	440
4733	462
4734	437
4735	497
4736	483
4737	458
4738	456
4739	490
4740	455
4741	457
4742	467
4743	502
4744	486
4745	438
4746	512
4747	496
4748	471
4749	474
4750	469
4751	489
4752	497
4753	495
4754	469
4755	471
4756	502
4757	470
4758	506
4759	469
4760	465
4761	567
4762	446
4763	531
4764	484
4765	501
4766	530
4767	501
4768	474
4769	517
4770	531
4771	475
4772	521
4773	521
4774	511
4775	473
4776	507
4777	538
4778	497
4779	495
4780	520
4781	545
4782	504
4783	524
4784	511
4785	507
4786	525
4787	515
4788	488
4789	498
4790	504
4791	528
4792	517
4793	569
4794	541
4795	490
4796	522
4797	468
4798	539
4799	546
4800	524
4801	551
4802	527
4803	525
4804	538
4805	514
4806	503
4807	519
4808	539
4809	536
4810	523
4811	503
4812	552
4813	541
4814	521
4815	555
4816	539
4817	561
4818	579
4819	576
4820	553
4821	490
4822	545
4823	496
4824	518
4825	531
4826	597
4827	542
4828	528
4829	571
4830	548
4831	525
4832	501
4833	565
4834	554
4835	549
4836	534
4837	565
4838	576
4839	554
4840	534
4841	568
4842	568
4843	551
4844	553
4845	570
4846	538
4847	561
4848	514
4849	597
4850	534
4851	554
4852	540
4853	540
4854	546
4855	536
4856	585
4857	535
4858	538
4859	526
4860	554
4861	543
4862	568
4863	547
4864	558
4865	564
4866	549
4867	559
4868	570
4869	543
4870	576
4871	524
4872	538
4873	548
4874	547
4875	577
4876	542
4877	553
4878	529
4879	526
4880	516
4881	583
4882	522
4883	537
4884	545
4885	518
4886	569
4887	535
4888	568
4889	557
4890	529
4891	580
4892	565
4893	543
4894	530
4895	541
4896	556
4897	541
4898	557
4899	542
4900	485
4901	563
4902	548
4903	553
4904	497
4905	560
4906	510
4907	509
4908	505
4909	562
4910	541
4911	519
4912	524
4913	465
4914	530
4915	490
4916	507
4917	525
4918	549
4919	497
4920	516
4921	507
4922	504
4923	493
4924	515
4925	506
4926	565
4927	509
4928	502
4929	491
4930	516
4931	462
4932	520
4933	518
4934	496
4935	498
4936	495
4937	540
4938	514
4939	531
4940	512
4941	483
4942	482
4943	496
4944	513
4945	495
4946	429
4947	499
4948	516
4949	513
4950	510
4951	507
4952	473
4953	517
4954	491
4955	465
4956	483
4957	487
4958	497
4959	482
4960	478
4961	407
4962	482
4963	489
4964	446
4965	455
4966	429
4967	460
4968	463
4969	483
4970	470
4971	412
4972	423
4973	448
4974	474
4975	450
4976	459
4977	461
4978	442
4979	456
4980	448
4981	477
4982	444
4983	411
4984	452
4985	468
4986	480
4987	436
4988	448
4989	451
4990	446
4991	436
4992	433
4993	436
4994	442
4995	405
4996	426
4997	421
4998	463
4999	441
5000	447
5001	415
5002	406
5003	418
5004	401
5005	435
5006	434
5007	419
5008	389
5009	400
5010	404
5011	398
5012	449
5013	405
5014	381
5015	374
5016	411
5017	355
5018	435
5019	411
5020	382
5021	387
5022	413
5023	361
5024	400
5025	415
5026	376
5027	370
5028	412
5029	392
5030	370
5031	372
5032	343
5033	409
5034	384
5035	351
5036	352
5037	346
5038	396
5039	358
5040	370
5041	385
5042	366
5043	379
5044	328
5045	374
5046	345
5047	345
5048	360
5049	330
5050	345
5051	330
5052	323
5053	383
5054	359
5055	339
5056	343
5057	330
5058	352
5059	336
5060	318
5061	342
5062	337
5063	340
5064	335
5065	345
5066	377
5067	349
5068	346
5069	320
5070	335
5071	292
5072	320
5073	352
5074	312
5075	296
5076	314
5077	352
5078	335
5079	317
5080	327
5081	337
5082	298
5083	327
5084	316
5085	319
5086	320
5087	312
5088	277
5089	334
5090	284
5091	305
5092	311
5093	299
5094	280
5095	308
5096	337
5097	272
5098	287
5099	306
5100	297
5101	290
5102	303
5103	293
5104	302
5105	282
5106	289
5107	315
5108	296
5109	286
5110	285
5111	269
5112	286
5113	295
5114	304
5115	274
5116	270
5117	248
5118	294
5119	296
5120	281
5121	286
5122	285
5123	272
5124	274
5125	285
5126	272
5127	271
5128	257
5129	280
5130	270
5131	252
5132	254
5133	279
5134	283
5135	267
5136	256
5137	258
5138	248
5139	263
5140	270
5141	250
5142	264
5143	260
5144	267
5145	254
5146	248
5147	269
5148	251
5149	261
5150	233
5151	274
5152	225
5153	291
5154	258
5155	217
5156	229
5157	252
5158	257
5159	248
5160	254
5161	262
5162	241
5163	267
5164	235
5165	245
5166	222
5167	244
5168	234
5169	244
5170	236
5171	239
5172	264
5173	242
5174	241
5175	246
5176	213
5177	231
5178	233
5179	238
5180	247
5181	245
5182	234
5183	255
5184	243
5185	200
5186	246
5187	227
5188	204
5189	233
5190	207
5191	211
5192	227
5193	250
5194	230
5195	249
5196	203
5197	230
5198	249
5199	227
5200	246
5201	214
5202	217
5203	238
5204	218
5205	233
5206	277
5207	219
5208	214
5209	231
5210	207
5211	191
5212	210
5213	200
5214	231
5215	178
5216	243
5217	222
5218	227
5219	205
5220	217
5221	200
5222	223
5223	209
5224	209
5225	223
5226	183
5227	217
5228	213
5229	218
5230	252
5231	231
5232	209
5233	217
5234	213
5235	203
5236	211
5237	221
5238	240
5239	227
5240	201
5241	222
5242	210
5243	208
5244	223
5245	222
5246	210
5247	218
5248	196
5249	227
5250	183
5251	237
5252	212
5253	203
5254	214
5255	189
5256	203
5257	181
5258	217
5259	216
5260	227
5261	203
5262	206
5263	213
5264	192
5265	188
5266	217
5267	196
5268	189
5269	207
5270	178
5271	211
5272	225
5273	201
5274	210
5275	202
5276	183
5277	205
5278	194
5279	203
5280	210
5281	207
5282	187
5283	206
5284	176
5285	215
5286	198
5287	206
5288	207
5289	198
5290	199
5291	186
5292	189
5293	200
5294	198
5295	167
5296	196
5297	205
5298	183
5299	215
5300	177
5301	188
5302	210
5303	169
5304	179
5305	197
5306	166
5307	183
5308	213
5309	186
5310	181
5311	187
5312	181
5313	208
5314	194
5315	217
5316	199
5317	174
5318	187
5319	198
5320	175
5321	210
5322	188
5323	199
5324	189
5325	179
5326	169
5327	182
5328	179
5329	169
5330	197
5331	182
5332	198
5333	209
5334	177
5335	182
5336	180
5337	195
5338	172
5339	176
5340	191
5341	155
5342	185
5343	187
5344	180
5345	169
5346	159
5347	171
5348	182
5349	170
5350	193
5351	159
5352	200
5353	167
5354	195
5355	167
5356	189
5357	197
5358	162
5359	203
5360	212
5361	185
5362	178
5363	158
5364	177
5365	194
5366	166
5367	162
5368	169
5369	180
5370	148
5371	195
5372	177
5373	166
5374	180
5375	163
5376	177
5377	186
5378	182
5379	157
5380	179
5381	186
5382	170
5383	178
5384	182
5385	180
5386	170
5387	161
5388	163
5389	158
5390	161
5391	176
5392	172
5393	164
5394	150
5395	166
5396	156
5397	159
5398	176
5399	142
5400	155
5401	158
5402	174
5403	175
5404	160
5405	150
5406	172
5407	149
5408	163
5409	142
5410	163
5411	160
5412	147
5413	153
5414	156
5415	152
5416	148
5417	139
5418	170
5419	145
5420	150
5421	139
5422	169
5423	158
5424	150
5425	165
5426	132
5427	155
5428	164
5429	150
5430	163
5431	145
5432	140
5433	150
5434	156
5435	148
5436	133
5437	122
5438	147
5439	143
5440	145
5441	137
5442	146
5443	156
5444	136
5445	149
5446	159
5447	153
5448	130
5449	135
5450	139
5451	128
5452	122
5453	126
5454	130
5455	135
5456	130
5457	142
5458	151
5459	130
5460	137
5461	122
5462	111
5463	121
5464	133
5465	152
5466	134
5467	133
5468	127
5469	160
5470	138
5471	102
5472	135
5473	133
5474	126
5475	124
5476	109
5477	124
5478	145
5479	113
5480	128
5481	135
5482	118
5483	142
5484	113
5485	106
5486	124
5487	141
5488	113
5489	140
5490	113
5491	125
5492	122
5493	125
5494	131
5495	128
5496	132
5497	120
5498	131
5499	103
5500	111
5501	109
5502	122
5503	104
5504	136
5505	101
5506	112
5507	119
5508	127
5509	118
5510	97
5511	121
5512	109
5513	103
5514	101
5515	104
5516	113
5517	110
5518	127
5519	129
5520	112
5521	103
5522	103
5523	108
5524	98
5525	99
5526	98
5527	102
5528	103
5529	109
5530	89
5531	105
5532	93
5533	110
5534	102
5535	118
5536	95
5537	98
5538	96
5539	104
5540	96
5541	96
5542	95
5543	92
5544	104
5545	104
5546	85
5547	81
5548	111
5549	79
5550	99
5551	95
5552	100
5553	83
5554	108
5555	86
5556	88
5557	111
5558	97
5559	94
5560	86
5561	85
5562	98
5563	75
5564	76
5565	85
5566	79
5567	95
5568	95
5569	102
5570	82
5571	85
5572	92
5573	80
5574	84
5575	77
5576	73
5577	78
5578	89
5579	79
5580	72
5581	89
5582	72
5583	70
5584	67
5585	88
5586	66
5587	91
5588	68
5589	71
5590	66
5591	84
5592	74
5593	62
5594	70
5595	63
5596	60
5597	94
5598	79
5599	72
5600	86
5601	69
5602	73
5603	77
5604	69
5605	72
5606	70
5607	75
5608	68
5609	80
5610	93
5611	72
5612	66
5613	80
5614	67
5615	71
5616	82
5617	72
5618	59
5619	73
5620	84
5621	68
5622	68
5623	72
5624	64
5625	55
5626	69
5627	73
5628	74
5629	77
5630	52
5631	67
5632	61
5633	70
5634	62
5635	59
5636	58
5637	53
5638	82
5639	72
5640	67
5641	70
5642	64
5643	70
5644	59
5645	61
5646	55
5647	72
5648	60
5649	63
5650	62
5651	65
5652	49
5653	65
5654	56
5655	71
5656	53
5657	70
5658	55
5659	59
5660	50
5661	74
5662	69
5663	62
5664	61
5665	57
5666	43
5667	61
5668	61
5669	58
5670	59
5671	72
5672	59
5673	39
5674	54
5675	49
5676	48
5677	55
5678	65
5679	60
5680	58
5681	68
5682	49
5683	52
5684	52
5685	56
5686	55
5687	45
5688	61
5689	55
5690	55
5691	44
5692	63
5693	49
5694	55
5695	53
5696	48
5697	54
5698	53
5699	63
5700	46
5701	59
5702	43
5703	57
5704	61
5705	38
5706	41
5707	76
5708	56
5709	57
5710	47
5711	58
5712	48
5713	71
5714	41
5715	53
5716	46
5717	55
5718	70
5719	71
5720	55
5721	45
5722	56
5723	50
5724	61
5725	52
5726	47
5727	66
5728	60
5729	63
5730	64
5731	62
5732	50
5733	55
5734	51
5735	68
5736	51
5737	55
5738	38
5739	46
5740	45
5741	53
5742	58
5743	55
5744	46
5745	54
5746	56
5747	47
5748	54
5749	62
5750	61
5751	56
5752	59
5753	61
5754	50
5755	55
5756	53
5757	55
5758	64
5759	52
5760	48
5761	50
5762	52
5763	50
5764	56
5765	62
5766	52
5767	59
5768	70
5769	54
5770	57
5771	57
5772	64
5773	58
5774	51
5775	50
5776	57
5777	55
5778	54
5779	29
5780	47
5781	61
5782	68
5783	54
5784	49
5785	61
5786	58
5787	58
5788	56
5789	43
5790	56
5791	58
5792	57
5793	58
5794	57
5795	57
5796	56
5797	44
5798	51
5799	57
5800	47
5801	60
5802	57
5803	65
5804	63
5805	58
5806	53
5807	55
5808	54
5809	46
5810	58
5811	58
5812	52
5813	53
5814	52
5815	57
5816	48
5817	54
5818	60
5819	59
5820	40
5821	49
5822	51
5823	46
5824	40
5825	47
5826	54
5827	59
5828	54
5829	62
5830	65
5831	66
5832	56
5833	47
5834	57
5835	69
5836	70
5837	59
5838	53
5839	58
5840	46
5841	51
5842	52
5843	66
5844	70
5845	51
5846	54
5847	50
5848	56
5849	58
5850	64
5851	60
5852	56
5853	55
5854	53
5855	69
5856	59
5857	53
5858	71
5859	73
5860	52
5861	55
5862	54
5863	47
5864	55
5865	62
5866	77
5867	58
5868	71
5869	43
5870	55
5871	57
5872	59
5873	74
5874	54
5875	50
5876	66
5877	73
5878	58
5879	64
5880	63
5881	68
5882	61
5883	66
5884	60
5885	79
5886	62
5887	53
5888	58
5889	72
5890	69
5891	64
5892	52
5893	50
5894	73
5895	65
5896	62
5897	80
5898	57
5899	86
5900	65
5901	72
5902	72
5903	69
5904	65
5905	54
5906	73
5907	73
5908	58
5909	66
5910	75
5911	69
5912	56
5913	65
5914	75
5915	65
5916	79
5917	59
5918	68
5919	71
5920	61
5921	64
5922	60
5923	67
5924	65
5925	51
5926	72
5927	78
5928	60
5929	61
5930	60
5931	69
5932	66
5933	64
5934	65
5935	56
5936	59
5937	59
5938	57
5939	65
5940	68
5941	71
5942	48
5943	69
5944	72
5945	70
5946	71
5947	73
5948	64
5949	70
5950	65
5951	71
5952	64
5953	75
5954	70
5955	70
5956	75
5957	59
5958	69
5959	60
5960	75
5961	66
5962	65
5963	72
5964	58
5965	74
5966	73
5967	51
5968	59
5969	79
5970	69
5971	62
5972	78
5973	74
5974	61
5975	83
5976	68
5977	58
5978	69
5979	72
5980	77
5981	69
5982	68
5983	66
5984	63
5985	68
5986	66
5987	60
5988	71
5989	88
5990	65
5991	79
5992	78
5993	70
5994	84
5995	66
5996	69
5997	60
5998	65
5999	62
6000	61
6001	76
6002	84
6003	61
6004	70
6005	70
6006	94
6007	56
6008	80
6009	64
6010	56
6011	89
6012	74
6013	61
6014	60
6015	59
6016	74
6017	73
6018	67
6019	62
6020	71
6021	57
6022	59
6023	93
6024	71
6025	60
6026	63
6027	73
6028	59
6029	56
6030	76
6031	71
6032	68
6033	78
6034	64
6035	73
6036	85
6037	66
6038	60
6039	74
6040	61
6041	59
6042	71
6043	65
6044	86
6045	85
6046	73
6047	66
6048	65
6049	91
6050	83
6051	88
6052	74
6053	76
6054	80
6055	83
6056	74
6057	78
6058	68
6059	66
6060	69
6061	68
6062	81
6063	69
6064	69
6065	74
6066	74
6067	64
6068	78
6069	53
6070	78
6071	69
6072	60
6073	70
6074	72
6075	63
6076	64
6077	63
6078	79
6079	62
6080	57
6081	83
6082	67
6083	73
6084	71
6085	62
6086	75
6087	67
6088	78
6089	63
6090	68
6091	82
6092	64
6093	66
6094	87
6095	79
6096	67
6097	61
6098	76
6099	78
6100	62
6101	60
6102	66
6103	69
6104	66
6105	66
6106	61
6107	68
6108	66
6109	57
6110	65
6111	71
6112	56
6113	58
6114	65
6115	58
6116	77
6117	71
6118	63
6119	67
6120	65
6121	68
6122	62
6123	84
6124	60
6125	62
6126	67
6127	64
6128	63
6129	59
6130	74
6131	67
6132	64
6133	73
6134	76
6135	53
6136	55
6137	68
6138	59
6139	68
6140	64
6141	74
6142	66
6143	67
6144	64
6145	68
6146	53
6147	71
6148	60
6149	71
6150	72
6151	72
6152	65
6153	66
6154	67
6155	68
6156	63
6157	68
6158	66
6159	54
6160	63
6161	50
6162	55
6163	72
6164	63
6165	62
6166	53
6167	61
6168	56
6169	70
6170	52
6171	54
6172	68
6173	55
6174	49
6175	58
6176	53
6177	50
6178	67
6179	43
6180	57
6181	51
6182	59
6183	53
6184	48
6185	47
6186	50
6187	62
6188	53
6189	57
6190	63
6191	59
6192	45
6193	54
6194	57
6195	56
6196	54
6197	61
6198	64
6199	51
6200	53
6201	64
6202	53
6203	42
6204	42
6205	51
6206	49
6207	45
6208	41
6209	55
6210	51
6211	58
6212	47
6213	46
6214	55
6215	54
6216	58
6217	55
6218	52
6219	45
6220	54
6221	55
6222	47
6223	43
6224	51
6225	49
6226	50
6227	47
6228	46
6229	41
6230	49
6231	54
6232	47
6233	58
6234	49
6235	49
6236	48
6237	39
6238	37
6239	46
6240	40
6241	41
6242	45
6243	53
6244	55
6245	41
6246	50
6247	45
6248	40
6249	35
6250	35
6251	44
6252	47
6253	41
6254	42
6255	46
6256	49
6257	49
6258	42
6259	44
6260	43
6261	44
6262	36
6263	31
6264	40
6265	44
6266	39
6267	42
6268	44
6269	37
6270	44
6271	36
6272	49
6273	46
6274	42
6275	27
6276	39
6277	42
6278	38
6279	34
6280	36
6281	41
6282	32
6283	36
6284	40
6285	48
6286	27
6287	51
6288	41
6289	50
6290	35
6291	36
6292	44
6293	35
6294	37
6295	33
6296	39
6297	36
6298	35
6299	39
6300	37
6301	39
6302	35
6303	30
6304	37
6305	27
6306	24
6307	35
6308	27
6309	28
6310	43
6311	39
6312	37
6313	29
6314	34
6315	21
6316	28
6317	30
6318	41
6319	49
6320	24
6321	33
6322	28
6323	28
6324	40
6325	23
6326	35
6327	36
6328	30
6329	29
6330	26
6331	32
6332	41
6333	29
6334	37
6335	35
6336	23
6337	25
6338	18
6339	29
6340	36
6341	39
6342	26
6343	28
6344	24
6345	27
6346	26
6347	36
6348	28
6349	28
6350	18
6351	35
6352	22
6353	23
6354	18
6355	28
6356	26
6357	32
6358	22
6359	29
6360	28
6361	27
6362	28
6363	22
6364	27
6365	16
6366	24
6367	23
6368	30
6369	21
6370	17
6371	20
6372	22
6373	29
6374	30
6375	23
6376	24
6377	24
6378	28
6379	28
6380	24
6381	18
6382	14
6383	16
6384	22
6385	22
6386	24
6387	15
6388	19
6389	20
6390	15
6391	20
6392	20
6393	11
6394	14
6395	18
6396	17
6397	16
6398	27
6399	19
6400	20
6401	20
6402	19
6403	20
6404	17
6405	14
6406	22
6407	20
6408	16
6409	21
6410	18
6411	17
6412	20
6413	17
6414	18
6415	20
6416	10
6417	21
6418	17
6419	21
6420	14
6421	19
6422	16
6423	16
6424	15
6425	17
6426	13
6427	15
6428	15
6429	15
6430	10
6431	16
6432	17
6433	19
6434	19
6435	12
6436	13
6437	12
6438	11
6439	17
6440	12
6441	18
6442	15
6443	21
6444	17
6445	19
6446	12
6447	15
6448	20
6449	16
6450	21
6451	22
6452	13
6453	23
6454	11
6455	15
6456	11
6457	21
6458	18
6459	18
6460	16
6461	21
6462	11
6463	18
6464	10
6465	12
6466	11
6467	13
6468	8
6469	11
6470	14
6471	12
6472	12
6473	9
6474	12
6475	7
6476	15
6477	14
6478	15
6479	20
6480	15
6481	18
6482	18
6483	11
6484	14
6485	14
6486	10
6487	12
6488	7
6489	15
6490	19
6491	15
6492	13
6493	14
6494	9
6495	12
6496	7
6497	23
6498	17
6499	10
6500	11
6501	15
6502	9
6503	11
6504	18
6505	17
6506	18
6507	13
6508	17
6509	10
6510	12
6511	2
6512	12
6513	4
6514	8
6515	16
6516	19
6517	10
6518	13
6519	8
6520	13
6521	11
6522	10
6523	10
6524	12
6525	13
6526	12
6527	8
6528	17
6529	19
6530	10
6531	8
6532	9
6533	15
6534	12
6535	11
6536	8
6537	8
6538	15
6539	11
6540	11
6541	15
6542	10
6543	12
6544	7
6545	19
6546	16
6547	13
6548	2
6549	11
6550	5
6551	14
6552	8
6553	13
6554	10
6555	13
6556	9
6557	19
6558	3
6559	8
6560	13
6561	8
6562	9
6563	10
6564	10
6565	6
6566	10
6567	10
6568	7
6569	14
6570	8
6571	3
6572	13
6573	12
6574	7
6575	10
6576	12
6577	9
6578	7
6579	7
6580	12
6581	12
6582	11
6583	9
6584	13
6585	4
6586	6
6587	6
6588	7
6589	12
6590	7
6591	8
6592	14
6593	11
6594	6
6595	7
6596	11
6597	8
6598	4
6599	12
6600	6
6601	9
6602	8
6603	7
6604	9
6605	11
6606	13
6607	12
6608	11
6609	9
6610	10
6611	8
6612	9
6613	8
6614	7
6615	15
6616	10
6617	13
6618	9
6619	11
6620	6
6621	12
6622	11
6623	7
6624	5
6625	11
6626	5
6627	8
6628	9
6629	8
6630	5
6631	12
6632	7
6633	9
6634	13
6635	12
6636	11
6637	11
6638	5
6639	3
6640	6
6641	7
6642	11
6643	8
6644	6
6645	10
6646	7
6647	12
6648	6
6649	8
6650	8
6651	11
6652	10
6653	11
6654	4
6655	7
6656	6
6657	8
6658	5
6659	14
6660	12
6661	9
6662	11
6663	5
6664	6
6665	7
6666	11
6667	4
6668	10
6669	11
6670	10
6671	3
6672	7
6673	9
6674	2
6675	6
6676	2
6677	7
6678	6
6679	8
6680	9
6681	6
6682	6
6683	10
6684	4
6685	5
6686	5
6687	9
6688	12
6689	8
6690	9
6691	7
6692	12
6693	6
6694	6
6695	8
6696	2
6697	6
6698	9
6699	9
6700	6
6701	6
6702	9
6703	8
6704	9
6705	6
6706	7
6707	8
6708	11
6709	4
6710	5
6711	6
6712	7
6713	10
6714	3
6715	6
6716	10
6717	7
6718	6
6719	9
6720	4
6721	6
6722	9
6723	5
6724	4
6725	9
6726	4
6727	7
6728	4
6729	10
6730	7
6731	9
6732	5
6733	4
6734	3
6735	10
6736	6
6737	7
6738	7
6739	7
6740	3
6741	9
6742	8
6743	6
6744	12
6745	10
6746	13
6747	5
6748	3
6749	6
6750	9
6751	11
6752	4
6753	6
6754	5
6755	6
6756	8
6757	4
6758	4
6759	11
6760	6
6761	6
6762	8
6763	9
6764	3
6765	11
6766	10
6767	8
6768	5
6769	8
6770	3
6771	3
6772	6
6773	7
6774	5
6775	5
6776	10
6777	7
6778	6
6779	3
6780	8
6781	4
6782	9
6783	3
6784	6
6785	8
6786	4
6787	8
6788	6
6789	7
6790	7
6791	8
6792	5
6793	6
6794	6
6795	3
6796	6
6797	6
6798	5
6799	9
6800	4
6801	9
6802	3
6803	9
6804	6
6805	10
6806	2
6807	3
6808	4
6809	6
6810	8
6811	4
6812	10
6813	5
6814	7
6815	8
6816	8
6817	7
6818	1
6819	3
6820	9
6821	5
6822	3
6823	7
6824	4
6825	7
6826	4
6827	5
6828	6
6829	3
6830	7
6831	3
6832	2
6833	2
6834	4
6835	6
6836	6
6837	6
6838	4
6839	6
6840	4
6841	3
6842	5
6843	9
6844	2
6845	4
6846	2
6847	1
6848	4
6849	5
6850	5
6851	3
6852	10
6853	4
6854	4
6855	5
6856	4
6857	3
6858	3
6859	10
6860	4
6861	6
6862	3
6863	6
6864	4
6865	4
6866	6
6867	9
6868	4
6869	5
6870	5
6871	1
6872	3
6873	2
6874	6
6875	6
6876	7
6877	6
6878	5
6879	3
6880	2
6881	2
6882	7
6883	8
6884	7
6885	5
6886	0
6887	6
6888	5
6889	3
6890	3
6891	3
6892	2
6893	4
6894	5
6895	1
6896	8
6897	5
6898	7
6899	5
6900	2
6901	4
6902	4
6903	3
6904	3
6905	3
6906	2
6907	8
6908	2
6909	7
6910	4
6911	2
6912	3
6913	3
6914	4
6915	1
6916	1
6917	2
6918	4
6919	1
6920	5
6921	5
6922	4
6923	4
6924	4
6925	4
6926	4
6927	8
6928	6
6929	2
6930	2
6931	9
6932	3
6933	3
6934	2
6935	5
6936	4
6937	2
6938	5
6939	2
6940	2
6941	6
6942	2
6943	2
6944	4
6945	5
6946	3
6947	3
6948	5
6949	4
6950	4
6951	5
6952	4
6953	5
6954	1
6955	5
6956	2
6957	4
6958	1
6959	4
6960	1
6961	2
6962	3
6963	0
6964	4
6965	2
6966	5
6967	4
6968	1
6969	3
6970	5
6971	2
6972	4
6973	4
6974	3
6975	3
6976	4
6977	3
6978	4
6979	2
6980	3
6981	1
6982	1
6983	1
6984	4
6985	1
6986	3
6987	3
6988	5
6989	2
6990	4
6991	3
6992	7
6993	1
6994	0
6995	5
6996	3
6997	2
6998	5
6999	3
7000	1
7001	3
7002	3
7003	1
7004	2
7005	6
7006	3
7007	2
7008	2
7009	2
7010	4
7011	3
7012	3
7013	2
7014	3
7015	3
7016	4
7017	4
7018	4
7019	2
7020	2
7021	2
7022	2
7023	1
7024	3
7025	2
7026	5
7027	1
7028	4
7029	2
7030	1
7031	4
7032	2
7033	4
7034	2
7035	2
7036	4
7037	3
7038	2
7039	5
7040	2
7041	2
7042	1
7043	3
7044	1
7045	1
7046	2
7047	5
7048	9
7049	3
7050	3
7051	3
7052	1
7053	3
7054	3
7055	1
7056	5
7057	4
7058	1
7059	1
7060	4
7061	5
7062	1
7063	0
7064	2
7065	3
7066	3
7067	5
7068	3
7069	1
7070	3
7071	5
7072	5
7073	5
7074	3
7075	1
7076	0
7077	5
7078	2
7079	2
7080	2
7081	4
7082	3
7083	4
7084	1
7085	2
7086	5
7087	3
7088	4
7089	2
7090	3
7091	1
7092	2
7093	3
7094	2
7095	2
7096	1
7097	1
7098	1
7099	2
7100	3
7101	3
7102	1
7103	3
7104	2
7105	6
7106	3
7107	0
7108	2
7109	2
7110	1
7111	2
7112	4
7113	5
7114	4
7115	3
7116	2
7117	3
7118	5
7119	2
7120	4
7121	0
7122	1
7123	2
7124	6
7125	6
7126	1
7127	3
7128	4
7129	5
7130	3
7131	1
7132	2
7133	4
7134	4
7135	2
7136	0
7137	1
7138	7
7139	2
7140	2
7141	1
7142	4
7143	2
7144	0
7145	2
7146	4
7147	2
7148	4
7149	1
7150	3
7151	2
7152	5
7153	1
7154	4
7155	3
7156	2
7157	4
7158	4
7159	5
7160	1
7161	2
7162	1
7163	6
7164	2
7165	1
7166	1
7167	3
7168	4
7169	6
7170	4
7171	0
7172	1
7173	1
7174	1
7175	6
7176	1
7177	3
7178	2
7179	3
7180	2
7181	2
7182	0
7183	1
7184	1
7185	3
7186	2
7187	3
7188	1
7189	3
7190	3
7191	2
7192	3
7193	1
7194	1
7195	2
7196	3
7197	2
7198	1
7199	2
7200	0
7201	2
7202	3
7203	2
7204	4
7205	1
7206	4
7207	4
7208	3
7209	2
7210	0
7211	2
7212	0
7213	2
7214	3
7215	4
7216	2
7217	1
7218	2
7219	3
7220	3
7221	0
7222	2
7223	2
7224	1
7225	2
7226	2
7227	3
7228	2
7229	3
7230	2
7231	4
7232	3
7233	1
7234	1
7235	3
7236	3
7237	1
7238	2
7239	1
7240	2
7241	3
7242	2
7243	4
7244	2
7245	2
7246	3
7247	2
7248	1
7249	3
7250	2
7251	1
7252	4
7253	3
7254	1
7255	4
7256	0
7257	1
7258	0
7259	4
7260	0
7261	2
7262	3
7263	1
7264	3
7265	3
7266	2
7267	1
7268	2
7269	1
7270	4
7271	3
7272	1
7273	2
7274	1
7275	3
7276	2
7277	4
7278	5
7279	3
7280	0
7281	4
7282	2
7283	2
7284	1
7285	2
7286	2
7287	4
7288	0
7289	1
7290	1
7291	1
7292	1
7293	4
7294	3
7295	4
7296	4
7297	2
7298	2
7299	0
7300	2
7301	1
7302	1
7303	3
7304	3
7305	2
7306	1
7307	2
7308	2
7309	0
7310	5
7311	0
7312	3
7313	4
7314	3
7315	4
7316	2
7317	2
7318	3
7319	1
7320	1
7321	5
7322	1
7323	5
7324	3
7325	1
7326	2
7327	1
7328	2
7329	4
7330	1
7331	0
7332	3
7333	1
7334	4
7335	1
7336	2
7337	3
7338	2
7339	1
7340	0
7341	2
7342	2
7343	4
7344	1
7345	2
7346	3
7347	0
7348	5
7349	0
7350	3
7351	0
7352	2
7353	2
7354	3
7355	4
7356	2
7357	2
7358	1
7359	2
7360	0
7361	2
7362	3
7363	1
7364	5
7365	6
7366	1
7367	2
7368	0
7369	2
7370	3
7371	1
7372	1
7373	2
7374	3
7375	1
7376	1
7377	2
7378	3
7379	4
7380	1
7381	4
7382	1
7383	2
7384	2
7385	2
7386	1
7387	2
7388	3
7389	1
7390	3
7391	5
7392	0
7393	1
7394	3
7395	2
7396	0
7397	3
7398	2
7399	3
7400	4
7401	2
7402	2
7403	0
7404	2
7405	4
7406	2
7407	1
7408	2
7409	3
7410	1
7411	3
7412	1
7413	2
7414	4
7415	0
7416	0
7417	0
7418	3
7419	3
7420	2
7421	2
7422	1
7423	2
7424	1
7425	2
7426	3
7427	1
7428	1
7429	2
7430	4
7431	1
7432	1
7433	1
7434	2
7435	2
7436	1
7437	2
7438	1
7439	1
7440	1
7441	4
7442	1
7443	3
7444	2
7445	3
7446	1
7447	2
7448	1
7449	2
7450	1
7451	5
7452	4
7453	0
7454	2
7455	3
7456	3
7457	2
7458	3
7459	2
7460	4
7461	3
7462	1
7463	2
7464	3
7465	2
7466	4
7467	1
7468	1
7469	1
7470	0
7471	3
7472	1
7473	2
7474	2
7475	2
7476	1
7477	4
7478	1
7479	2
7480	0
7481	1
7482	4
7483	2
7484	3
7485	2
7486	3
7487	3
7488	3
7489	1
7490	3
7491	3
7492	0
7493	2
7494	1
7495	2
7496	3
7497	3
7498	3
7499	0
7500	1
7501	1
7502	2
7503	3
7504	0
7505	1
7506	5
7507	0
7508	3
7509	1
7510	2
7511	2
7512	1
7513	2
7514	5
7515	2
7516	2
7517	1
7518	1
7519	2
7520	2
7521	1
7522	3
7523	5
7524	2
7525	3
7526	2
7527	2
7528	0
7529	0
7530	2
7531	2
7532	2
7533	1
7534	1
7535	0
7536	6
7537	2
7538	0
7539	2
7540	3
7541	0
7542	3
7543	1
7544	1
7545	0
7546	3
7547	0
7548	2
7549	3
7550	1
7551	1
7552	1
7553	0
7554	2
7555	1
7556	2
7557	1
7558	0
7559	1
7560	0
7561	1
7562	1
7563	1
7564	0
7565	1
7566	1
7567	1
7568	0
7569	2
7570	3
7571	1
7572	3
7573	3
7574	2
7575	0
7576	0
7577	4
7578	2
7579	2
7580	0
7581	2
7582	0
7583	1
7584	1
7585	2
7586	1
7587	2
7588	2
7589	2
7590	1
7591	4
7592	5
7593	0
7594	1
7595	0
7596	1
7597	1
7598	3
7599	2
7600	1
7601	3
7602	2
7603	1
7604	2
7605	1
7606	2
7607	2
7608	3
7609	0
7610	0
7611	0
7612	2
7613	1
7614	2
7615	4
7616	2
7617	1
7618	0
7619	2
7620	0
7621	1
7622	0
7623	1
7624	3
7625	1
7626	3
7627	0
7628	2
7629	4
7630	1
7631	2
7632	1
7633	2
7634	0
7635	2
7636	0
7637	1
7638	1
7639	3
7640	1
7641	1
7642	5
7643	2
7644	5
7645	2
7646	1
7647	1
7648	2
7649	1
7650	0
7651	1
7652	0
7653	3
7654	3
7655	2
7656	0
7657	1
7658	1
7659	2
7660	3
7661	2
7662	3
7663	5
7664	1
7665	3
7666	2
7667	4
7668	3
7669	0
7670	3
7671	1
7672	2
7673	3
7674	1
7675	2
7676	2
7677	2
7678	3
7679	1
7680	2
7681	2
7682	3
7683	1
7684	3
7685	0
7686	3
7687	3
7688	3
7689	3
7690	2
7691	0
7692	0
7693	3
7694	4
7695	1
7696	4
7697	1
7698	2
7699	1
7700	4
7701	1
7702	0
7703	0
7704	4
7705	2
7706	2
7707	2
7708	2
7709	1
7710	2
7711	0
7712	1
7713	1
7714	2
7715	4
7716	2
7717	2
7718	4
7719	1
7720	3
7721	0
7722	1
7723	4
7724	1
7725	2
7726	3
7727	0
7728	3
7729	4
7730	1
7731	2
7732	0
7733	2
7734	1
7735	1
7736	1
7737	3
7738	2
7739	3
7740	0
7741	3
7742	3
7743	3
7744	0
7745	5
7746	2
7747	2
7748	2
7749	1
7750	1
7751	4
7752	1
7753	1
7754	3
7755	1
7756	1
7757	1
7758	3
7759	4
7760	1
7761	1
7762	1
7763	0
7764	1
7765	3
7766	0
7767	4
7768	1
7769	3
7770	0
7771	0
7772	2
7773	2
7774	1
7775	1
7776	0
7777	4
7778	1
7779	0
7780	2
7781	0
7782	2
7783	1
7784	2
7785	2
7786	1
7787	1
7788	2
7789	0
7790	3
7791	2
7792	1
7793	3
7794	2
7795	0
7796	2
7797	0
7798	4
7799	4
7800	5
7801	1
7802	3
7803	0
7804	3
7805	0
7806	1
7807	1
7808	1
7809	1
7810	3
7811	1
7812	1
7813	2
7814	2
7815	2
7816	2
7817	1
7818	0
7819	3
7820	0
7821	1
7822	2
7823	2
7824	1
7825	1
7826	4
7827	0
7828	0
7829	0
7830	1
7831	2
7832	4
7833	0
7834	2
7835	2
7836	4
7837	5
7838	4
7839	4
7840	0
7841	3
7842	1
7843	2
7844	1
7845	2
7846	3
7847	2
7848	1
7849	0
7850	3
7851	1
7852	2
7853	1
7854	1
7855	0
7856	0
7857	1
7858	0
7859	3
7860	2
7861	0
7862	0
7863	2
7864	0
7865	1
7866	1
7867	1
7868	2
7869	2
7870	0
7871	3
7872	1
7873	3
7874	5
7875	1
7876	0
7877	1
7878	3
7879	2
7880	3
7881	3
7882	0
7883	2
7884	2
7885	4
7886	1
7887	3
7888	1
7889	2
7890	0
7891	1
7892	0
7893	0
7894	0
7895	2
7896	0
7897	2
7898	2
7899	3
7900	0
7901	2
7902	0
7903	4
7904	2
7905	0
7906	0
7907	2
7908	1
7909	1
7910	4
7911	0
7912	0
7913	2
7914	2
7915	1
7916	1
7917	2
7918	1
7919	2
7920	1
7921	0
7922	0
7923	2
7924	1
7925	0
7926	0
7927	4
7928	1
7929	1
7930	2
7931	0
7932	3
7933	2
7934	2
7935	4
7936	0
7937	1
7938	3
7939	2
7940	4
7941	1
7942	3
7943	3
7944	1
7945	1
7946	4
7947	1
7948	1
7949	2
7950	1
7951	2
7952	1
7953	1
7954	1
7955	1
7956	1
7957	1
7958	1
7959	0
7960	1
7961	0
7962	0
7963	0
7964	1
7965	3
7966	2
7967	2
7968	0
7969	2
7970	1
7971	1
7972	2
7973	1
7974	3
7975	3
7976	2
7977	3
7978	2
7979	0
7980	3
7981	2
7982	1
7983	1
7984	0
7985	3
7986	0
7987	1
7988	5
7989	2
7990	4
7991	4
7992	1
7993	0
7994	0
7995	1
7996	2
7997	1
7998	1
7999	1
8000	1
8001	0
8002	0
8003	2
8004	2
8005	4
8006	3
8007	0
8008	2
8009	0
8010	2
8011	1
8012	0
8013	0
8014	2
8015	0
8016	1
8017	3
8018	2
8019	0
8020	1
8021	1
8022	2
8023	1
8024	2
8025	3
8026	2
8027	2
8028	3
8029	0
8030	2
8031	1
8032	3
8033	1
8034	4
8035	1
8036	0
8037	0
8038	2
8039	1
8040	2
8041	4
8042	2
8043	3
8044	1
8045	2
8046	2
8047	0
8048	4
8049	0
8050	2
8051	2
8052	3
8053	0
8054	3
8055	1
8056	1
8057	1
8058	3
8059	1
8060	2
8061	0
8062	0
8063	0
8064	0
8065	1
8066	2
8067	2
8068	0
8069	2
8070	1
8071	1
8072	1
8073	2
8074	1
8075	2
8076	1
8077	1
8078	2
8079	0
8080	0
8081	1
8082	1
8083	1
8084	1
8085	1
8086	1
8087	2
8088	3
8089	2
8090	1
8091	0
8092	2
8093	0
8094	4
8095	1
8096	1
8097	1
8098	0
8099	0
8100	2
8101	1
8102	1
8103	1
8104	3
8105	1
8106	0
8107	1
8108	1
8109	1
8110	2
8111	1
8112	1
8113	0
8114	0
8115	0
8116	0
8117	0
8118	0
8119	0
8120	1
8121	0
8122	0
8123	0
8124	0
8125	0
8126	0
8127	0
8128	0
8129	0
8130	0
8131	0
8132	1
8133	0
8134	0
8135	0
8136	1
8137	0
8138	0
8139	0
8140	0
8141	0
8142	0
8143	0
8144	0
8145	0
8146	0
8147	0
8148	0
8149	0
8150	0
8151	0
8152	0
8153	0
8154	0
8155	0
8156	0
8157	0
8158	0
8159	0
8160	0
8161	0
8162	0
8163	0
8164	0
8165	0
8166	0
8167	0
8168	0
8169	0
8170	0
8171	0
8172	0
8173	0
8174	0
8175	0
8176	0
8177	0
8178	0
8179	0
8180	0
8181	0
8182	0
8183	0
8184	0
8185	0
8186	0
8187	0
8188	0
8189	0
8190	0
8191	0
