0	0
1	0
2	0
3	0
4	0
5	0
6	0
7	0
8	0
9	0
10	0
11	0
12	0
13	0
14	0
15	0
16	0
17	0
18	0
19	0
20	0
21	0
22	0
23	0
24	0
25	0
26	0
27	0
28	0
29	0
30	0
31	0
32	0
33	0
34	0
35	0
36	0
37	0
38	0
39	0
40	0
41	0
42	1
43	0
44	0
45	0
46	0
47	0
48	0
49	0
50	0
51	0
52	0
53	0
54	0
55	0
56	0
57	0
58	0
59	0
60	0
61	0
62	0
63	0
64	0
65	0
66	0
67	0
68	0
69	0
70	1
71	0
72	0
73	0
74	0
75	0
76	0
77	0
78	0
79	1
80	1
81	0
82	0
83	1
84	0
85	0
86	0
87	0
88	0
89	0
90	1
91	1
92	0
93	0
94	0
95	0
96	0
97	0
98	0
99	0
100	0
101	0
102	0
103	0
104	0
105	0
106	0
107	0
108	0
109	0
110	0
111	0
112	0
113	0
114	0
115	0
116	0
117	0
118	0
119	1
120	0
121	0
122	0
123	0
124	0
125	0
126	0
127	0
128	0
129	0
130	0
131	0
132	0
133	0
134	0
135	0
136	0
137	0
138	0
139	0
140	0
141	0
142	0
143	0
144	0
145	0
146	0
147	0
148	0
149	0
150	0
151	0
152	0
153	0
154	0
155	0
156	1
157	0
158	0
159	0
160	0
161	0
162	0
163	0
164	0
165	0
166	0
167	0
168	0
169	0
170	0
171	0
172	0
173	0
174	0
175	0
176	0
177	0
178	0
179	0
180	0
181	0
182	0
183	0
184	0
185	0
186	0
187	0
188	0
189	0
190	0
191	0
192	1
193	0
194	0
195	0
196	0
197	0
198	0
199	0
200	1
201	0
202	0
203	0
204	0
205	0
206	0
207	1
208	0
209	0
210	0
211	0
212	0
213	0
214	0
215	0
216	0
217	0
218	0
219	0
220	0
221	0
222	0
223	0
224	0
225	0
226	0
227	0
228	0
229	0
230	0
231	0
232	0
233	0
234	1
235	0
236	1
237	1
238	0
239	0
240	0
241	0
242	0
243	0
244	0
245	0
246	0
247	0
248	0
249	0
250	0
251	0
252	0
253	0
254	0
255	0
256	0
257	0
258	0
259	0
260	0
261	0
262	0
263	0
264	1
265	0
266	0
267	0
268	0
269	0
270	0
271	0
272	0
273	0
274	0
275	1
276	1
277	1
278	0
279	0
280	0
281	0
282	0
283	0
284	0
285	0
286	0
287	1
288	0
289	0
290	0
291	0
292	0
293	0
294	0
295	1
296	0
297	0
298	0
299	0
300	1
301	0
302	0
303	0
304	0
305	0
306	0
307	0
308	0
309	0
310	0
311	0
312	1
313	0
314	0
315	0
316	1
317	0
318	0
319	0
320	2
321	1
322	0
323	0
324	0
325	0
326	0
327	0
328	0
329	0
330	1
331	0
332	0
333	0
334	1
335	0
336	1
337	0
338	0
339	0
340	0
341	0
342	0
343	0
344	0
345	0
346	0
347	0
348	0
349	1
350	2
351	1
352	1
353	1
354	1
355	0
356	0
357	0
358	0
359	1
360	0
361	0
362	2
363	0
364	1
365	0
366	1
367	0
368	2
369	1
370	2
371	0
372	0
373	2
374	3
375	2
376	2
377	4
378	2
379	4
380	1
381	2
382	2
383	3
384	2
385	1
386	5
387	2
388	3
389	3
390	5
391	1
392	5
393	3
394	4
395	6
396	5
397	5
398	2
399	5
400	3
401	4
402	4
403	8
404	13
405	10
406	13
407	9
408	5
409	9
410	9
411	10
412	14
413	9
414	8
415	15
416	10
417	12
418	12
419	18
420	14
421	16
422	27
423	15
424	16
425	12
426	17
427	24
428	26
429	15
430	26
431	28
432	21
433	33
434	35
435	31
436	35
437	30
438	29
439	32
440	31
441	41
442	43
443	32
444	37
445	41
446	33
447	54
448	40
449	45
450	39
451	38
452	49
453	50
454	46
455	49
456	40
457	55
458	58
459	58
460	54
461	57
462	39
463	56
464	59
465	63
466	55
467	53
468	70
469	71
470	52
471	66
472	57
473	46
474	58
475	63
476	59
477	49
478	62
479	58
480	65
481	62
482	70
483	56
484	70
485	61
486	59
487	55
488	52
489	65
490	78
491	62
492	58
493	67
494	70
495	58
496	59
497	54
498	67
499	67
500	62
501	65
502	68
503	67
504	67
505	62
506	59
507	61
508	71
509	78
510	61
511	68
512	69
513	75
514	60
515	64
516	64
517	65
518	62
519	67
520	83
521	74
522	78
523	72
524	71
525	64
526	69
527	61
528	55
529	52
530	74
531	64
532	69
533	73
534	79
535	66
536	51
537	53
538	78
539	52
540	51
541	54
542	58
543	58
544	56
545	46
546	72
547	67
548	58
549	49
550	55
551	67
552	56
553	57
554	51
555	50
556	36
557	52
558	40
559	61
560	41
561	50
562	42
563	58
564	42
565	41
566	36
567	50
568	32
569	49
570	40
571	35
572	38
573	35
574	26
575	49
576	33
577	41
578	35
579	33
580	40
581	28
582	56
583	48
584	37
585	38
586	33
587	31
588	35
589	32
590	41
591	36
592	27
593	43
594	39
595	46
596	50
597	37
598	41
599	44
600	34
601	52
602	40
603	31
604	34
605	43
606	34
607	28
608	38
609	49
610	43
611	38
612	49
613	46
614	46
615	45
616	58
617	45
618	53
619	58
620	43
621	51
622	39
623	48
624	52
625	51
626	56
627	45
628	55
629	51
630	50
631	50
632	48
633	64
634	67
635	70
636	66
637	52
638	57
639	61
640	64
641	65
642	67
643	64
644	78
645	75
646	69
647	72
648	73
649	70
650	98
651	79
652	75
653	85
654	74
655	86
656	85
657	94
658	96
659	80
660	81
661	97
662	87
663	105
664	84
665	94
666	80
667	83
668	99
669	104
670	91
671	109
672	109
673	126
674	100
675	113
676	101
677	135
678	120
679	130
680	107
681	120
682	130
683	121
684	135
685	129
686	153
687	152
688	115
689	147
690	150
691	129
692	141
693	123
694	132
695	157
696	144
697	149
698	162
699	147
700	161
701	179
702	127
703	185
704	158
705	184
706	181
707	170
708	205
709	168
710	166
711	167
712	213
713	143
714	173
715	193
716	192
717	182
718	202
719	194
720	216
721	197
722	194
723	222
724	223
725	213
726	216
727	196
728	212
729	207
730	208
731	209
732	188
733	194
734	212
735	213
736	209
737	221
738	225
739	206
740	232
741	253
742	233
743	230
744	250
745	251
746	235
747	250
748	225
749	245
750	212
751	245
752	238
753	265
754	219
755	264
756	233
757	239
758	194
759	241
760	223
761	227
762	225
763	251
764	243
765	241
766	279
767	239
768	256
769	254
770	230
771	246
772	278
773	252
774	256
775	247
776	226
777	237
778	249
779	264
780	220
781	259
782	258
783	262
784	255
785	217
786	226
787	240
788	224
789	228
790	220
791	232
792	202
793	252
794	222
795	234
796	254
797	238
798	219
799	213
800	257
801	207
802	268
803	220
804	240
805	223
806	232
807	238
808	209
809	209
810	221
811	225
812	222
813	224
814	207
815	217
816	215
817	200
818	194
819	197
820	206
821	189
822	196
823	196
824	170
825	211
826	203
827	212
828	191
829	197
830	203
831	199
832	175
833	213
834	200
835	209
836	195
837	178
838	225
839	197
840	195
841	169
842	183
843	219
844	232
845	178
846	197
847	182
848	199
849	189
850	215
851	200
852	211
853	209
854	220
855	187
856	224
857	229
858	205
859	197
860	174
861	189
862	212
863	199
864	215
865	233
866	208
867	226
868	203
869	217
870	246
871	215
872	200
873	224
874	254
875	230
876	196
877	228
878	252
879	238
880	221
881	252
882	228
883	230
884	258
885	234
886	288
887	273
888	229
889	231
890	248
891	245
892	247
893	272
894	274
895	264
896	260
897	294
898	285
899	286
900	287
901	282
902	284
903	266
904	280
905	266
906	276
907	284
908	291
909	281
910	267
911	296
912	316
913	282
914	328
915	304
916	290
917	311
918	321
919	281
920	296
921	259
922	313
923	301
924	300
925	297
926	312
927	294
928	329
929	304
930	294
931	336
932	341
933	289
934	323
935	359
936	322
937	309
938	338
939	327
940	302
941	291
942	310
943	338
944	338
945	323
946	326
947	308
948	325
949	322
950	323
951	296
952	371
953	312
954	298
955	326
956	318
957	327
958	266
959	316
960	310
961	328
962	299
963	310
964	297
965	304
966	302
967	298
968	325
969	294
970	313
971	272
972	303
973	297
974	280
975	298
976	277
977	257
978	294
979	298
980	301
981	302
982	293
983	268
984	264
985	312
986	274
987	268
988	279
989	282
990	268
991	291
992	267
993	267
994	269
995	246
996	263
997	259
998	265
999	258
1000	257
1001	239
1002	248
1003	243
1004	258
1005	259
1006	266
1007	265
1008	246
1009	257
1010	267
1011	244
1012	241
1013	275
1014	260
1015	257
1016	264
1017	275
1018	244
1019	249
1020	273
1021	260
1022	274
1023	244
1024	266
1025	273
1026	218
1027	257
1028	248
1029	228
1030	223
1031	281
1032	241
1033	281
1034	273
1035	259
1036	263
1037	286
1038	265
1039	250
1040	259
1041	297
1042	275
1043	267
1044	262
1045	277
1046	248
1047	284
1048	280
1049	287
1050	301
1051	311
1052	310
1053	323
1054	314
1055	334
1056	306
1057	288
1058	290
1059	320
1060	286
1061	343
1062	343
1063	303
1064	348
1065	296
1066	340
1067	359
1068	315
1069	349
1070	347
1071	342
1072	374
1073	404
1074	352
1075	371
1076	377
1077	371
1078	391
1079	389
1080	420
1081	404
1082	427
1083	388
1084	422
1085	391
1086	441
1087	434
1088	462
1089	438
1090	462
1091	449
1092	445
1093	432
1094	461
1095	480
1096	508
1097	519
1098	506
1099	504
1100	567
1101	528
1102	579
1103	570
1104	621
1105	589
1106	573
1107	596
1108	577
1109	669
1110	633
1111	676
1112	646
1113	674
1114	684
1115	694
1116	722
1117	727
1118	745
1119	768
1120	725
1121	779
1122	758
1123	766
1124	802
1125	835
1126	820
1127	829
1128	928
1129	923
1130	875
1131	914
1132	908
1133	922
1134	905
1135	978
1136	994
1137	1007
1138	1015
1139	1079
1140	1060
1141	1041
1142	1107
1143	1096
1144	1100
1145	1162
1146	1126
1147	1155
1148	1176
1149	1209
1150	1257
1151	1207
1152	1286
1153	1207
1154	1308
1155	1268
1156	1268
1157	1303
1158	1360
1159	1362
1160	1419
1161	1354
1162	1383
1163	1436
1164	1492
1165	1463
1166	1543
1167	1452
1168	1446
1169	1507
1170	1553
1171	1450
1172	1470
1173	1507
1174	1592
1175	1574
1176	1586
1177	1556
1178	1545
1179	1565
1180	1555
1181	1540
1182	1668
1183	1659
1184	1611
1185	1649
1186	1662
1187	1666
1188	1594
1189	1592
1190	1653
1191	1656
1192	1641
1193	1737
1194	1566
1195	1616
1196	1702
1197	1723
1198	1616
1199	1654
1200	1615
1201	1656
1202	1555
1203	1590
1204	1631
1205	1662
1206	1484
1207	1601
1208	1572
1209	1529
1210	1506
1211	1523
1212	1494
1213	1538
1214	1578
1215	1471
1216	1450
1217	1500
1218	1508
1219	1436
1220	1510
1221	1365
1222	1370
1223	1411
1224	1402
1225	1379
1226	1296
1227	1338
1228	1335
1229	1255
1230	1197
1231	1250
1232	1212
1233	1203
1234	1202
1235	1165
1236	1114
1237	1134
1238	1094
1239	1070
1240	1081
1241	997
1242	996
1243	1005
1244	949
1245	959
1246	905
1247	993
1248	939
1249	914
1250	883
1251	878
1252	884
1253	780
1254	830
1255	846
1256	802
1257	728
1258	707
1259	717
1260	721
1261	707
1262	653
1263	650
1264	618
1265	638
1266	640
1267	598
1268	580
1269	588
1270	566
1271	506
1272	489
1273	497
1274	434
1275	460
1276	443
1277	425
1278	448
1279	405
1280	458
1281	395
1282	376
1283	338
1284	347
1285	375
1286	389
1287	350
1288	359
1289	300
1290	329
1291	323
1292	277
1293	266
1294	271
1295	276
1296	239
1297	240
1298	267
1299	266
1300	223
1301	206
1302	244
1303	195
1304	201
1305	230
1306	214
1307	206
1308	190
1309	201
1310	176
1311	194
1312	193
1313	153
1314	163
1315	158
1316	147
1317	141
1318	156
1319	156
1320	163
1321	166
1322	145
1323	151
1324	122
1325	122
1326	125
1327	137
1328	135
1329	128
1330	119
1331	120
1332	121
1333	135
1334	126
1335	109
1336	103
1337	112
1338	123
1339	103
1340	98
1341	93
1342	88
1343	119
1344	96
1345	115
1346	108
1347	95
1348	91
1349	106
1350	88
1351	91
1352	103
1353	99
1354	93
1355	89
1356	87
1357	74
1358	110
1359	95
1360	87
1361	100
1362	105
1363	92
1364	95
1365	104
1366	88
1367	87
1368	92
1369	102
1370	102
1371	91
1372	84
1373	79
1374	86
1375	80
1376	78
1377	100
1378	77
1379	99
1380	85
1381	104
1382	84
1383	89
1384	97
1385	101
1386	85
1387	97
1388	100
1389	95
1390	75
1391	79
1392	86
1393	76
1394	99
1395	91
1396	86
1397	95
1398	100
1399	74
1400	95
1401	83
1402	92
1403	86
1404	95
1405	92
1406	91
1407	82
1408	83
1409	74
1410	99
1411	92
1412	109
1413	94
1414	98
1415	80
1416	77
1417	91
1418	77
1419	105
1420	89
1421	98
1422	87
1423	102
1424	100
1425	91
1426	84
1427	78
1428	88
1429	89
1430	85
1431	113
1432	80
1433	104
1434	94
1435	102
1436	108
1437	105
1438	89
1439	101
1440	103
1441	95
1442	100
1443	74
1444	93
1445	102
1446	94
1447	90
1448	127
1449	118
1450	83
1451	70
1452	86
1453	88
1454	96
1455	113
1456	92
1457	100
1458	88
1459	88
1460	79
1461	74
1462	65
1463	97
1464	98
1465	103
1466	108
1467	90
1468	91
1469	90
1470	116
1471	83
1472	84
1473	105
1474	108
1475	85
1476	86
1477	94
1478	91
1479	102
1480	81
1481	100
1482	89
1483	94
1484	83
1485	114
1486	91
1487	106
1488	98
1489	121
1490	92
1491	85
1492	92
1493	82
1494	98
1495	100
1496	91
1497	82
1498	96
1499	92
1500	92
1501	105
1502	121
1503	106
1504	112
1505	102
1506	100
1507	109
1508	115
1509	109
1510	121
1511	108
1512	115
1513	120
1514	115
1515	80
1516	107
1517	112
1518	112
1519	110
1520	123
1521	105
1522	103
1523	119
1524	115
1525	97
1526	130
1527	99
1528	86
1529	112
1530	112
1531	111
1532	110
1533	97
1534	99
1535	92
1536	117
1537	111
1538	108
1539	110
1540	117
1541	102
1542	130
1543	121
1544	107
1545	113
1546	109
1547	126
1548	107
1549	128
1550	127
1551	123
1552	108
1553	108
1554	120
1555	131
1556	94
1557	109
1558	118
1559	129
1560	121
1561	126
1562	124
1563	134
1564	134
1565	128
1566	127
1567	123
1568	144
1569	143
1570	124
1571	112
1572	123
1573	109
1574	126
1575	129
1576	130
1577	137
1578	127
1579	144
1580	154
1581	144
1582	132
1583	141
1584	140
1585	131
1586	145
1587	144
1588	152
1589	147
1590	149
1591	149
1592	110
1593	132
1594	134
1595	143
1596	152
1597	137
1598	156
1599	144
1600	151
1601	150
1602	151
1603	142
1604	146
1605	155
1606	136
1607	151
1608	158
1609	149
1610	155
1611	170
1612	173
1613	159
1614	155
1615	141
1616	163
1617	161
1618	178
1619	156
1620	179
1621	198
1622	148
1623	182
1624	155
1625	151
1626	178
1627	164
1628	187
1629	193
1630	177
1631	206
1632	181
1633	179
1634	153
1635	188
1636	199
1637	192
1638	182
1639	174
1640	184
1641	186
1642	200
1643	210
1644	205
1645	176
1646	193
1647	183
1648	213
1649	195
1650	186
1651	220
1652	191
1653	206
1654	189
1655	205
1656	181
1657	192
1658	211
1659	210
1660	192
1661	187
1662	201
1663	185
1664	222
1665	197
1666	202
1667	241
1668	215
1669	197
1670	185
1671	179
1672	198
1673	204
1674	183
1675	207
1676	194
1677	207
1678	186
1679	205
1680	188
1681	200
1682	193
1683	213
1684	177
1685	158
1686	209
1687	228
1688	192
1689	216
1690	222
1691	196
1692	188
1693	187
1694	190
1695	180
1696	187
1697	182
1698	168
1699	193
1700	186
1701	208
1702	199
1703	191
1704	174
1705	168
1706	200
1707	188
1708	184
1709	185
1710	193
1711	174
1712	187
1713	169
1714	180
1715	194
1716	179
1717	183
1718	194
1719	184
1720	184
1721	184
1722	159
1723	178
1724	215
1725	166
1726	169
1727	158
1728	183
1729	180
1730	144
1731	150
1732	169
1733	146
1734	181
1735	173
1736	158
1737	165
1738	154
1739	166
1740	169
1741	137
1742	147
1743	149
1744	156
1745	162
1746	136
1747	169
1748	150
1749	145
1750	143
1751	142
1752	133
1753	156
1754	151
1755	138
1756	121
1757	133
1758	113
1759	126
1760	126
1761	130
1762	119
1763	142
1764	111
1765	131
1766	119
1767	124
1768	135
1769	118
1770	128
1771	118
1772	132
1773	123
1774	151
1775	139
1776	122
1777	119
1778	118
1779	132
1780	123
1781	117
1782	115
1783	123
1784	114
1785	114
1786	100
1787	111
1788	120
1789	95
1790	109
1791	129
1792	105
1793	111
1794	94
1795	94
1796	95
1797	124
1798	92
1799	107
1800	106
1801	87
1802	106
1803	82
1804	87
1805	91
1806	96
1807	99
1808	98
1809	114
1810	114
1811	104
1812	106
1813	92
1814	98
1815	80
1816	93
1817	96
1818	110
1819	92
1820	90
1821	112
1822	89
1823	81
1824	73
1825	114
1826	102
1827	91
1828	99
1829	100
1830	91
1831	94
1832	72
1833	73
1834	99
1835	86
1836	87
1837	90
1838	96
1839	94
1840	105
1841	91
1842	83
1843	91
1844	78
1845	85
1846	100
1847	99
1848	84
1849	88
1850	87
1851	100
1852	80
1853	90
1854	76
1855	91
1856	100
1857	75
1858	106
1859	88
1860	80
1861	92
1862	83
1863	87
1864	87
1865	77
1866	89
1867	93
1868	83
1869	88
1870	71
1871	92
1872	87
1873	95
1874	90
1875	94
1876	92
1877	88
1878	59
1879	75
1880	89
1881	104
1882	81
1883	76
1884	81
1885	93
1886	98
1887	87
1888	78
1889	73
1890	92
1891	94
1892	91
1893	76
1894	104
1895	83
1896	73
1897	95
1898	74
1899	90
1900	80
1901	90
1902	65
1903	83
1904	71
1905	85
1906	90
1907	102
1908	74
1909	90
1910	109
1911	105
1912	100
1913	91
1914	78
1915	104
1916	100
1917	77
1918	102
1919	97
1920	84
1921	74
1922	91
1923	96
1924	104
1925	98
1926	109
1927	98
1928	90
1929	95
1930	94
1931	102
1932	97
1933	90
1934	79
1935	108
1936	99
1937	113
1938	99
1939	93
1940	94
1941	98
1942	87
1943	89
1944	97
1945	89
1946	101
1947	75
1948	96
1949	98
1950	106
1951	87
1952	103
1953	102
1954	101
1955	90
1956	106
1957	99
1958	102
1959	95
1960	99
1961	111
1962	103
1963	96
1964	97
1965	104
1966	94
1967	96
1968	109
1969	83
1970	95
1971	111
1972	98
1973	100
1974	107
1975	91
1976	101
1977	106
1978	108
1979	92
1980	97
1981	96
1982	100
1983	102
1984	84
1985	94
1986	99
1987	100
1988	88
1989	113
1990	118
1991	104
1992	95
1993	97
1994	116
1995	109
1996	98
1997	99
1998	94
1999	89
2000	129
2001	102
2002	107
2003	89
2004	119
2005	116
2006	121
2007	124
2008	109
2009	100
2010	117
2011	106
2012	110
2013	115
2014	104
2015	130
2016	128
2017	94
2018	115
2019	107
2020	96
2021	102
2022	95
2023	122
2024	106
2025	105
2026	117
2027	105
2028	108
2029	130
2030	121
2031	112
2032	114
2033	116
2034	126
2035	113
2036	130
2037	118
2038	98
2039	140
2040	120
2041	110
2042	105
2043	111
2044	125
2045	112
2046	107
2047	110
2048	123
2049	105
2050	114
2051	119
2052	129
2053	116
2054	114
2055	112
2056	146
2057	122
2058	111
2059	119
2060	141
2061	130
2062	101
2063	107
2064	119
2065	133
2066	126
2067	115
2068	131
2069	121
2070	104
2071	115
2072	114
2073	118
2074	112
2075	104
2076	112
2077	123
2078	128
2079	134
2080	112
2081	131
2082	142
2083	102
2084	115
2085	128
2086	135
2087	140
2088	126
2089	131
2090	128
2091	117
2092	123
2093	112
2094	120
2095	108
2096	126
2097	137
2098	135
2099	129
2100	119
2101	118
2102	114
2103	116
2104	114
2105	117
2106	125
2107	128
2108	117
2109	124
2110	109
2111	116
2112	125
2113	120
2114	127
2115	134
2116	119
2117	134
2118	123
2119	138
2120	134
2121	131
2122	135
2123	133
2124	138
2125	128
2126	124
2127	137
2128	127
2129	147
2130	126
2131	114
2132	144
2133	129
2134	134
2135	137
2136	153
2137	139
2138	130
2139	141
2140	120
2141	154
2142	122
2143	139
2144	144
2145	121
2146	116
2147	134
2148	134
2149	140
2150	141
2151	113
2152	120
2153	139
2154	131
2155	141
2156	126
2157	151
2158	140
2159	139
2160	144
2161	150
2162	128
2163	134
2164	144
2165	170
2166	151
2167	143
2168	117
2169	130
2170	134
2171	166
2172	141
2173	136
2174	154
2175	156
2176	134
2177	149
2178	129
2179	138
2180	142
2181	150
2182	155
2183	138
2184	134
2185	151
2186	148
2187	146
2188	134
2189	134
2190	138
2191	136
2192	131
2193	144
2194	135
2195	150
2196	165
2197	144
2198	155
2199	145
2200	130
2201	146
2202	156
2203	145
2204	147
2205	177
2206	134
2207	155
2208	152
2209	154
2210	167
2211	132
2212	135
2213	141
2214	143
2215	154
2216	139
2217	145
2218	149
2219	151
2220	138
2221	137
2222	129
2223	181
2224	144
2225	163
2226	158
2227	132
2228	152
2229	144
2230	159
2231	168
2232	132
2233	136
2234	136
2235	159
2236	173
2237	131
2238	144
2239	172
2240	146
2241	153
2242	167
2243	136
2244	142
2245	134
2246	145
2247	127
2248	166
2249	142
2250	158
2251	153
2252	160
2253	124
2254	137
2255	152
2256	141
2257	137
2258	146
2259	150
2260	154
2261	136
2262	140
2263	145
2264	134
2265	129
2266	142
2267	123
2268	134
2269	139
2270	141
2271	147
2272	157
2273	141
2274	177
2275	131
2276	138
2277	146
2278	153
2279	134
2280	150
2281	162
2282	146
2283	134
2284	148
2285	158
2286	153
2287	173
2288	145
2289	146
2290	132
2291	142
2292	137
2293	142
2294	147
2295	125
2296	145
2297	135
2298	126
2299	139
2300	132
2301	136
2302	133
2303	148
2304	151
2305	139
2306	156
2307	132
2308	139
2309	125
2310	129
2311	137
2312	143
2313	161
2314	150
2315	129
2316	156
2317	131
2318	131
2319	146
2320	149
2321	128
2322	138
2323	157
2324	136
2325	132
2326	152
2327	136
2328	138
2329	136
2330	114
2331	137
2332	140
2333	117
2334	118
2335	132
2336	144
2337	123
2338	141
2339	135
2340	127
2341	135
2342	141
2343	130
2344	110
2345	130
2346	144
2347	137
2348	129
2349	119
2350	147
2351	123
2352	121
2353	135
2354	108
2355	132
2356	122
2357	134
2358	131
2359	142
2360	126
2361	134
2362	124
2363	126
2364	130
2365	155
2366	128
2367	110
2368	114
2369	112
2370	117
2371	144
2372	141
2373	123
2374	115
2375	138
2376	129
2377	131
2378	126
2379	119
2380	123
2381	125
2382	109
2383	111
2384	122
2385	122
2386	106
2387	132
2388	137
2389	108
2390	131
2391	132
2392	130
2393	132
2394	138
2395	128
2396	119
2397	97
2398	105
2399	134
2400	110
2401	112
2402	121
2403	132
2404	128
2405	130
2406	117
2407	104
2408	123
2409	110
2410	132
2411	119
2412	105
2413	105
2414	125
2415	133
2416	127
2417	105
2418	119
2419	126
2420	104
2421	106
2422	118
2423	111
2424	110
2425	112
2426	130
2427	120
2428	131
2429	136
2430	107
2431	114
2432	94
2433	112
2434	112
2435	103
2436	117
2437	130
2438	88
2439	107
2440	112
2441	116
2442	103
2443	111
2444	107
2445	124
2446	107
2447	104
2448	109
2449	100
2450	108
2451	123
2452	124
2453	103
2454	96
2455	114
2456	86
2457	103
2458	107
2459	117
2460	125
2461	96
2462	123
2463	96
2464	96
2465	100
2466	112
2467	123
2468	134
2469	121
2470	111
2471	109
2472	109
2473	102
2474	124
2475	105
2476	124
2477	133
2478	120
2479	112
2480	119
2481	138
2482	107
2483	115
2484	105
2485	103
2486	123
2487	108
2488	99
2489	112
2490	113
2491	90
2492	87
2493	97
2494	100
2495	92
2496	109
2497	112
2498	112
2499	111
2500	92
2501	122
2502	82
2503	113
2504	98
2505	111
2506	113
2507	91
2508	110
2509	111
2510	107
2511	95
2512	95
2513	107
2514	101
2515	91
2516	105
2517	97
2518	90
2519	96
2520	99
2521	89
2522	98
2523	89
2524	86
2525	127
2526	104
2527	94
2528	116
2529	87
2530	95
2531	102
2532	91
2533	78
2534	95
2535	88
2536	90
2537	93
2538	83
2539	87
2540	95
2541	91
2542	84
2543	93
2544	113
2545	112
2546	86
2547	104
2548	103
2549	84
2550	80
2551	114
2552	95
2553	100
2554	98
2555	80
2556	93
2557	105
2558	108
2559	89
2560	88
2561	100
2562	107
2563	99
2564	94
2565	85
2566	105
2567	96
2568	86
2569	85
2570	93
2571	113
2572	89
2573	91
2574	96
2575	98
2576	104
2577	75
2578	89
2579	94
2580	91
2581	105
2582	82
2583	94
2584	75
2585	93
2586	117
2587	93
2588	101
2589	81
2590	110
2591	81
2592	93
2593	97
2594	98
2595	106
2596	98
2597	94
2598	86
2599	112
2600	85
2601	108
2602	97
2603	81
2604	99
2605	70
2606	92
2607	96
2608	96
2609	88
2610	95
2611	104
2612	88
2613	96
2614	108
2615	98
2616	97
2617	99
2618	76
2619	90
2620	126
2621	102
2622	92
2623	98
2624	83
2625	95
2626	102
2627	74
2628	92
2629	103
2630	93
2631	89
2632	65
2633	97
2634	97
2635	91
2636	86
2637	97
2638	97
2639	87
2640	82
2641	94
2642	98
2643	102
2644	89
2645	80
2646	85
2647	83
2648	92
2649	89
2650	90
2651	91
2652	92
2653	78
2654	95
2655	92
2656	116
2657	100
2658	81
2659	70
2660	93
2661	72
2662	97
2663	93
2664	107
2665	107
2666	83
2667	92
2668	93
2669	82
2670	92
2671	94
2672	87
2673	100
2674	91
2675	94
2676	81
2677	80
2678	85
2679	91
2680	90
2681	97
2682	84
2683	88
2684	84
2685	92
2686	86
2687	84
2688	102
2689	88
2690	88
2691	76
2692	69
2693	92
2694	93
2695	93
2696	95
2697	87
2698	92
2699	94
2700	82
2701	75
2702	81
2703	96
2704	73
2705	72
2706	87
2707	80
2708	80
2709	91
2710	84
2711	77
2712	89
2713	81
2714	79
2715	70
2716	87
2717	87
2718	83
2719	84
2720	73
2721	85
2722	82
2723	87
2724	84
2725	88
2726	86
2727	97
2728	91
2729	86
2730	95
2731	95
2732	103
2733	91
2734	85
2735	88
2736	86
2737	81
2738	77
2739	74
2740	81
2741	75
2742	84
2743	80
2744	73
2745	83
2746	78
2747	79
2748	73
2749	80
2750	79
2751	85
2752	79
2753	95
2754	74
2755	90
2756	80
2757	93
2758	83
2759	77
2760	71
2761	60
2762	90
2763	90
2764	87
2765	89
2766	87
2767	87
2768	90
2769	71
2770	83
2771	81
2772	72
2773	75
2774	73
2775	72
2776	73
2777	80
2778	82
2779	70
2780	83
2781	82
2782	85
2783	62
2784	70
2785	92
2786	86
2787	79
2788	65
2789	76
2790	81
2791	82
2792	67
2793	86
2794	65
2795	71
2796	94
2797	63
2798	66
2799	72
2800	75
2801	68
2802	84
2803	64
2804	81
2805	69
2806	68
2807	76
2808	76
2809	86
2810	77
2811	78
2812	76
2813	82
2814	67
2815	63
2816	77
2817	69
2818	80
2819	84
2820	62
2821	70
2822	56
2823	77
2824	79
2825	63
2826	60
2827	60
2828	60
2829	54
2830	73
2831	77
2832	78
2833	72
2834	74
2835	48
2836	57
2837	64
2838	72
2839	64
2840	59
2841	71
2842	81
2843	74
2844	70
2845	65
2846	66
2847	73
2848	79
2849	64
2850	79
2851	80
2852	73
2853	83
2854	68
2855	52
2856	68
2857	76
2858	65
2859	70
2860	80
2861	86
2862	73
2863	58
2864	79
2865	81
2866	71
2867	67
2868	56
2869	68
2870	81
2871	82
2872	57
2873	71
2874	69
2875	63
2876	82
2877	58
2878	72
2879	54
2880	70
2881	54
2882	62
2883	68
2884	75
2885	66
2886	72
2887	63
2888	70
2889	67
2890	48
2891	53
2892	69
2893	58
2894	72
2895	68
2896	61
2897	68
2898	60
2899	58
2900	56
2901	73
2902	67
2903	67
2904	68
2905	67
2906	64
2907	62
2908	62
2909	77
2910	69
2911	78
2912	79
2913	66
2914	61
2915	43
2916	69
2917	66
2918	61
2919	62
2920	73
2921	58
2922	66
2923	58
2924	65
2925	80
2926	52
2927	58
2928	67
2929	57
2930	53
2931	56
2932	64
2933	63
2934	68
2935	74
2936	60
2937	65
2938	49
2939	59
2940	66
2941	68
2942	67
2943	72
2944	56
2945	62
2946	59
2947	66
2948	64
2949	80
2950	54
2951	76
2952	62
2953	57
2954	52
2955	67
2956	67
2957	62
2958	53
2959	78
2960	54
2961	52
2962	48
2963	56
2964	66
2965	61
2966	63
2967	56
2968	67
2969	62
2970	61
2971	46
2972	58
2973	64
2974	53
2975	62
2976	64
2977	65
2978	54
2979	58
2980	54
2981	66
2982	51
2983	55
2984	60
2985	60
2986	59
2987	62
2988	73
2989	53
2990	45
2991	57
2992	59
2993	50
2994	70
2995	59
2996	59
2997	52
2998	62
2999	66
3000	61
3001	72
3002	53
3003	67
3004	53
3005	69
3006	60
3007	66
3008	60
3009	63
3010	62
3011	72
3012	68
3013	62
3014	60
3015	60
3016	60
3017	63
3018	71
3019	47
3020	54
3021	45
3022	55
3023	65
3024	67
3025	52
3026	58
3027	76
3028	61
3029	73
3030	54
3031	59
3032	48
3033	64
3034	60
3035	40
3036	72
3037	62
3038	53
3039	66
3040	65
3041	49
3042	51
3043	59
3044	55
3045	62
3046	56
3047	47
3048	69
3049	62
3050	37
3051	56
3052	62
3053	77
3054	62
3055	58
3056	50
3057	55
3058	58
3059	59
3060	55
3061	49
3062	57
3063	65
3064	56
3065	67
3066	56
3067	53
3068	56
3069	53
3070	57
3071	58
3072	68
3073	52
3074	65
3075	54
3076	57
3077	65
3078	58
3079	49
3080	54
3081	53
3082	54
3083	54
3084	58
3085	71
3086	49
3087	59
3088	60
3089	61
3090	66
3091	70
3092	59
3093	59
3094	70
3095	51
3096	60
3097	53
3098	42
3099	59
3100	61
3101	45
3102	56
3103	60
3104	62
3105	65
3106	53
3107	51
3108	71
3109	56
3110	49
3111	53
3112	55
3113	65
3114	47
3115	47
3116	55
3117	62
3118	60
3119	52
3120	56
3121	48
3122	62
3123	53
3124	47
3125	45
3126	61
3127	59
3128	65
3129	67
3130	59
3131	50
3132	54
3133	67
3134	64
3135	61
3136	63
3137	53
3138	56
3139	50
3140	58
3141	60
3142	55
3143	58
3144	58
3145	58
3146	49
3147	45
3148	54
3149	50
3150	64
3151	55
3152	58
3153	59
3154	60
3155	50
3156	59
3157	52
3158	61
3159	59
3160	48
3161	47
3162	41
3163	56
3164	46
3165	62
3166	61
3167	46
3168	51
3169	58
3170	50
3171	65
3172	57
3173	52
3174	54
3175	45
3176	60
3177	51
3178	69
3179	42
3180	52
3181	42
3182	52
3183	53
3184	51
3185	56
3186	50
3187	59
3188	63
3189	40
3190	55
3191	54
3192	39
3193	54
3194	44
3195	42
3196	47
3197	52
3198	40
3199	44
3200	40
3201	48
3202	44
3203	43
3204	63
3205	58
3206	48
3207	53
3208	56
3209	45
3210	52
3211	56
3212	44
3213	47
3214	56
3215	46
3216	50
3217	47
3218	55
3219	52
3220	51
3221	43
3222	58
3223	55
3224	52
3225	50
3226	43
3227	60
3228	44
3229	43
3230	53
3231	55
3232	56
3233	47
3234	48
3235	55
3236	52
3237	51
3238	39
3239	45
3240	53
3241	40
3242	52
3243	60
3244	38
3245	43
3246	49
3247	41
3248	47
3249	67
3250	48
3251	51
3252	49
3253	52
3254	40
3255	54
3256	53
3257	35
3258	61
3259	53
3260	53
3261	58
3262	50
3263	43
3264	51
3265	48
3266	43
3267	61
3268	45
3269	49
3270	38
3271	52
3272	50
3273	32
3274	51
3275	40
3276	69
3277	37
3278	54
3279	59
3280	38
3281	40
3282	62
3283	59
3284	36
3285	50
3286	30
3287	41
3288	46
3289	55
3290	54
3291	45
3292	47
3293	43
3294	47
3295	56
3296	40
3297	43
3298	34
3299	53
3300	46
3301	39
3302	50
3303	49
3304	47
3305	55
3306	55
3307	54
3308	56
3309	33
3310	48
3311	44
3312	54
3313	47
3314	42
3315	41
3316	47
3317	47
3318	50
3319	48
3320	44
3321	45
3322	37
3323	48
3324	47
3325	51
3326	45
3327	40
3328	51
3329	53
3330	45
3331	46
3332	39
3333	44
3334	40
3335	48
3336	44
3337	31
3338	50
3339	47
3340	39
3341	45
3342	52
3343	48
3344	51
3345	38
3346	37
3347	40
3348	33
3349	39
3350	41
3351	49
3352	40
3353	41
3354	40
3355	39
3356	46
3357	32
3358	45
3359	45
3360	37
3361	56
3362	42
3363	43
3364	63
3365	32
3366	51
3367	41
3368	44
3369	45
3370	42
3371	41
3372	48
3373	42
3374	67
3375	36
3376	46
3377	55
3378	42
3379	39
3380	44
3381	38
3382	50
3383	51
3384	45
3385	43
3386	36
3387	42
3388	49
3389	48
3390	45
3391	34
3392	44
3393	40
3394	37
3395	55
3396	36
3397	38
3398	55
3399	33
3400	42
3401	37
3402	38
3403	37
3404	45
3405	48
3406	38
3407	51
3408	42
3409	36
3410	43
3411	42
3412	40
3413	37
3414	38
3415	41
3416	41
3417	40
3418	44
3419	47
3420	39
3421	34
3422	36
3423	31
3424	43
3425	42
3426	34
3427	40
3428	43
3429	62
3430	25
3431	54
3432	35
3433	40
3434	44
3435	43
3436	47
3437	37
3438	57
3439	52
3440	29
3441	36
3442	32
3443	49
3444	48
3445	51
3446	35
3447	46
3448	49
3449	40
3450	33
3451	26
3452	32
3453	37
3454	36
3455	41
3456	44
3457	35
3458	44
3459	48
3460	47
3461	43
3462	43
3463	53
3464	33
3465	43
3466	44
3467	45
3468	40
3469	36
3470	33
3471	41
3472	51
3473	53
3474	41
3475	34
3476	39
3477	39
3478	40
3479	47
3480	48
3481	45
3482	35
3483	38
3484	44
3485	45
3486	37
3487	40
3488	37
3489	38
3490	39
3491	44
3492	41
3493	46
3494	41
3495	37
3496	42
3497	41
3498	39
3499	41
3500	48
3501	38
3502	37
3503	49
3504	55
3505	50
3506	42
3507	38
3508	37
3509	48
3510	33
3511	54
3512	52
3513	52
3514	43
3515	44
3516	34
3517	48
3518	34
3519	47
3520	33
3521	54
3522	52
3523	43
3524	39
3525	47
3526	44
3527	48
3528	36
3529	39
3530	32
3531	48
3532	45
3533	38
3534	36
3535	44
3536	31
3537	46
3538	39
3539	39
3540	43
3541	43
3542	43
3543	43
3544	44
3545	36
3546	44
3547	35
3548	54
3549	40
3550	36
3551	36
3552	36
3553	42
3554	39
3555	44
3556	45
3557	33
3558	45
3559	42
3560	45
3561	32
3562	52
3563	50
3564	55
3565	46
3566	56
3567	42
3568	54
3569	50
3570	41
3571	44
3572	46
3573	44
3574	47
3575	58
3576	39
3577	42
3578	43
3579	45
3580	39
3581	44
3582	48
3583	55
3584	51
3585	45
3586	45
3587	57
3588	57
3589	44
3590	45
3591	44
3592	46
3593	54
3594	50
3595	41
3596	41
3597	37
3598	50
3599	45
3600	46
3601	51
3602	49
3603	54
3604	39
3605	51
3606	63
3607	49
3608	37
3609	55
3610	56
3611	71
3612	44
3613	58
3614	51
3615	53
3616	49
3617	43
3618	58
3619	56
3620	51
3621	52
3622	60
3623	41
3624	44
3625	57
3626	44
3627	59
3628	47
3629	59
3630	48
3631	62
3632	63
3633	60
3634	57
3635	56
3636	57
3637	62
3638	58
3639	61
3640	46
3641	52
3642	65
3643	53
3644	49
3645	53
3646	57
3647	51
3648	49
3649	64
3650	63
3651	63
3652	51
3653	57
3654	60
3655	40
3656	68
3657	63
3658	58
3659	74
3660	71
3661	69
3662	55
3663	72
3664	72
3665	61
3666	67
3667	54
3668	52
3669	74
3670	55
3671	65
3672	62
3673	64
3674	58
3675	48
3676	65
3677	58
3678	74
3679	64
3680	80
3681	47
3682	55
3683	64
3684	75
3685	70
3686	73
3687	69
3688	75
3689	78
3690	76
3691	68
3692	78
3693	65
3694	60
3695	66
3696	70
3697	75
3698	74
3699	67
3700	62
3701	67
3702	69
3703	81
3704	85
3705	74
3706	73
3707	71
3708	65
3709	64
3710	75
3711	67
3712	75
3713	76
3714	69
3715	72
3716	69
3717	79
3718	90
3719	70
3720	79
3721	85
3722	74
3723	92
3724	81
3725	92
3726	74
3727	97
3728	68
3729	80
3730	82
3731	76
3732	79
3733	70
3734	88
3735	80
3736	84
3737	72
3738	79
3739	69
3740	83
3741	101
3742	85
3743	79
3744	93
3745	83
3746	83
3747	64
3748	83
3749	76
3750	81
3751	81
3752	104
3753	94
3754	88
3755	91
3756	96
3757	92
3758	83
3759	91
3760	77
3761	90
3762	88
3763	69
3764	91
3765	94
3766	90
3767	88
3768	80
3769	92
3770	82
3771	93
3772	80
3773	75
3774	109
3775	90
3776	85
3777	87
3778	95
3779	95
3780	96
3781	101
3782	89
3783	93
3784	104
3785	100
3786	97
3787	106
3788	69
3789	92
3790	89
3791	94
3792	96
3793	72
3794	81
3795	86
3796	90
3797	93
3798	93
3799	91
3800	115
3801	80
3802	99
3803	103
3804	95
3805	97
3806	85
3807	108
3808	86
3809	97
3810	99
3811	102
3812	78
3813	103
3814	82
3815	95
3816	101
3817	108
3818	92
3819	104
3820	100
3821	91
3822	112
3823	113
3824	97
3825	109
3826	104
3827	115
3828	112
3829	97
3830	95
3831	109
3832	89
3833	98
3834	103
3835	111
3836	98
3837	82
3838	106
3839	117
3840	86
3841	107
3842	101
3843	84
3844	101
3845	113
3846	105
3847	108
3848	97
3849	104
3850	107
3851	95
3852	91
3853	102
3854	114
3855	96
3856	114
3857	96
3858	103
3859	128
3860	102
3861	111
3862	101
3863	116
3864	89
3865	101
3866	113
3867	91
3868	109
3869	108
3870	103
3871	93
3872	117
3873	108
3874	120
3875	101
3876	104
3877	108
3878	94
3879	104
3880	123
3881	105
3882	108
3883	98
3884	105
3885	105
3886	93
3887	90
3888	98
3889	106
3890	112
3891	104
3892	103
3893	126
3894	97
3895	105
3896	114
3897	104
3898	92
3899	107
3900	97
3901	115
3902	112
3903	111
3904	103
3905	116
3906	99
3907	97
3908	100
3909	94
3910	122
3911	109
3912	87
3913	106
3914	104
3915	108
3916	119
3917	113
3918	108
3919	101
3920	106
3921	104
3922	100
3923	108
3924	85
3925	123
3926	100
3927	107
3928	82
3929	110
3930	104
3931	111
3932	127
3933	97
3934	122
3935	128
3936	91
3937	107
3938	99
3939	83
3940	114
3941	95
3942	104
3943	115
3944	94
3945	99
3946	99
3947	128
3948	113
3949	113
3950	118
3951	117
3952	102
3953	96
3954	130
3955	94
3956	111
3957	102
3958	116
3959	118
3960	117
3961	130
3962	108
3963	119
3964	103
3965	116
3966	128
3967	131
3968	99
3969	100
3970	110
3971	116
3972	113
3973	124
3974	114
3975	137
3976	115
3977	128
3978	122
3979	115
3980	124
3981	138
3982	102
3983	113
3984	109
3985	127
3986	131
3987	128
3988	107
3989	115
3990	125
3991	122
3992	121
3993	120
3994	148
3995	129
3996	143
3997	134
3998	122
3999	109
4000	134
4001	113
4002	131
4003	120
4004	133
4005	141
4006	122
4007	128
4008	136
4009	127
4010	122
4011	119
4012	117
4013	128
4014	117
4015	121
4016	140
4017	127
4018	105
4019	124
4020	136
4021	122
4022	134
4023	130
4024	146
4025	126
4026	140
4027	135
4028	142
4029	123
4030	143
4031	165
4032	136
4033	130
4034	157
4035	143
4036	114
4037	137
4038	153
4039	122
4040	132
4041	112
4042	126
4043	161
4044	139
4045	147
4046	144
4047	99
4048	124
4049	139
4050	180
4051	137
4052	147
4053	127
4054	134
4055	155
4056	155
4057	141
4058	147
4059	139
4060	148
4061	133
4062	154
4063	169
4064	155
4065	155
4066	143
4067	171
4068	135
4069	168
4070	148
4071	152
4072	162
4073	155
4074	155
4075	169
4076	153
4077	160
4078	153
4079	160
4080	146
4081	175
4082	167
4083	158
4084	135
4085	172
4086	165
4087	161
4088	147
4089	162
4090	158
4091	156
4092	164
4093	170
4094	162
4095	170
4096	175
4097	187
4098	141
4099	170
4100	187
4101	156
4102	161
4103	145
4104	155
4105	153
4106	157
4107	174
4108	177
4109	170
4110	186
4111	175
4112	159
4113	178
4114	175
4115	157
4116	165
4117	180
4118	168
4119	155
4120	168
4121	160
4122	156
4123	158
4124	180
4125	175
4126	180
4127	153
4128	204
4129	192
4130	167
4131	155
4132	147
4133	164
4134	177
4135	144
4136	161
4137	178
4138	163
4139	180
4140	173
4141	170
4142	186
4143	167
4144	167
4145	181
4146	187
4147	157
4148	190
4149	170
4150	177
4151	167
4152	184
4153	186
4154	178
4155	177
4156	205
4157	167
4158	153
4159	159
4160	208
4161	173
4162	192
4163	195
4164	187
4165	176
4166	202
4167	204
4168	188
4169	178
4170	175
4171	197
4172	200
4173	189
4174	190
4175	185
4176	179
4177	188
4178	204
4179	181
4180	187
4181	174
4182	193
4183	159
4184	209
4185	205
4186	181
4187	172
4188	189
4189	205
4190	183
4191	172
4192	179
4193	167
4194	177
4195	185
4196	185
4197	217
4198	191
4199	203
4200	201
4201	190
4202	202
4203	183
4204	180
4205	195
4206	217
4207	182
4208	189
4209	185
4210	183
4211	195
4212	188
4213	211
4214	189
4215	206
4216	188
4217	173
4218	188
4219	167
4220	207
4221	171
4222	183
4223	189
4224	224
4225	192
4226	190
4227	162
4228	203
4229	190
4230	217
4231	181
4232	217
4233	197
4234	205
4235	208
4236	190
4237	184
4238	173
4239	184
4240	196
4241	204
4242	214
4243	194
4244	176
4245	203
4246	183
4247	209
4248	207
4249	198
4250	179
4251	181
4252	175
4253	204
4254	193
4255	185
4256	183
4257	183
4258	192
4259	185
4260	213
4261	184
4262	201
4263	174
4264	189
4265	211
4266	185
4267	182
4268	193
4269	183
4270	194
4271	175
4272	178
4273	152
4274	165
4275	194
4276	171
4277	183
4278	174
4279	200
4280	173
4281	154
4282	190
4283	212
4284	171
4285	193
4286	184
4287	179
4288	176
4289	190
4290	185
4291	171
4292	176
4293	163
4294	176
4295	161
4296	189
4297	184
4298	200
4299	177
4300	187
4301	167
4302	189
4303	191
4304	172
4305	169
4306	162
4307	184
4308	168
4309	177
4310	147
4311	177
4312	175
4313	184
4314	163
4315	169
4316	153
4317	156
4318	185
4319	193
4320	147
4321	162
4322	153
4323	160
4324	165
4325	160
4326	166
4327	160
4328	171
4329	168
4330	179
4331	157
4332	166
4333	143
4334	148
4335	170
4336	164
4337	156
4338	162
4339	162
4340	137
4341	163
4342	133
4343	157
4344	143
4345	174
4346	150
4347	154
4348	135
4349	136
4350	150
4351	161
4352	170
4353	134
4354	160
4355	138
4356	157
4357	142
4358	143
4359	138
4360	134
4361	132
4362	139
4363	144
4364	138
4365	134
4366	140
4367	149
4368	143
4369	129
4370	145
4371	140
4372	130
4373	124
4374	131
4375	142
4376	139
4377	128
4378	140
4379	119
4380	125
4381	108
4382	135
4383	127
4384	130
4385	129
4386	127
4387	149
4388	127
4389	116
4390	122
4391	125
4392	128
4393	142
4394	117
4395	109
4396	103
4397	124
4398	106
4399	123
4400	133
4401	119
4402	129
4403	114
4404	121
4405	96
4406	116
4407	111
4408	112
4409	117
4410	110
4411	131
4412	109
4413	102
4414	120
4415	114
4416	113
4417	93
4418	95
4419	137
4420	117
4421	95
4422	109
4423	121
4424	102
4425	106
4426	103
4427	98
4428	101
4429	110
4430	117
4431	117
4432	100
4433	115
4434	110
4435	118
4436	108
4437	110
4438	117
4439	82
4440	96
4441	102
4442	107
4443	108
4444	92
4445	98
4446	109
4447	96
4448	97
4449	108
4450	91
4451	117
4452	112
4453	102
4454	102
4455	112
4456	85
4457	111
4458	92
4459	98
4460	97
4461	95
4462	97
4463	96
4464	87
4465	91
4466	95
4467	82
4468	91
4469	88
4470	98
4471	91
4472	115
4473	89
4474	104
4475	92
4476	105
4477	104
4478	90
4479	81
4480	67
4481	91
4482	85
4483	92
4484	90
4485	80
4486	76
4487	80
4488	92
4489	76
4490	100
4491	90
4492	78
4493	71
4494	76
4495	97
4496	87
4497	75
4498	88
4499	86
4500	81
4501	94
4502	92
4503	80
4504	72
4505	82
4506	96
4507	91
4508	92
4509	74
4510	88
4511	77
4512	79
4513	81
4514	66
4515	81
4516	96
4517	91
4518	86
4519	79
4520	91
4521	90
4522	81
4523	95
4524	90
4525	94
4526	96
4527	92
4528	99
4529	92
4530	91
4531	88
4532	95
4533	72
4534	90
4535	78
4536	100
4537	97
4538	97
4539	82
4540	88
4541	87
4542	85
4543	94
4544	83
4545	90
4546	76
4547	99
4548	89
4549	82
4550	71
4551	98
4552	97
4553	90
4554	85
4555	91
4556	88
4557	77
4558	96
4559	99
4560	89
4561	111
4562	95
4563	85
4564	96
4565	95
4566	94
4567	89
4568	102
4569	82
4570	84
4571	80
4572	95
4573	95
4574	103
4575	86
4576	105
4577	100
4578	88
4579	83
4580	94
4581	116
4582	109
4583	96
4584	105
4585	92
4586	86
4587	120
4588	93
4589	101
4590	105
4591	115
4592	101
4593	102
4594	106
4595	116
4596	100
4597	96
4598	117
4599	87
4600	108
4601	112
4602	131
4603	97
4604	115
4605	106
4606	108
4607	128
4608	113
4609	120
4610	112
4611	133
4612	115
4613	121
4614	130
4615	122
4616	115
4617	127
4618	123
4619	142
4620	136
4621	119
4622	141
4623	116
4624	131
4625	113
4626	140
4627	139
4628	127
4629	114
4630	127
4631	132
4632	143
4633	150
4634	125
4635	132
4636	145
4637	128
4638	142
4639	129
4640	148
4641	126
4642	133
4643	144
4644	139
4645	163
4646	122
4647	152
4648	130
4649	120
4650	142
4651	136
4652	167
4653	160
4654	176
4655	165
4656	156
4657	151
4658	168
4659	158
4660	174
4661	177
4662	186
4663	178
4664	199
4665	190
4666	163
4667	165
4668	168
4669	173
4670	144
4671	160
4672	174
4673	163
4674	150
4675	179
4676	176
4677	208
4678	179
4679	182
4680	181
4681	176
4682	176
4683	187
4684	179
4685	198
4686	221
4687	184
4688	227
4689	226
4690	189
4691	185
4692	197
4693	198
4694	196
4695	233
4696	185
4697	218
4698	180
4699	197
4700	213
4701	210
4702	207
4703	217
4704	201
4705	216
4706	205
4707	227
4708	229
4709	199
4710	230
4711	225
4712	214
4713	225
4714	215
4715	229
4716	210
4717	222
4718	200
4719	269
4720	215
4721	240
4722	206
4723	248
4724	225
4725	255
4726	227
4727	230
4728	250
4729	248
4730	249
4731	237
4732	256
4733	256
4734	274
4735	259
4736	277
4737	266
4738	266
4739	241
4740	275
4741	275
4742	258
4743	248
4744	271
4745	283
4746	263
4747	298
4748	295
4749	257
4750	239
4751	276
4752	277
4753	263
4754	259
4755	287
4756	273
4757	276
4758	299
4759	294
4760	265
4761	286
4762	297
4763	303
4764	299
4765	272
4766	268
4767	267
4768	268
4769	340
4770	323
4771	319
4772	295
4773	330
4774	315
4775	319
4776	294
4777	311
4778	311
4779	329
4780	335
4781	300
4782	304
4783	306
4784	318
4785	315
4786	333
4787	319
4788	342
4789	351
4790	306
4791	354
4792	353
4793	387
4794	334
4795	381
4796	337
4797	340
4798	356
4799	398
4800	357
4801	353
4802	356
4803	398
4804	345
4805	350
4806	365
4807	327
4808	348
4809	366
4810	338
4811	370
4812	376
4813	333
4814	380
4815	383
4816	386
4817	368
4818	387
4819	362
4820	370
4821	350
4822	346
4823	360
4824	368
4825	397
4826	404
4827	351
4828	398
4829	362
4830	377
4831	398
4832	432
4833	345
4834	371
4835	422
4836	397
4837	389
4838	366
4839	386
4840	370
4841	383
4842	352
4843	388
4844	380
4845	399
4846	373
4847	378
4848	384
4849	414
4850	402
4851	382
4852	393
4853	419
4854	396
4855	423
4856	409
4857	397
4858	430
4859	396
4860	432
4861	452
4862	410
4863	442
4864	423
4865	426
4866	405
4867	416
4868	401
4869	438
4870	397
4871	442
4872	456
4873	381
4874	441
4875	438
4876	446
4877	442
4878	450
4879	417
4880	433
4881	428
4882	409
4883	459
4884	435
4885	427
4886	419
4887	438
4888	422
4889	409
4890	424
4891	432
4892	441
4893	414
4894	424
4895	447
4896	447
4897	445
4898	465
4899	452
4900	424
4901	454
4902	470
4903	446
4904	427
4905	482
4906	492
4907	435
4908	442
4909	453
4910	481
4911	466
4912	447
4913	454
4914	488
4915	461
4916	474
4917	439
4918	461
4919	455
4920	448
4921	455
4922	483
4923	426
4924	445
4925	457
4926	446
4927	450
4928	469
4929	456
4930	470
4931	435
4932	438
4933	436
4934	437
4935	445
4936	448
4937	436
4938	438
4939	465
4940	461
4941	464
4942	417
4943	493
4944	448
4945	488
4946	461
4947	510
4948	443
4949	452
4950	479
4951	431
4952	456
4953	485
4954	483
4955	479
4956	464
4957	493
4958	424
4959	472
4960	444
4961	504
4962	446
4963	496
4964	453
4965	475
4966	450
4967	412
4968	423
4969	449
4970	496
4971	453
4972	458
4973	464
4974	448
4975	418
4976	444
4977	449
4978	455
4979	435
4980	444
4981	447
4982	427
4983	487
4984	471
4985	458
4986	466
4987	461
4988	442
4989	484
4990	464
4991	435
4992	433
4993	465
4994	432
4995	456
4996	446
4997	444
4998	428
4999	431
5000	437
5001	441
5002	446
5003	457
5004	424
5005	469
5006	413
5007	407
5008	441
5009	435
5010	435
5011	424
5012	432
5013	436
5014	459
5015	474
5016	439
5017	449
5018	439
5019	465
5020	442
5021	445
5022	454
5023	388
5024	460
5025	467
5026	466
5027	437
5028	432
5029	464
5030	414
5031	438
5032	413
5033	422
5034	390
5035	426
5036	389
5037	438
5038	428
5039	411
5040	392
5041	434
5042	404
5043	412
5044	405
5045	396
5046	449
5047	413
5048	425
5049	425
5050	382
5051	413
5052	411
5053	386
5054	410
5055	382
5056	422
5057	417
5058	382
5059	372
5060	380
5061	427
5062	400
5063	409
5064	421
5065	377
5066	390
5067	424
5068	385
5069	385
5070	377
5071	406
5072	387
5073	380
5074	368
5075	390
5076	404
5077	389
5078	395
5079	387
5080	394
5081	391
5082	371
5083	356
5084	403
5085	323
5086	370
5087	378
5088	373
5089	377
5090	344
5091	359
5092	365
5093	363
5094	376
5095	364
5096	324
5097	375
5098	339
5099	349
5100	381
5101	332
5102	342
5103	322
5104	321
5105	355
5106	349
5107	327
5108	365
5109	309
5110	346
5111	363
5112	356
5113	340
5114	312
5115	355
5116	348
5117	330
5118	323
5119	338
5120	326
5121	319
5122	349
5123	348
5124	310
5125	324
5126	306
5127	300
5128	344
5129	292
5130	320
5131	307
5132	305
5133	295
5134	272
5135	306
5136	313
5137	338
5138	314
5139	304
5140	300
5141	302
5142	305
5143	283
5144	275
5145	313
5146	281
5147	299
5148	280
5149	283
5150	270
5151	284
5152	308
5153	291
5154	284
5155	301
5156	271
5157	324
5158	289
5159	292
5160	260
5161	299
5162	271
5163	287
5164	297
5165	280
5166	263
5167	290
5168	276
5169	282
5170	286
5171	268
5172	268
5173	273
5174	275
5175	265
5176	259
5177	264
5178	279
5179	271
5180	280
5181	249
5182	258
5183	261
5184	229
5185	276
5186	272
5187	256
5188	248
5189	259
5190	251
5191	251
5192	263
5193	271
5194	265
5195	267
5196	258
5197	223
5198	228
5199	218
5200	251
5201	201
5202	219
5203	250
5204	239
5205	243
5206	233
5207	243
5208	277
5209	246
5210	202
5211	234
5212	252
5213	212
5214	229
5215	248
5216	205
5217	229
5218	246
5219	235
5220	234
5221	243
5222	237
5223	228
5224	237
5225	234
5226	237
5227	225
5228	213
5229	213
5230	220
5231	223
5232	248
5233	212
5234	216
5235	224
5236	221
5237	193
5238	223
5239	211
5240	221
5241	229
5242	203
5243	212
5244	230
5245	207
5246	184
5247	198
5248	202
5249	238
5250	193
5251	171
5252	216
5253	212
5254	231
5255	194
5256	213
5257	204
5258	209
5259	204
5260	211
5261	191
5262	188
5263	204
5264	212
5265	166
5266	200
5267	190
5268	201
5269	201
5270	211
5271	229
5272	176
5273	183
5274	185
5275	191
5276	216
5277	207
5278	206
5279	198
5280	186
5281	185
5282	208
5283	206
5284	185
5285	192
5286	179
5287	184
5288	158
5289	164
5290	183
5291	196
5292	184
5293	209
5294	207
5295	167
5296	175
5297	180
5298	194
5299	163
5300	168
5301	153
5302	175
5303	171
5304	175
5305	200
5306	175
5307	171
5308	190
5309	194
5310	177
5311	172
5312	162
5313	171
5314	170
5315	162
5316	179
5317	184
5318	195
5319	172
5320	150
5321	175
5322	171
5323	160
5324	169
5325	181
5326	181
5327	184
5328	149
5329	181
5330	156
5331	163
5332	172
5333	191
5334	163
5335	170
5336	165
5337	157
5338	186
5339	193
5340	199
5341	163
5342	158
5343	167
5344	174
5345	177
5346	166
5347	174
5348	153
5349	166
5350	163
5351	155
5352	151
5353	184
5354	134
5355	163
5356	174
5357	191
5358	150
5359	166
5360	161
5361	165
5362	144
5363	166
5364	179
5365	182
5366	159
5367	169
5368	169
5369	169
5370	162
5371	177
5372	158
5373	150
5374	159
5375	149
5376	150
5377	143
5378	160
5379	148
5380	159
5381	172
5382	154
5383	165
5384	169
5385	154
5386	169
5387	156
5388	153
5389	133
5390	145
5391	177
5392	180
5393	180
5394	174
5395	161
5396	153
5397	161
5398	155
5399	177
5400	156
5401	159
5402	160
5403	167
5404	183
5405	152
5406	156
5407	140
5408	150
5409	141
5410	161
5411	159
5412	125
5413	152
5414	150
5415	145
5416	151
5417	129
5418	159
5419	128
5420	143
5421	166
5422	146
5423	126
5424	137
5425	151
5426	164
5427	135
5428	138
5429	164
5430	138
5431	139
5432	147
5433	161
5434	141
5435	161
5436	134
5437	145
5438	163
5439	146
5440	158
5441	162
5442	130
5443	131
5444	132
5445	149
5446	151
5447	119
5448	121
5449	154
5450	139
5451	123
5452	133
5453	131
5454	145
5455	163
5456	124
5457	126
5458	125
5459	141
5460	117
5461	146
5462	149
5463	181
5464	104
5465	154
5466	158
5467	145
5468	135
5469	144
5470	121
5471	130
5472	147
5473	146
5474	143
5475	134
5476	150
5477	120
5478	104
5479	101
5480	147
5481	127
5482	121
5483	153
5484	141
5485	128
5486	123
5487	152
5488	148
5489	125
5490	130
5491	121
5492	134
5493	130
5494	114
5495	135
5496	147
5497	107
5498	132
5499	120
5500	117
5501	108
5502	155
5503	120
5504	131
5505	124
5506	119
5507	118
5508	130
5509	128
5510	112
5511	127
5512	108
5513	103
5514	128
5515	121
5516	110
5517	124
5518	115
5519	126
5520	127
5521	99
5522	126
5523	131
5524	123
5525	99
5526	106
5527	94
5528	135
5529	109
5530	128
5531	115
5532	105
5533	101
5534	90
5535	106
5536	112
5537	120
5538	105
5539	111
5540	115
5541	89
5542	126
5543	101
5544	115
5545	109
5546	101
5547	104
5548	98
5549	111
5550	107
5551	109
5552	102
5553	108
5554	108
5555	112
5556	103
5557	105
5558	100
5559	94
5560	95
5561	93
5562	93
5563	101
5564	98
5565	104
5566	102
5567	101
5568	97
5569	82
5570	97
5571	87
5572	100
5573	107
5574	106
5575	85
5576	115
5577	106
5578	99
5579	84
5580	105
5581	86
5582	102
5583	94
5584	98
5585	111
5586	101
5587	85
5588	94
5589	91
5590	103
5591	74
5592	102
5593	89
5594	95
5595	74
5596	87
5597	88
5598	88
5599	100
5600	81
5601	93
5602	88
5603	84
5604	86
5605	85
5606	80
5607	79
5608	79
5609	86
5610	86
5611	95
5612	89
5613	77
5614	65
5615	82
5616	101
5617	75
5618	73
5619	77
5620	79
5621	87
5622	71
5623	80
5624	78
5625	77
5626	80
5627	91
5628	80
5629	82
5630	82
5631	70
5632	72
5633	84
5634	69
5635	58
5636	58
5637	52
5638	76
5639	84
5640	82
5641	85
5642	67
5643	68
5644	67
5645	63
5646	74
5647	52
5648	86
5649	72
5650	53
5651	64
5652	67
5653	64
5654	63
5655	74
5656	71
5657	76
5658	80
5659	56
5660	71
5661	74
5662	76
5663	75
5664	62
5665	59
5666	68
5667	81
5668	66
5669	63
5670	58
5671	61
5672	59
5673	57
5674	62
5675	61
5676	61
5677	72
5678	60
5679	67
5680	60
5681	55
5682	54
5683	58
5684	63
5685	53
5686	56
5687	55
5688	60
5689	58
5690	69
5691	65
5692	61
5693	58
5694	51
5695	65
5696	58
5697	56
5698	58
5699	58
5700	68
5701	56
5702	56
5703	51
5704	38
5705	55
5706	41
5707	35
5708	48
5709	46
5710	41
5711	41
5712	45
5713	56
5714	50
5715	56
5716	49
5717	40
5718	53
5719	54
5720	47
5721	44
5722	47
5723	56
5724	52
5725	57
5726	54
5727	44
5728	55
5729	55
5730	51
5731	49
5732	47
5733	38
5734	48
5735	43
5736	48
5737	39
5738	52
5739	38
5740	45
5741	64
5742	49
5743	55
5744	46
5745	63
5746	43
5747	39
5748	36
5749	48
5750	45
5751	47
5752	40
5753	57
5754	46
5755	46
5756	48
5757	46
5758	34
5759	41
5760	42
5761	24
5762	52
5763	39
5764	35
5765	50
5766	45
5767	41
5768	47
5769	35
5770	43
5771	36
5772	47
5773	47
5774	47
5775	36
5776	42
5777	45
5778	55
5779	41
5780	49
5781	43
5782	35
5783	40
5784	39
5785	52
5786	39
5787	43
5788	44
5789	36
5790	46
5791	56
5792	48
5793	40
5794	37
5795	38
5796	44
5797	34
5798	39
5799	42
5800	46
5801	32
5802	34
5803	32
5804	37
5805	33
5806	33
5807	30
5808	48
5809	45
5810	40
5811	31
5812	41
5813	36
5814	45
5815	34
5816	41
5817	33
5818	27
5819	42
5820	36
5821	43
5822	36
5823	40
5824	41
5825	39
5826	36
5827	44
5828	35
5829	40
5830	33
5831	33
5832	26
5833	46
5834	29
5835	22
5836	38
5837	23
5838	25
5839	26
5840	37
5841	34
5842	45
5843	38
5844	42
5845	42
5846	36
5847	34
5848	33
5849	26
5850	33
5851	40
5852	41
5853	31
5854	39
5855	40
5856	42
5857	30
5858	34
5859	39
5860	32
5861	39
5862	39
5863	27
5864	34
5865	32
5866	42
5867	38
5868	32
5869	37
5870	29
5871	43
5872	44
5873	51
5874	29
5875	44
5876	49
5877	31
5878	30
5879	34
5880	30
5881	37
5882	35
5883	46
5884	34
5885	43
5886	51
5887	43
5888	42
5889	37
5890	33
5891	37
5892	43
5893	42
5894	37
5895	49
5896	45
5897	39
5898	42
5899	39
5900	58
5901	36
5902	32
5903	33
5904	44
5905	37
5906	53
5907	34
5908	42
5909	30
5910	38
5911	46
5912	38
5913	48
5914	22
5915	34
5916	30
5917	40
5918	38
5919	38
5920	39
5921	35
5922	43
5923	47
5924	56
5925	43
5926	37
5927	41
5928	51
5929	31
5930	44
5931	48
5932	34
5933	41
5934	45
5935	37
5936	37
5937	30
5938	43
5939	39
5940	52
5941	49
5942	38
5943	45
5944	40
5945	35
5946	40
5947	34
5948	46
5949	38
5950	43
5951	40
5952	39
5953	41
5954	38
5955	35
5956	41
5957	29
5958	44
5959	48
5960	45
5961	39
5962	39
5963	47
5964	46
5965	44
5966	47
5967	52
5968	41
5969	33
5970	43
5971	40
5972	43
5973	38
5974	33
5975	39
5976	34
5977	47
5978	46
5979	45
5980	53
5981	54
5982	43
5983	51
5984	35
5985	48
5986	31
5987	39
5988	63
5989	51
5990	37
5991	47
5992	43
5993	53
5994	47
5995	37
5996	52
5997	39
5998	47
5999	40
6000	31
6001	45
6002	43
6003	28
6004	44
6005	52
6006	44
6007	43
6008	52
6009	49
6010	41
6011	49
6012	53
6013	46
6014	47
6015	36
6016	43
6017	30
6018	44
6019	40
6020	46
6021	48
6022	64
6023	47
6024	41
6025	39
6026	52
6027	55
6028	50
6029	42
6030	51
6031	48
6032	40
6033	40
6034	38
6035	45
6036	42
6037	43
6038	48
6039	49
6040	59
6041	42
6042	49
6043	48
6044	46
6045	42
6046	56
6047	52
6048	56
6049	51
6050	46
6051	50
6052	42
6053	49
6054	62
6055	55
6056	32
6057	40
6058	42
6059	43
6060	48
6061	44
6062	57
6063	57
6064	55
6065	45
6066	57
6067	42
6068	43
6069	52
6070	46
6071	56
6072	39
6073	49
6074	52
6075	55
6076	49
6077	46
6078	49
6079	55
6080	58
6081	44
6082	42
6083	40
6084	51
6085	47
6086	61
6087	49
6088	56
6089	47
6090	55
6091	49
6092	47
6093	56
6094	56
6095	48
6096	43
6097	45
6098	44
6099	44
6100	34
6101	43
6102	53
6103	44
6104	34
6105	53
6106	46
6107	39
6108	58
6109	42
6110	43
6111	55
6112	48
6113	40
6114	57
6115	55
6116	44
6117	57
6118	66
6119	49
6120	52
6121	59
6122	45
6123	47
6124	62
6125	51
6126	43
6127	51
6128	49
6129	39
6130	48
6131	47
6132	39
6133	54
6134	45
6135	52
6136	50
6137	49
6138	52
6139	52
6140	49
6141	58
6142	49
6143	47
6144	53
6145	37
6146	40
6147	50
6148	51
6149	35
6150	56
6151	48
6152	54
6153	55
6154	37
6155	53
6156	64
6157	60
6158	43
6159	50
6160	41
6161	48
6162	59
6163	30
6164	65
6165	42
6166	42
6167	60
6168	50
6169	46
6170	43
6171	46
6172	37
6173	56
6174	51
6175	54
6176	51
6177	56
6178	65
6179	52
6180	64
6181	44
6182	51
6183	59
6184	52
6185	40
6186	57
6187	47
6188	41
6189	48
6190	51
6191	49
6192	55
6193	49
6194	44
6195	46
6196	48
6197	42
6198	57
6199	53
6200	57
6201	54
6202	45
6203	42
6204	64
6205	51
6206	55
6207	44
6208	58
6209	44
6210	48
6211	41
6212	42
6213	42
6214	40
6215	54
6216	54
6217	57
6218	55
6219	43
6220	53
6221	43
6222	49
6223	54
6224	39
6225	52
6226	42
6227	52
6228	55
6229	58
6230	47
6231	39
6232	43
6233	43
6234	37
6235	48
6236	49
6237	50
6238	40
6239	41
6240	57
6241	45
6242	44
6243	56
6244	54
6245	56
6246	41
6247	52
6248	40
6249	51
6250	41
6251	44
6252	29
6253	56
6254	50
6255	38
6256	42
6257	39
6258	44
6259	44
6260	30
6261	50
6262	54
6263	42
6264	48
6265	33
6266	39
6267	42
6268	48
6269	36
6270	36
6271	37
6272	34
6273	52
6274	44
6275	46
6276	30
6277	52
6278	40
6279	34
6280	38
6281	41
6282	51
6283	44
6284	38
6285	49
6286	37
6287	36
6288	52
6289	45
6290	40
6291	33
6292	42
6293	34
6294	34
6295	35
6296	37
6297	29
6298	40
6299	36
6300	45
6301	34
6302	43
6303	41
6304	35
6305	34
6306	35
6307	46
6308	34
6309	35
6310	33
6311	34
6312	30
6313	34
6314	35
6315	33
6316	41
6317	47
6318	29
6319	38
6320	32
6321	38
6322	36
6323	39
6324	39
6325	42
6326	37
6327	35
6328	32
6329	24
6330	42
6331	28
6332	35
6333	34
6334	44
6335	36
6336	35
6337	30
6338	39
6339	41
6340	44
6341	32
6342	33
6343	31
6344	41
6345	33
6346	32
6347	36
6348	24
6349	32
6350	30
6351	36
6352	32
6353	30
6354	26
6355	26
6356	32
6357	30
6358	33
6359	33
6360	38
6361	23
6362	25
6363	31
6364	30
6365	23
6366	28
6367	20
6368	37
6369	32
6370	28
6371	35
6372	25
6373	25
6374	27
6375	26
6376	16
6377	32
6378	27
6379	26
6380	28
6381	23
6382	26
6383	27
6384	27
6385	30
6386	27
6387	27
6388	22
6389	30
6390	25
6391	22
6392	27
6393	35
6394	32
6395	20
6396	27
6397	36
6398	24
6399	22
6400	35
6401	29
6402	28
6403	20
6404	21
6405	24
6406	18
6407	25
6408	27
6409	21
6410	26
6411	25
6412	20
6413	21
6414	19
6415	26
6416	23
6417	15
6418	24
6419	30
6420	19
6421	18
6422	26
6423	17
6424	27
6425	24
6426	23
6427	18
6428	12
6429	28
6430	19
6431	24
6432	27
6433	30
6434	16
6435	14
6436	18
6437	24
6438	14
6439	19
6440	25
6441	21
6442	22
6443	20
6444	26
6445	14
6446	19
6447	21
6448	18
6449	19
6450	26
6451	16
6452	15
6453	20
6454	20
6455	20
6456	21
6457	16
6458	19
6459	20
6460	26
6461	15
6462	17
6463	20
6464	29
6465	17
6466	14
6467	16
6468	14
6469	25
6470	10
6471	25
6472	15
6473	15
6474	16
6475	18
6476	13
6477	7
6478	12
6479	28
6480	14
6481	18
6482	15
6483	11
6484	21
6485	15
6486	18
6487	17
6488	17
6489	10
6490	20
6491	15
6492	16
6493	12
6494	12
6495	17
6496	11
6497	23
6498	16
6499	19
6500	17
6501	17
6502	13
6503	15
6504	11
6505	26
6506	16
6507	13
6508	10
6509	11
6510	14
6511	8
6512	16
6513	12
6514	8
6515	8
6516	14
6517	17
6518	16
6519	14
6520	11
6521	14
6522	16
6523	17
6524	15
6525	13
6526	15
6527	11
6528	17
6529	15
6530	11
6531	20
6532	15
6533	16
6534	13
6535	10
6536	15
6537	12
6538	18
6539	8
6540	10
6541	13
6542	9
6543	14
6544	11
6545	9
6546	8
6547	16
6548	8
6549	14
6550	7
6551	11
6552	20
6553	16
6554	9
6555	16
6556	10
6557	17
6558	6
6559	14
6560	11
6561	15
6562	13
6563	7
6564	15
6565	10
6566	11
6567	8
6568	6
6569	11
6570	10
6571	15
6572	11
6573	10
6574	16
6575	15
6576	11
6577	12
6578	10
6579	14
6580	13
6581	9
6582	8
6583	10
6584	7
6585	10
6586	8
6587	9
6588	9
6589	11
6590	6
6591	7
6592	9
6593	11
6594	14
6595	9
6596	11
6597	6
6598	2
6599	11
6600	5
6601	9
6602	15
6603	8
6604	5
6605	13
6606	8
6607	17
6608	9
6609	7
6610	15
6611	9
6612	11
6613	7
6614	13
6615	10
6616	7
6617	11
6618	13
6619	8
6620	10
6621	8
6622	7
6623	6
6624	8
6625	8
6626	15
6627	9
6628	10
6629	11
6630	7
6631	9
6632	11
6633	11
6634	10
6635	6
6636	9
6637	10
6638	8
6639	0
6640	4
6641	7
6642	12
6643	9
6644	12
6645	12
6646	4
6647	7
6648	4
6649	5
6650	6
6651	5
6652	9
6653	3
6654	6
6655	7
6656	4
6657	10
6658	12
6659	8
6660	8
6661	8
6662	6
6663	6
6664	9
6665	7
6666	5
6667	13
6668	3
6669	7
6670	4
6671	6
6672	7
6673	4
6674	5
6675	9
6676	5
6677	6
6678	5
6679	10
6680	11
6681	1
6682	13
6683	1
6684	7
6685	10
6686	10
6687	5
6688	3
6689	8
6690	5
6691	5
6692	8
6693	6
6694	7
6695	11
6696	12
6697	7
6698	6
6699	9
6700	7
6701	5
6702	7
6703	11
6704	5
6705	7
6706	10
6707	5
6708	7
6709	7
6710	11
6711	11
6712	6
6713	7
6714	2
6715	7
6716	9
6717	6
6718	6
6719	7
6720	8
6721	7
6722	7
6723	4
6724	7
6725	8
6726	14
6727	11
6728	2
6729	10
6730	5
6731	1
6732	7
6733	10
6734	7
6735	10
6736	7
6737	2
6738	8
6739	8
6740	3
6741	6
6742	4
6743	7
6744	3
6745	3
6746	9
6747	0
6748	4
6749	10
6750	6
6751	5
6752	8
6753	13
6754	6
6755	5
6756	3
6757	4
6758	4
6759	6
6760	7
6761	5
6762	4
6763	4
6764	7
6765	8
6766	7
6767	4
6768	8
6769	10
6770	6
6771	9
6772	2
6773	6
6774	4
6775	4
6776	4
6777	4
6778	3
6779	4
6780	5
6781	8
6782	3
6783	4
6784	3
6785	1
6786	1
6787	5
6788	5
6789	1
6790	1
6791	3
6792	5
6793	6
6794	2
6795	1
6796	6
6797	5
6798	2
6799	6
6800	6
6801	5
6802	9
6803	5
6804	8
6805	2
6806	10
6807	6
6808	2
6809	6
6810	7
6811	6
6812	5
6813	3
6814	5
6815	1
6816	5
6817	6
6818	4
6819	4
6820	4
6821	6
6822	9
6823	6
6824	7
6825	3
6826	4
6827	6
6828	3
6829	3
6830	6
6831	2
6832	6
6833	4
6834	5
6835	2
6836	2
6837	6
6838	3
6839	8
6840	5
6841	9
6842	2
6843	1
6844	4
6845	4
6846	5
6847	6
6848	6
6849	5
6850	4
6851	5
6852	2
6853	3
6854	4
6855	7
6856	5
6857	10
6858	1
6859	4
6860	10
6861	5
6862	2
6863	3
6864	4
6865	0
6866	7
6867	4
6868	7
6869	6
6870	3
6871	6
6872	3
6873	2
6874	3
6875	2
6876	4
6877	6
6878	6
6879	2
6880	6
6881	2
6882	2
6883	8
6884	1
6885	4
6886	5
6887	0
6888	7
6889	4
6890	3
6891	5
6892	8
6893	4
6894	4
6895	5
6896	4
6897	3
6898	3
6899	4
6900	4
6901	3
6902	8
6903	5
6904	1
6905	7
6906	5
6907	2
6908	9
6909	3
6910	2
6911	0
6912	4
6913	13
6914	2
6915	3
6916	1
6917	6
6918	0
6919	7
6920	5
6921	1
6922	5
6923	4
6924	7
6925	3
6926	4
6927	3
6928	1
6929	2
6930	2
6931	2
6932	5
6933	5
6934	1
6935	4
6936	3
6937	5
6938	3
6939	4
6940	3
6941	2
6942	2
6943	8
6944	5
6945	4
6946	5
6947	3
6948	1
6949	6
6950	4
6951	6
6952	6
6953	1
6954	3
6955	5
6956	2
6957	2
6958	1
6959	4
6960	2
6961	3
6962	5
6963	9
6964	3
6965	4
6966	5
6967	4
6968	3
6969	2
6970	7
6971	4
6972	2
6973	4
6974	3
6975	2
6976	4
6977	0
6978	1
6979	2
6980	4
6981	1
6982	1
6983	5
6984	3
6985	3
6986	2
6987	1
6988	2
6989	2
6990	2
6991	2
6992	3
6993	1
6994	1
6995	3
6996	2
6997	4
6998	3
6999	3
7000	1
7001	0
7002	2
7003	2
7004	6
7005	1
7006	3
7007	5
7008	2
7009	3
7010	3
7011	2
7012	4
7013	4
7014	3
7015	5
7016	3
7017	3
7018	1
7019	4
7020	4
7021	2
7022	1
7023	3
7024	4
7025	4
7026	3
7027	3
7028	2
7029	2
7030	4
7031	2
7032	5
7033	1
7034	2
7035	2
7036	2
7037	4
7038	4
7039	5
7040	3
7041	3
7042	4
7043	5
7044	2
7045	2
7046	1
7047	1
7048	3
7049	1
7050	6
7051	2
7052	5
7053	3
7054	2
7055	4
7056	1
7057	1
7058	8
7059	6
7060	2
7061	2
7062	2
7063	2
7064	1
7065	3
7066	4
7067	4
7068	2
7069	4
7070	1
7071	2
7072	1
7073	1
7074	0
7075	2
7076	3
7077	6
7078	3
7079	4
7080	2
7081	3
7082	1
7083	3
7084	4
7085	0
7086	5
7087	4
7088	2
7089	2
7090	2
7091	2
7092	4
7093	2
7094	3
7095	4
7096	5
7097	3
7098	1
7099	3
7100	2
7101	3
7102	2
7103	2
7104	5
7105	1
7106	0
7107	3
7108	5
7109	1
7110	0
7111	3
7112	1
7113	3
7114	1
7115	2
7116	4
7117	4
7118	2
7119	3
7120	4
7121	5
7122	5
7123	3
7124	2
7125	3
7126	2
7127	3
7128	0
7129	2
7130	1
7131	6
7132	1
7133	2
7134	4
7135	0
7136	5
7137	1
7138	2
7139	2
7140	2
7141	1
7142	4
7143	2
7144	4
7145	2
7146	3
7147	1
7148	2
7149	3
7150	5
7151	2
7152	3
7153	2
7154	1
7155	3
7156	3
7157	2
7158	0
7159	2
7160	3
7161	2
7162	0
7163	3
7164	4
7165	2
7166	1
7167	2
7168	3
7169	1
7170	2
7171	2
7172	1
7173	0
7174	2
7175	2
7176	2
7177	4
7178	1
7179	2
7180	2
7181	1
7182	1
7183	1
7184	3
7185	1
7186	2
7187	2
7188	4
7189	1
7190	2
7191	2
7192	5
7193	4
7194	1
7195	5
7196	2
7197	3
7198	0
7199	3
7200	2
7201	2
7202	1
7203	1
7204	1
7205	1
7206	5
7207	0
7208	5
7209	3
7210	3
7211	5
7212	2
7213	4
7214	1
7215	0
7216	2
7217	2
7218	1
7219	2
7220	1
7221	1
7222	3
7223	2
7224	4
7225	3
7226	0
7227	2
7228	4
7229	2
7230	1
7231	1
7232	1
7233	3
7234	1
7235	2
7236	0
7237	5
7238	4
7239	3
7240	2
7241	2
7242	0
7243	1
7244	3
7245	1
7246	6
7247	3
7248	1
7249	4
7250	0
7251	3
7252	1
7253	1
7254	2
7255	1
7256	1
7257	2
7258	3
7259	2
7260	1
7261	3
7262	6
7263	0
7264	1
7265	0
7266	2
7267	1
7268	3
7269	4
7270	5
7271	1
7272	1
7273	3
7274	2
7275	3
7276	0
7277	2
7278	1
7279	3
7280	2
7281	7
7282	3
7283	3
7284	2
7285	2
7286	1
7287	0
7288	3
7289	0
7290	1
7291	0
7292	3
7293	1
7294	3
7295	0
7296	1
7297	3
7298	2
7299	2
7300	1
7301	3
7302	6
7303	4
7304	0
7305	0
7306	1
7307	2
7308	1
7309	2
7310	0
7311	2
7312	3
7313	1
7314	0
7315	1
7316	4
7317	0
7318	1
7319	0
7320	6
7321	1
7322	5
7323	6
7324	2
7325	5
7326	1
7327	1
7328	1
7329	0
7330	3
7331	4
7332	5
7333	3
7334	2
7335	2
7336	3
7337	3
7338	2
7339	2
7340	2
7341	1
7342	0
7343	0
7344	2
7345	1
7346	0
7347	6
7348	0
7349	2
7350	3
7351	1
7352	1
7353	3
7354	1
7355	4
7356	1
7357	2
7358	2
7359	2
7360	1
7361	1
7362	1
7363	3
7364	0
7365	0
7366	0
7367	3
7368	0
7369	2
7370	1
7371	1
7372	0
7373	1
7374	0
7375	1
7376	0
7377	3
7378	4
7379	4
7380	0
7381	4
7382	2
7383	1
7384	3
7385	3
7386	3
7387	2
7388	1
7389	3
7390	0
7391	1
7392	1
7393	3
7394	0
7395	1
7396	1
7397	2
7398	3
7399	2
7400	2
7401	1
7402	1
7403	2
7404	1
7405	1
7406	1
7407	2
7408	3
7409	1
7410	1
7411	1
7412	1
7413	1
7414	1
7415	2
7416	0
7417	1
7418	1
7419	3
7420	2
7421	1
7422	1
7423	1
7424	2
7425	2
7426	0
7427	4
7428	0
7429	0
7430	1
7431	1
7432	1
7433	2
7434	2
7435	0
7436	1
7437	2
7438	0
7439	2
7440	3
7441	0
7442	2
7443	3
7444	2
7445	1
7446	0
7447	2
7448	2
7449	1
7450	2
7451	0
7452	0
7453	0
7454	2
7455	1
7456	2
7457	1
7458	1
7459	1
7460	1
7461	2
7462	2
7463	2
7464	0
7465	2
7466	4
7467	0
7468	1
7469	1
7470	4
7471	0
7472	3
7473	2
7474	3
7475	4
7476	1
7477	0
7478	1
7479	0
7480	3
7481	2
7482	1
7483	0
7484	3
7485	0
7486	0
7487	3
7488	1
7489	2
7490	2
7491	1
7492	1
7493	1
7494	1
7495	1
7496	2
7497	1
7498	1
7499	6
7500	2
7501	1
7502	1
7503	0
7504	1
7505	1
7506	3
7507	2
7508	1
7509	3
7510	2
7511	0
7512	1
7513	2
7514	1
7515	5
7516	1
7517	4
7518	2
7519	3
7520	2
7521	0
7522	2
7523	2
7524	2
7525	2
7526	1
7527	3
7528	3
7529	3
7530	0
7531	1
7532	1
7533	1
7534	2
7535	3
7536	2
7537	1
7538	0
7539	0
7540	2
7541	3
7542	2
7543	3
7544	0
7545	1
7546	2
7547	3
7548	0
7549	6
7550	1
7551	0
7552	2
7553	4
7554	1
7555	2
7556	2
7557	0
7558	1
7559	3
7560	2
7561	1
7562	4
7563	1
7564	1
7565	1
7566	0
7567	2
7568	2
7569	2
7570	4
7571	2
7572	1
7573	2
7574	0
7575	2
7576	0
7577	1
7578	0
7579	0
7580	0
7581	0
7582	1
7583	3
7584	0
7585	0
7586	1
7587	4
7588	2
7589	3
7590	1
7591	2
7592	3
7593	1
7594	1
7595	0
7596	2
7597	1
7598	2
7599	3
7600	2
7601	1
7602	1
7603	2
7604	0
7605	3
7606	0
7607	1
7608	1
7609	1
7610	1
7611	1
7612	1
7613	1
7614	3
7615	2
7616	3
7617	0
7618	1
7619	0
7620	3
7621	0
7622	1
7623	4
7624	1
7625	0
7626	2
7627	2
7628	1
7629	0
7630	0
7631	2
7632	0
7633	1
7634	0
7635	0
7636	1
7637	1
7638	0
7639	0
7640	1
7641	2
7642	1
7643	2
7644	3
7645	2
7646	2
7647	2
7648	4
7649	1
7650	0
7651	4
7652	4
7653	1
7654	5
7655	1
7656	1
7657	1
7658	1
7659	2
7660	0
7661	1
7662	2
7663	1
7664	2
7665	1
7666	2
7667	0
7668	1
7669	4
7670	1
7671	0
7672	4
7673	2
7674	0
7675	2
7676	1
7677	2
7678	1
7679	2
7680	1
7681	1
7682	1
7683	2
7684	2
7685	1
7686	0
7687	1
7688	3
7689	1
7690	1
7691	2
7692	3
7693	2
7694	1
7695	0
7696	2
7697	3
7698	1
7699	1
7700	0
7701	1
7702	2
7703	2
7704	2
7705	1
7706	0
7707	0
7708	2
7709	2
7710	1
7711	2
7712	1
7713	1
7714	0
7715	2
7716	0
7717	0
7718	2
7719	0
7720	2
7721	4
7722	1
7723	1
7724	2
7725	1
7726	3
7727	0
7728	2
7729	1
7730	1
7731	5
7732	3
7733	2
7734	0
7735	2
7736	2
7737	0
7738	1
7739	2
7740	0
7741	1
7742	0
7743	2
7744	1
7745	0
7746	2
7747	3
7748	4
7749	1
7750	1
7751	3
7752	2
7753	1
7754	2
7755	2
7756	1
7757	2
7758	1
7759	1
7760	2
7761	1
7762	0
7763	1
7764	4
7765	1
7766	2
7767	2
7768	1
7769	3
7770	3
7771	2
7772	3
7773	3
7774	1
7775	0
7776	1
7777	1
7778	1
7779	2
7780	1
7781	0
7782	0
7783	1
7784	1
7785	1
7786	2
7787	0
7788	2
7789	0
7790	2
7791	1
7792	2
7793	1
7794	1
7795	1
7796	2
7797	1
7798	1
7799	1
7800	1
7801	0
7802	2
7803	5
7804	1
7805	1
7806	2
7807	0
7808	2
7809	0
7810	1
7811	3
7812	1
7813	0
7814	0
7815	2
7816	5
7817	1
7818	2
7819	5
7820	1
7821	2
7822	2
7823	1
7824	3
7825	1
7826	0
7827	2
7828	1
7829	2
7830	1
7831	3
7832	1
7833	1
7834	1
7835	2
7836	3
7837	1
7838	1
7839	1
7840	1
7841	1
7842	3
7843	0
7844	2
7845	1
7846	3
7847	3
7848	1
7849	0
7850	0
7851	2
7852	4
7853	1
7854	3
7855	2
7856	0
7857	1
7858	1
7859	4
7860	1
7861	0
7862	1
7863	2
7864	1
7865	1
7866	0
7867	0
7868	2
7869	1
7870	3
7871	2
7872	0
7873	1
7874	3
7875	1
7876	0
7877	1
7878	2
7879	3
7880	2
7881	0
7882	2
7883	3
7884	0
7885	1
7886	3
7887	3
7888	0
7889	0
7890	3
7891	1
7892	0
7893	0
7894	2
7895	2
7896	2
7897	2
7898	3
7899	1
7900	2
7901	0
7902	0
7903	1
7904	1
7905	7
7906	1
7907	1
7908	3
7909	2
7910	1
7911	1
7912	1
7913	1
7914	0
7915	5
7916	4
7917	2
7918	0
7919	0
7920	1
7921	0
7922	3
7923	4
7924	1
7925	3
7926	1
7927	3
7928	1
7929	3
7930	1
7931	3
7932	2
7933	0
7934	3
7935	1
7936	2
7937	0
7938	2
7939	2
7940	1
7941	0
7942	1
7943	0
7944	3
7945	4
7946	0
7947	1
7948	1
7949	4
7950	1
7951	0
7952	4
7953	2
7954	1
7955	2
7956	3
7957	2
7958	3
7959	1
7960	0
7961	4
7962	0
7963	1
7964	0
7965	1
7966	2
7967	2
7968	2
7969	2
7970	0
7971	2
7972	1
7973	2
7974	2
7975	2
7976	0
7977	2
7978	0
7979	2
7980	2
7981	1
7982	1
7983	4
7984	2
7985	1
7986	0
7987	0
7988	3
7989	3
7990	2
7991	3
7992	1
7993	4
7994	1
7995	2
7996	2
7997	1
7998	2
7999	1
8000	3
8001	2
8002	0
8003	2
8004	0
8005	2
8006	1
8007	2
8008	2
8009	1
8010	1
8011	0
8012	0
8013	0
8014	2
8015	1
8016	0
8017	2
8018	0
8019	5
8020	2
8021	2
8022	2
8023	4
8024	2
8025	1
8026	2
8027	2
8028	0
8029	2
8030	4
8031	1
8032	1
8033	2
8034	0
8035	1
8036	3
8037	3
8038	2
8039	2
8040	0
8041	1
8042	1
8043	1
8044	4
8045	1
8046	1
8047	3
8048	1
8049	1
8050	0
8051	1
8052	1
8053	4
8054	2
8055	0
8056	2
8057	0
8058	1
8059	2
8060	0
8061	0
8062	2
8063	1
8064	2
8065	3
8066	0
8067	1
8068	0
8069	1
8070	2
8071	2
8072	0
8073	2
8074	1
8075	1
8076	1
8077	1
8078	2
8079	3
8080	0
8081	3
8082	0
8083	3
8084	1
8085	2
8086	1
8087	1
8088	0
8089	2
8090	1
8091	2
8092	0
8093	1
8094	1
8095	2
8096	0
8097	0
8098	0
8099	0
8100	2
8101	3
8102	1
8103	1
8104	1
8105	1
8106	2
8107	0
8108	0
8109	2
8110	0
8111	1
8112	3
8113	0
8114	1
8115	1
8116	2
8117	1
8118	0
8119	1
8120	0
8121	1
8122	3
8123	1
8124	1
8125	0
8126	0
8127	0
8128	0
8129	1
8130	2
8131	0
8132	0
8133	1
8134	1
8135	3
8136	0
8137	0
8138	0
8139	0
8140	0
8141	0
8142	0
8143	0
8144	0
8145	0
8146	0
8147	0
8148	0
8149	0
8150	0
8151	0
8152	0
8153	0
8154	0
8155	0
8156	0
8157	0
8158	0
8159	0
8160	0
8161	0
8162	0
8163	0
8164	0
8165	0
8166	0
8167	0
8168	0
8169	0
8170	0
8171	0
8172	0
8173	0
8174	0
8175	0
8176	0
8177	0
8178	0
8179	0
8180	0
8181	0
8182	0
8183	0
8184	0
8185	0
8186	0
8187	0
8188	0
8189	0
8190	0
8191	0
