0	0
1	0
2	0
3	0
4	0
5	0
6	0
7	0
8	0
9	0
10	0
11	0
12	0
13	0
14	0
15	0
16	0
17	0
18	0
19	0
20	0
21	0
22	0
23	0
24	0
25	0
26	0
27	0
28	0
29	0
30	0
31	0
32	0
33	0
34	0
35	0
36	0
37	0
38	0
39	0
40	0
41	0
42	0
43	0
44	0
45	0
46	0
47	0
48	0
49	0
50	0
51	0
52	0
53	0
54	0
55	0
56	0
57	0
58	0
59	0
60	0
61	0
62	0
63	0
64	0
65	0
66	0
67	0
68	0
69	0
70	0
71	0
72	0
73	0
74	0
75	0
76	0
77	0
78	0
79	0
80	0
81	0
82	0
83	0
84	0
85	0
86	0
87	0
88	0
89	0
90	0
91	0
92	0
93	0
94	0
95	0
96	0
97	0
98	0
99	0
100	0
101	0
102	0
103	0
104	0
105	0
106	0
107	0
108	0
109	0
110	0
111	0
112	0
113	0
114	0
115	0
116	0
117	0
118	0
119	0
120	0
121	0
122	0
123	0
124	0
125	0
126	0
127	0
128	0
129	0
130	0
131	0
132	0
133	0
134	0
135	0
136	0
137	0
138	0
139	0
140	0
141	0
142	0
143	0
144	0
145	0
146	1
147	0
148	0
149	0
150	0
151	0
152	0
153	0
154	0
155	0
156	0
157	1
158	0
159	0
160	0
161	0
162	0
163	0
164	0
165	0
166	0
167	0
168	0
169	0
170	0
171	0
172	0
173	0
174	0
175	0
176	0
177	0
178	0
179	0
180	0
181	0
182	0
183	0
184	0
185	0
186	0
187	0
188	0
189	0
190	0
191	0
192	0
193	0
194	0
195	0
196	0
197	0
198	0
199	0
200	0
201	0
202	0
203	0
204	0
205	0
206	0
207	0
208	0
209	0
210	0
211	0
212	0
213	0
214	0
215	0
216	0
217	0
218	0
219	0
220	0
221	0
222	0
223	0
224	0
225	0
226	0
227	0
228	0
229	0
230	0
231	0
232	0
233	0
234	0
235	0
236	0
237	0
238	0
239	0
240	0
241	0
242	0
243	0
244	0
245	0
246	0
247	0
248	0
249	0
250	0
251	0
252	0
253	0
254	0
255	0
256	0
257	0
258	0
259	0
260	0
261	0
262	0
263	0
264	0
265	0
266	0
267	0
268	0
269	0
270	0
271	0
272	0
273	0
274	0
275	0
276	0
277	0
278	0
279	0
280	0
281	0
282	0
283	0
284	1
285	0
286	0
287	0
288	0
289	0
290	0
291	0
292	0
293	0
294	0
295	1
296	1
297	0
298	2
299	2
300	1
301	1
302	2
303	6
304	7
305	7
306	15
307	9
308	13
309	24
310	20
311	29
312	27
313	22
314	31
315	22
316	31
317	33
318	26
319	36
320	42
321	32
322	23
323	30
324	33
325	26
326	28
327	33
328	45
329	35
330	15
331	41
332	28
333	25
334	26
335	35
336	42
337	37
338	38
339	29
340	34
341	41
342	30
343	48
344	34
345	37
346	39
347	36
348	34
349	28
350	31
351	31
352	27
353	32
354	36
355	38
356	42
357	19
358	32
359	32
360	43
361	32
362	34
363	40
364	37
365	35
366	30
367	30
368	29
369	28
370	27
371	41
372	35
373	28
374	30
375	42
376	28
377	46
378	27
379	34
380	34
381	33
382	22
383	36
384	35
385	43
386	36
387	34
388	31
389	29
390	36
391	48
392	33
393	34
394	33
395	31
396	33
397	37
398	52
399	40
400	40
401	36
402	35
403	41
404	33
405	30
406	38
407	38
408	41
409	37
410	25
411	40
412	37
413	27
414	36
415	41
416	36
417	36
418	25
419	33
420	41
421	40
422	31
423	34
424	39
425	23
426	29
427	31
428	30
429	45
430	33
431	34
432	36
433	34
434	33
435	39
436	35
437	25
438	30
439	26
440	48
441	35
442	47
443	41
444	39
445	40
446	40
447	31
448	35
449	37
450	40
451	46
452	39
453	40
454	31
455	41
456	41
457	30
458	44
459	44
460	43
461	36
462	39
463	36
464	42
465	36
466	34
467	38
468	34
469	40
470	38
471	32
472	46
473	47
474	37
475	47
476	34
477	39
478	43
479	34
480	24
481	43
482	46
483	43
484	35
485	43
486	42
487	40
488	27
489	34
490	40
491	23
492	27
493	48
494	34
495	38
496	37
497	36
498	48
499	37
500	33
501	36
502	28
503	42
504	41
505	31
506	47
507	35
508	36
509	24
510	39
511	31
512	34
513	42
514	38
515	48
516	40
517	41
518	32
519	30
520	34
521	31
522	37
523	46
524	44
525	42
526	28
527	42
528	38
529	31
530	31
531	31
532	37
533	29
534	40
535	47
536	26
537	26
538	40
539	46
540	37
541	43
542	28
543	39
544	37
545	36
546	56
547	40
548	35
549	39
550	39
551	36
552	36
553	49
554	36
555	49
556	33
557	37
558	37
559	46
560	29
561	36
562	49
563	34
564	46
565	34
566	34
567	42
568	45
569	40
570	31
571	32
572	45
573	42
574	57
575	29
576	31
577	20
578	37
579	40
580	43
581	32
582	29
583	42
584	35
585	28
586	31
587	44
588	31
589	36
590	27
591	46
592	38
593	35
594	40
595	33
596	31
597	37
598	38
599	39
600	37
601	33
602	35
603	40
604	35
605	45
606	35
607	36
608	40
609	41
610	29
611	34
612	36
613	31
614	39
615	35
616	31
617	33
618	47
619	36
620	36
621	42
622	34
623	28
624	32
625	44
626	47
627	36
628	35
629	35
630	33
631	39
632	29
633	40
634	34
635	39
636	33
637	38
638	46
639	36
640	44
641	33
642	44
643	30
644	27
645	28
646	35
647	40
648	43
649	34
650	34
651	37
652	35
653	41
654	48
655	42
656	43
657	33
658	46
659	27
660	34
661	34
662	29
663	29
664	31
665	40
666	33
667	44
668	40
669	48
670	53
671	31
672	34
673	38
674	40
675	41
676	36
677	34
678	34
679	41
680	40
681	48
682	44
683	34
684	37
685	40
686	30
687	40
688	39
689	33
690	39
691	36
692	31
693	34
694	29
695	30
696	32
697	32
698	40
699	29
700	39
701	34
702	34
703	31
704	38
705	37
706	38
707	45
708	34
709	45
710	44
711	32
712	43
713	25
714	30
715	40
716	44
717	32
718	44
719	37
720	34
721	41
722	26
723	47
724	39
725	36
726	42
727	31
728	43
729	37
730	37
731	39
732	29
733	25
734	34
735	40
736	42
737	39
738	34
739	45
740	36
741	41
742	39
743	38
744	42
745	57
746	39
747	40
748	38
749	38
750	34
751	29
752	34
753	37
754	45
755	37
756	47
757	36
758	38
759	39
760	46
761	45
762	32
763	32
764	47
765	40
766	31
767	33
768	45
769	35
770	34
771	49
772	37
773	45
774	41
775	47
776	35
777	29
778	38
779	34
780	33
781	45
782	27
783	44
784	38
785	38
786	36
787	31
788	35
789	39
790	45
791	43
792	39
793	37
794	34
795	31
796	34
797	30
798	34
799	35
800	42
801	46
802	39
803	46
804	43
805	37
806	37
807	34
808	41
809	35
810	36
811	31
812	41
813	47
814	35
815	31
816	29
817	37
818	54
819	39
820	48
821	43
822	34
823	38
824	36
825	32
826	36
827	50
828	43
829	35
830	32
831	43
832	35
833	43
834	33
835	34
836	37
837	36
838	32
839	36
840	40
841	34
842	47
843	33
844	37
845	37
846	34
847	29
848	48
849	38
850	39
851	35
852	38
853	32
854	41
855	37
856	48
857	42
858	35
859	32
860	50
861	34
862	42
863	38
864	40
865	44
866	49
867	44
868	36
869	45
870	42
871	42
872	36
873	44
874	29
875	43
876	28
877	43
878	39
879	44
880	46
881	36
882	43
883	46
884	41
885	40
886	32
887	41
888	26
889	42
890	31
891	47
892	39
893	45
894	44
895	37
896	39
897	29
898	31
899	34
900	52
901	38
902	50
903	43
904	33
905	41
906	32
907	39
908	33
909	44
910	30
911	39
912	41
913	31
914	33
915	48
916	48
917	39
918	46
919	32
920	38
921	39
922	45
923	40
924	31
925	38
926	45
927	31
928	38
929	43
930	43
931	42
932	41
933	45
934	41
935	41
936	44
937	37
938	46
939	39
940	45
941	45
942	38
943	48
944	45
945	37
946	38
947	38
948	41
949	44
950	32
951	37
952	48
953	42
954	52
955	36
956	38
957	46
958	38
959	45
960	45
961	42
962	49
963	24
964	35
965	50
966	37
967	37
968	35
969	41
970	52
971	31
972	48
973	49
974	53
975	42
976	45
977	36
978	39
979	45
980	41
981	49
982	46
983	47
984	42
985	42
986	48
987	35
988	35
989	48
990	38
991	39
992	56
993	37
994	51
995	45
996	51
997	37
998	47
999	55
1000	47
1001	44
1002	46
1003	40
1004	59
1005	43
1006	50
1007	56
1008	62
1009	59
1010	46
1011	55
1012	49
1013	42
1014	49
1015	41
1016	47
1017	46
1018	51
1019	37
1020	41
1021	51
1022	64
1023	53
1024	58
1025	43
1026	46
1027	48
1028	40
1029	44
1030	54
1031	43
1032	52
1033	59
1034	63
1035	59
1036	50
1037	52
1038	61
1039	49
1040	55
1041	49
1042	61
1043	52
1044	60
1045	55
1046	47
1047	60
1048	65
1049	48
1050	67
1051	62
1052	48
1053	54
1054	51
1055	53
1056	44
1057	59
1058	49
1059	60
1060	63
1061	65
1062	63
1063	45
1064	60
1065	46
1066	70
1067	65
1068	70
1069	57
1070	65
1071	54
1072	61
1073	70
1074	56
1075	57
1076	64
1077	56
1078	57
1079	61
1080	48
1081	63
1082	62
1083	60
1084	61
1085	68
1086	77
1087	59
1088	50
1089	58
1090	56
1091	48
1092	61
1093	74
1094	57
1095	57
1096	55
1097	67
1098	55
1099	60
1100	51
1101	46
1102	60
1103	62
1104	66
1105	52
1106	51
1107	53
1108	49
1109	58
1110	58
1111	63
1112	55
1113	48
1114	66
1115	56
1116	63
1117	58
1118	48
1119	63
1120	57
1121	54
1122	52
1123	56
1124	53
1125	48
1126	54
1127	63
1128	48
1129	55
1130	50
1131	66
1132	42
1133	54
1134	42
1135	55
1136	56
1137	61
1138	54
1139	56
1140	48
1141	61
1142	56
1143	57
1144	59
1145	49
1146	46
1147	44
1148	40
1149	48
1150	52
1151	56
1152	56
1153	60
1154	57
1155	45
1156	50
1157	49
1158	45
1159	46
1160	43
1161	41
1162	48
1163	51
1164	48
1165	55
1166	53
1167	54
1168	60
1169	50
1170	54
1171	52
1172	56
1173	63
1174	64
1175	51
1176	52
1177	58
1178	48
1179	47
1180	39
1181	63
1182	51
1183	64
1184	47
1185	44
1186	62
1187	45
1188	67
1189	61
1190	47
1191	44
1192	57
1193	56
1194	41
1195	54
1196	47
1197	47
1198	51
1199	45
1200	38
1201	36
1202	50
1203	51
1204	43
1205	57
1206	36
1207	52
1208	54
1209	56
1210	68
1211	56
1212	40
1213	55
1214	45
1215	51
1216	44
1217	48
1218	46
1219	45
1220	47
1221	41
1222	57
1223	37
1224	46
1225	34
1226	50
1227	50
1228	43
1229	27
1230	48
1231	41
1232	45
1233	44
1234	39
1235	45
1236	45
1237	57
1238	45
1239	56
1240	56
1241	46
1242	52
1243	33
1244	48
1245	57
1246	31
1247	52
1248	40
1249	39
1250	49
1251	32
1252	51
1253	45
1254	56
1255	44
1256	34
1257	45
1258	47
1259	39
1260	57
1261	43
1262	44
1263	39
1264	45
1265	37
1266	43
1267	52
1268	40
1269	55
1270	36
1271	49
1272	55
1273	42
1274	46
1275	51
1276	33
1277	47
1278	55
1279	42
1280	40
1281	46
1282	42
1283	53
1284	45
1285	28
1286	47
1287	41
1288	36
1289	50
1290	40
1291	32
1292	33
1293	53
1294	52
1295	36
1296	35
1297	45
1298	47
1299	50
1300	43
1301	40
1302	39
1303	34
1304	48
1305	28
1306	43
1307	52
1308	49
1309	38
1310	44
1311	43
1312	47
1313	40
1314	42
1315	34
1316	50
1317	35
1318	38
1319	38
1320	49
1321	41
1322	52
1323	38
1324	41
1325	42
1326	30
1327	42
1328	56
1329	46
1330	38
1331	47
1332	47
1333	38
1334	67
1335	51
1336	47
1337	50
1338	55
1339	48
1340	43
1341	32
1342	46
1343	45
1344	49
1345	52
1346	46
1347	48
1348	45
1349	51
1350	38
1351	55
1352	41
1353	56
1354	47
1355	32
1356	33
1357	41
1358	35
1359	38
1360	56
1361	40
1362	43
1363	45
1364	31
1365	47
1366	50
1367	45
1368	38
1369	45
1370	49
1371	42
1372	40
1373	31
1374	35
1375	42
1376	45
1377	42
1378	43
1379	45
1380	31
1381	43
1382	44
1383	33
1384	47
1385	49
1386	33
1387	36
1388	37
1389	41
1390	47
1391	36
1392	33
1393	42
1394	45
1395	36
1396	48
1397	43
1398	39
1399	40
1400	29
1401	50
1402	34
1403	38
1404	45
1405	43
1406	44
1407	47
1408	39
1409	51
1410	46
1411	47
1412	35
1413	39
1414	36
1415	48
1416	46
1417	45
1418	48
1419	29
1420	35
1421	32
1422	33
1423	43
1424	38
1425	40
1426	35
1427	34
1428	39
1429	46
1430	34
1431	37
1432	41
1433	27
1434	36
1435	37
1436	41
1437	29
1438	51
1439	26
1440	39
1441	38
1442	33
1443	34
1444	43
1445	47
1446	25
1447	49
1448	45
1449	40
1450	41
1451	37
1452	54
1453	41
1454	38
1455	37
1456	39
1457	38
1458	30
1459	30
1460	36
1461	34
1462	28
1463	44
1464	37
1465	44
1466	35
1467	34
1468	38
1469	37
1470	35
1471	39
1472	32
1473	43
1474	35
1475	38
1476	30
1477	40
1478	30
1479	32
1480	34
1481	37
1482	33
1483	31
1484	46
1485	37
1486	41
1487	34
1488	38
1489	32
1490	45
1491	33
1492	45
1493	43
1494	37
1495	44
1496	38
1497	48
1498	31
1499	33
1500	35
1501	45
1502	39
1503	38
1504	44
1505	34
1506	36
1507	33
1508	28
1509	36
1510	30
1511	29
1512	39
1513	43
1514	32
1515	32
1516	38
1517	35
1518	33
1519	37
1520	33
1521	42
1522	40
1523	31
1524	31
1525	35
1526	40
1527	32
1528	35
1529	28
1530	32
1531	31
1532	51
1533	32
1534	33
1535	36
1536	30
1537	39
1538	31
1539	35
1540	22
1541	29
1542	29
1543	28
1544	32
1545	32
1546	30
1547	39
1548	39
1549	38
1550	39
1551	23
1552	26
1553	34
1554	31
1555	34
1556	41
1557	25
1558	31
1559	38
1560	33
1561	32
1562	38
1563	30
1564	31
1565	28
1566	38
1567	28
1568	27
1569	31
1570	30
1571	31
1572	47
1573	45
1574	34
1575	35
1576	28
1577	34
1578	28
1579	36
1580	43
1581	34
1582	38
1583	20
1584	38
1585	42
1586	24
1587	32
1588	31
1589	30
1590	30
1591	30
1592	28
1593	27
1594	39
1595	26
1596	31
1597	31
1598	41
1599	41
1600	36
1601	27
1602	29
1603	45
1604	36
1605	45
1606	29
1607	31
1608	46
1609	36
1610	24
1611	35
1612	31
1613	35
1614	47
1615	41
1616	30
1617	25
1618	41
1619	32
1620	32
1621	37
1622	26
1623	24
1624	34
1625	45
1626	31
1627	27
1628	27
1629	31
1630	36
1631	34
1632	26
1633	27
1634	39
1635	34
1636	37
1637	30
1638	31
1639	36
1640	27
1641	31
1642	33
1643	39
1644	29
1645	38
1646	33
1647	31
1648	33
1649	31
1650	35
1651	38
1652	40
1653	37
1654	29
1655	24
1656	39
1657	29
1658	23
1659	27
1660	28
1661	35
1662	39
1663	35
1664	24
1665	30
1666	29
1667	30
1668	36
1669	29
1670	18
1671	39
1672	33
1673	21
1674	37
1675	37
1676	34
1677	33
1678	26
1679	22
1680	27
1681	26
1682	29
1683	30
1684	20
1685	26
1686	36
1687	38
1688	41
1689	28
1690	30
1691	33
1692	20
1693	26
1694	24
1695	26
1696	33
1697	32
1698	35
1699	27
1700	36
1701	27
1702	32
1703	42
1704	30
1705	40
1706	31
1707	26
1708	29
1709	22
1710	30
1711	31
1712	39
1713	27
1714	28
1715	34
1716	40
1717	35
1718	29
1719	40
1720	33
1721	29
1722	24
1723	39
1724	46
1725	26
1726	39
1727	25
1728	41
1729	27
1730	22
1731	42
1732	29
1733	28
1734	29
1735	27
1736	28
1737	41
1738	37
1739	27
1740	36
1741	29
1742	40
1743	35
1744	23
1745	37
1746	41
1747	29
1748	24
1749	29
1750	37
1751	33
1752	35
1753	38
1754	37
1755	45
1756	28
1757	26
1758	46
1759	20
1760	31
1761	30
1762	25
1763	34
1764	21
1765	37
1766	24
1767	32
1768	32
1769	31
1770	22
1771	35
1772	40
1773	27
1774	35
1775	35
1776	31
1777	31
1778	32
1779	29
1780	33
1781	34
1782	24
1783	31
1784	37
1785	23
1786	40
1787	33
1788	37
1789	34
1790	35
1791	34
1792	36
1793	41
1794	39
1795	34
1796	33
1797	32
1798	31
1799	47
1800	31
1801	26
1802	34
1803	28
1804	23
1805	33
1806	26
1807	35
1808	35
1809	31
1810	21
1811	33
1812	26
1813	38
1814	31
1815	32
1816	22
1817	28
1818	33
1819	26
1820	29
1821	30
1822	27
1823	40
1824	44
1825	25
1826	38
1827	34
1828	39
1829	47
1830	35
1831	27
1832	26
1833	30
1834	29
1835	32
1836	39
1837	31
1838	19
1839	27
1840	37
1841	26
1842	29
1843	25
1844	30
1845	33
1846	40
1847	39
1848	33
1849	22
1850	25
1851	40
1852	34
1853	28
1854	31
1855	39
1856	33
1857	32
1858	26
1859	22
1860	30
1861	39
1862	39
1863	38
1864	27
1865	31
1866	39
1867	29
1868	26
1869	31
1870	31
1871	34
1872	28
1873	36
1874	29
1875	31
1876	28
1877	30
1878	34
1879	32
1880	34
1881	28
1882	32
1883	33
1884	35
1885	24
1886	20
1887	31
1888	39
1889	30
1890	29
1891	25
1892	37
1893	26
1894	33
1895	33
1896	32
1897	21
1898	34
1899	25
1900	36
1901	30
1902	34
1903	20
1904	23
1905	31
1906	29
1907	28
1908	33
1909	27
1910	29
1911	30
1912	26
1913	25
1914	39
1915	24
1916	32
1917	23
1918	37
1919	32
1920	33
1921	37
1922	26
1923	31
1924	34
1925	35
1926	29
1927	22
1928	23
1929	36
1930	33
1931	26
1932	36
1933	20
1934	23
1935	35
1936	16
1937	20
1938	35
1939	22
1940	25
1941	29
1942	28
1943	24
1944	33
1945	24
1946	26
1947	29
1948	23
1949	21
1950	19
1951	23
1952	34
1953	26
1954	23
1955	22
1956	25
1957	22
1958	25
1959	26
1960	23
1961	20
1962	21
1963	30
1964	23
1965	22
1966	26
1967	22
1968	22
1969	30
1970	25
1971	24
1972	17
1973	25
1974	21
1975	17
1976	19
1977	21
1978	15
1979	21
1980	21
1981	23
1982	25
1983	23
1984	30
1985	24
1986	17
1987	19
1988	23
1989	28
1990	31
1991	24
1992	24
1993	25
1994	24
1995	27
1996	15
1997	16
1998	14
1999	18
2000	29
2001	22
2002	25
2003	22
2004	19
2005	23
2006	20
2007	30
2008	21
2009	17
2010	18
2011	20
2012	23
2013	12
2014	24
2015	22
2016	13
2017	21
2018	16
2019	13
2020	22
2021	24
2022	17
2023	19
2024	13
2025	19
2026	16
2027	24
2028	11
2029	15
2030	23
2031	18
2032	15
2033	22
2034	19
2035	17
2036	29
2037	15
2038	18
2039	17
2040	14
2041	20
2042	15
2043	15
2044	20
2045	10
2046	15
2047	20
2048	13
2049	21
2050	18
2051	20
2052	16
2053	17
2054	12
2055	23
2056	15
2057	22
2058	16
2059	19
2060	14
2061	13
2062	20
2063	14
2064	17
2065	17
2066	21
2067	14
2068	15
2069	14
2070	15
2071	19
2072	19
2073	13
2074	17
2075	12
2076	9
2077	20
2078	18
2079	25
2080	10
2081	17
2082	11
2083	17
2084	21
2085	21
2086	11
2087	14
2088	13
2089	16
2090	12
2091	14
2092	23
2093	17
2094	16
2095	22
2096	16
2097	13
2098	11
2099	19
2100	15
2101	8
2102	14
2103	16
2104	18
2105	13
2106	22
2107	11
2108	17
2109	18
2110	25
2111	12
2112	12
2113	12
2114	16
2115	13
2116	12
2117	17
2118	15
2119	13
2120	13
2121	17
2122	19
2123	16
2124	17
2125	8
2126	10
2127	14
2128	12
2129	16
2130	14
2131	13
2132	13
2133	15
2134	17
2135	14
2136	15
2137	16
2138	8
2139	9
2140	19
2141	13
2142	15
2143	16
2144	12
2145	16
2146	12
2147	13
2148	13
2149	12
2150	18
2151	14
2152	17
2153	13
2154	16
2155	17
2156	15
2157	11
2158	15
2159	15
2160	6
2161	14
2162	15
2163	10
2164	9
2165	19
2166	11
2167	12
2168	16
2169	18
2170	6
2171	10
2172	9
2173	6
2174	10
2175	10
2176	12
2177	12
2178	11
2179	17
2180	8
2181	14
2182	19
2183	13
2184	10
2185	15
2186	16
2187	19
2188	10
2189	13
2190	7
2191	10
2192	10
2193	13
2194	19
2195	18
2196	14
2197	10
2198	17
2199	12
2200	7
2201	11
2202	11
2203	15
2204	10
2205	18
2206	10
2207	20
2208	11
2209	13
2210	13
2211	15
2212	8
2213	10
2214	11
2215	18
2216	7
2217	13
2218	14
2219	10
2220	15
2221	12
2222	8
2223	19
2224	14
2225	19
2226	7
2227	10
2228	8
2229	14
2230	11
2231	10
2232	10
2233	9
2234	10
2235	8
2236	16
2237	12
2238	11
2239	12
2240	16
2241	13
2242	11
2243	18
2244	18
2245	9
2246	15
2247	12
2248	15
2249	12
2250	12
2251	16
2252	16
2253	17
2254	18
2255	6
2256	10
2257	14
2258	8
2259	11
2260	9
2261	8
2262	8
2263	17
2264	9
2265	10
2266	13
2267	11
2268	13
2269	19
2270	11
2271	13
2272	16
2273	10
2274	14
2275	16
2276	9
2277	12
2278	13
2279	7
2280	13
2281	10
2282	9
2283	12
2284	9
2285	7
2286	18
2287	12
2288	14
2289	9
2290	13
2291	12
2292	6
2293	18
2294	8
2295	9
2296	12
2297	12
2298	10
2299	11
2300	8
2301	11
2302	18
2303	12
2304	10
2305	15
2306	18
2307	11
2308	13
2309	16
2310	14
2311	16
2312	17
2313	17
2314	12
2315	14
2316	5
2317	12
2318	12
2319	12
2320	9
2321	14
2322	13
2323	10
2324	13
2325	13
2326	3
2327	13
2328	13
2329	9
2330	8
2331	14
2332	9
2333	8
2334	15
2335	12
2336	10
2337	11
2338	8
2339	12
2340	11
2341	11
2342	12
2343	15
2344	7
2345	11
2346	11
2347	13
2348	10
2349	19
2350	11
2351	10
2352	15
2353	11
2354	10
2355	10
2356	10
2357	13
2358	10
2359	12
2360	22
2361	15
2362	11
2363	9
2364	10
2365	11
2366	17
2367	11
2368	10
2369	13
2370	8
2371	14
2372	7
2373	9
2374	13
2375	19
2376	5
2377	9
2378	8
2379	10
2380	11
2381	8
2382	7
2383	12
2384	7
2385	9
2386	14
2387	12
2388	11
2389	6
2390	11
2391	10
2392	10
2393	11
2394	7
2395	15
2396	15
2397	8
2398	11
2399	11
2400	16
2401	14
2402	13
2403	11
2404	9
2405	11
2406	7
2407	15
2408	9
2409	13
2410	13
2411	12
2412	14
2413	8
2414	12
2415	5
2416	10
2417	11
2418	11
2419	11
2420	5
2421	11
2422	14
2423	11
2424	6
2425	11
2426	7
2427	10
2428	3
2429	14
2430	10
2431	9
2432	12
2433	10
2434	4
2435	12
2436	13
2437	10
2438	11
2439	9
2440	7
2441	12
2442	13
2443	13
2444	7
2445	13
2446	18
2447	4
2448	14
2449	12
2450	9
2451	9
2452	10
2453	8
2454	7
2455	6
2456	5
2457	16
2458	11
2459	5
2460	13
2461	13
2462	9
2463	16
2464	11
2465	10
2466	7
2467	15
2468	11
2469	13
2470	10
2471	7
2472	7
2473	10
2474	12
2475	12
2476	7
2477	13
2478	7
2479	8
2480	9
2481	10
2482	12
2483	9
2484	15
2485	8
2486	12
2487	3
2488	16
2489	9
2490	10
2491	11
2492	11
2493	8
2494	10
2495	7
2496	10
2497	9
2498	13
2499	7
2500	15
2501	11
2502	7
2503	10
2504	11
2505	5
2506	9
2507	8
2508	6
2509	5
2510	13
2511	12
2512	12
2513	9
2514	5
2515	11
2516	16
2517	6
2518	10
2519	10
2520	10
2521	13
2522	11
2523	7
2524	10
2525	10
2526	10
2527	12
2528	11
2529	10
2530	7
2531	10
2532	16
2533	8
2534	10
2535	10
2536	20
2537	16
2538	10
2539	6
2540	7
2541	9
2542	11
2543	9
2544	15
2545	8
2546	13
2547	16
2548	6
2549	15
2550	18
2551	6
2552	12
2553	5
2554	11
2555	13
2556	6
2557	9
2558	11
2559	10
2560	14
2561	12
2562	11
2563	4
2564	13
2565	6
2566	9
2567	8
2568	15
2569	12
2570	17
2571	12
2572	7
2573	8
2574	11
2575	12
2576	6
2577	12
2578	10
2579	12
2580	9
2581	11
2582	13
2583	9
2584	9
2585	16
2586	15
2587	13
2588	7
2589	11
2590	13
2591	8
2592	11
2593	15
2594	8
2595	9
2596	12
2597	6
2598	12
2599	8
2600	10
2601	7
2602	12
2603	7
2604	12
2605	8
2606	8
2607	8
2608	10
2609	14
2610	7
2611	3
2612	9
2613	11
2614	9
2615	9
2616	11
2617	15
2618	8
2619	12
2620	10
2621	7
2622	12
2623	10
2624	7
2625	16
2626	8
2627	8
2628	13
2629	13
2630	10
2631	8
2632	5
2633	16
2634	11
2635	8
2636	11
2637	11
2638	11
2639	4
2640	7
2641	8
2642	9
2643	8
2644	9
2645	10
2646	13
2647	9
2648	10
2649	8
2650	9
2651	11
2652	8
2653	14
2654	8
2655	7
2656	14
2657	8
2658	5
2659	11
2660	17
2661	3
2662	9
2663	9
2664	9
2665	5
2666	15
2667	10
2668	13
2669	6
2670	10
2671	11
2672	9
2673	11
2674	12
2675	7
2676	6
2677	12
2678	12
2679	10
2680	14
2681	14
2682	12
2683	8
2684	12
2685	11
2686	8
2687	9
2688	8
2689	5
2690	9
2691	8
2692	12
2693	11
2694	8
2695	9
2696	8
2697	13
2698	7
2699	12
2700	10
2701	7
2702	16
2703	13
2704	14
2705	9
2706	11
2707	10
2708	9
2709	13
2710	10
2711	9
2712	10
2713	5
2714	11
2715	11
2716	6
2717	13
2718	11
2719	7
2720	9
2721	13
2722	10
2723	15
2724	11
2725	4
2726	14
2727	10
2728	9
2729	11
2730	13
2731	6
2732	7
2733	11
2734	10
2735	10
2736	7
2737	12
2738	7
2739	14
2740	11
2741	13
2742	10
2743	7
2744	7
2745	11
2746	7
2747	13
2748	11
2749	12
2750	8
2751	9
2752	10
2753	10
2754	7
2755	16
2756	12
2757	15
2758	12
2759	10
2760	15
2761	12
2762	8
2763	15
2764	13
2765	13
2766	9
2767	10
2768	14
2769	9
2770	16
2771	21
2772	15
2773	5
2774	8
2775	15
2776	17
2777	10
2778	12
2779	13
2780	15
2781	13
2782	17
2783	14
2784	13
2785	16
2786	15
2787	5
2788	9
2789	6
2790	20
2791	7
2792	14
2793	16
2794	14
2795	19
2796	12
2797	20
2798	18
2799	13
2800	15
2801	15
2802	18
2803	17
2804	22
2805	15
2806	16
2807	19
2808	21
2809	13
2810	17
2811	26
2812	18
2813	22
2814	16
2815	21
2816	28
2817	17
2818	21
2819	18
2820	19
2821	26
2822	27
2823	26
2824	20
2825	19
2826	15
2827	31
2828	26
2829	23
2830	21
2831	25
2832	25
2833	21
2834	28
2835	18
2836	28
2837	18
2838	31
2839	25
2840	32
2841	22
2842	29
2843	26
2844	42
2845	18
2846	32
2847	28
2848	19
2849	32
2850	36
2851	31
2852	27
2853	36
2854	35
2855	37
2856	33
2857	43
2858	36
2859	33
2860	24
2861	41
2862	26
2863	36
2864	34
2865	49
2866	45
2867	37
2868	55
2869	48
2870	43
2871	44
2872	41
2873	46
2874	43
2875	49
2876	55
2877	48
2878	41
2879	47
2880	58
2881	50
2882	44
2883	62
2884	57
2885	66
2886	53
2887	57
2888	50
2889	60
2890	54
2891	59
2892	71
2893	66
2894	67
2895	62
2896	44
2897	63
2898	76
2899	67
2900	81
2901	63
2902	76
2903	56
2904	78
2905	76
2906	64
2907	72
2908	74
2909	66
2910	65
2911	74
2912	86
2913	91
2914	98
2915	78
2916	87
2917	88
2918	74
2919	103
2920	85
2921	79
2922	105
2923	96
2924	93
2925	71
2926	82
2927	87
2928	89
2929	98
2930	87
2931	111
2932	87
2933	104
2934	99
2935	113
2936	91
2937	117
2938	105
2939	118
2940	102
2941	106
2942	107
2943	99
2944	115
2945	126
2946	128
2947	120
2948	103
2949	122
2950	135
2951	99
2952	135
2953	138
2954	131
2955	121
2956	122
2957	118
2958	133
2959	127
2960	131
2961	137
2962	146
2963	147
2964	144
2965	132
2966	151
2967	131
2968	148
2969	148
2970	124
2971	168
2972	141
2973	142
2974	168
2975	140
2976	161
2977	159
2978	153
2979	150
2980	164
2981	159
2982	174
2983	166
2984	164
2985	157
2986	177
2987	173
2988	157
2989	161
2990	184
2991	166
2992	177
2993	203
2994	174
2995	172
2996	166
2997	175
2998	163
2999	178
3000	188
3001	197
3002	172
3003	173
3004	182
3005	201
3006	171
3007	174
3008	177
3009	191
3010	182
3011	198
3012	170
3013	196
3014	168
3015	202
3016	194
3017	190
3018	200
3019	183
3020	209
3021	230
3022	187
3023	212
3024	188
3025	183
3026	178
3027	203
3028	209
3029	185
3030	180
3031	178
3032	196
3033	197
3034	202
3035	186
3036	195
3037	177
3038	207
3039	189
3040	204
3041	216
3042	193
3043	179
3044	204
3045	206
3046	181
3047	192
3048	221
3049	203
3050	201
3051	202
3052	180
3053	172
3054	202
3055	163
3056	197
3057	176
3058	168
3059	183
3060	213
3061	175
3062	205
3063	180
3064	216
3065	187
3066	194
3067	245
3068	233
3069	228
3070	180
3071	220
3072	210
3073	198
3074	191
3075	196
3076	190
3077	194
3078	193
3079	188
3080	189
3081	185
3082	174
3083	160
3084	196
3085	182
3086	174
3087	195
3088	174
3089	194
3090	204
3091	190
3092	190
3093	165
3094	169
3095	183
3096	184
3097	201
3098	196
3099	178
3100	145
3101	185
3102	202
3103	153
3104	177
3105	142
3106	166
3107	175
3108	164
3109	131
3110	175
3111	149
3112	185
3113	166
3114	179
3115	145
3116	168
3117	159
3118	171
3119	136
3120	157
3121	154
3122	153
3123	176
3124	119
3125	136
3126	135
3127	136
3128	150
3129	149
3130	166
3131	140
3132	124
3133	168
3134	143
3135	143
3136	138
3137	122
3138	132
3139	141
3140	131
3141	133
3142	131
3143	123
3144	137
3145	124
3146	100
3147	97
3148	128
3149	119
3150	130
3151	122
3152	113
3153	132
3154	99
3155	128
3156	112
3157	113
3158	112
3159	91
3160	97
3161	97
3162	97
3163	92
3164	90
3165	102
3166	92
3167	96
3168	88
3169	102
3170	92
3171	93
3172	76
3173	103
3174	84
3175	80
3176	81
3177	73
3178	79
3179	86
3180	80
3181	64
3182	67
3183	83
3184	78
3185	67
3186	65
3187	71
3188	80
3189	54
3190	73
3191	61
3192	58
3193	82
3194	60
3195	69
3196	70
3197	69
3198	57
3199	61
3200	65
3201	58
3202	59
3203	66
3204	61
3205	37
3206	61
3207	54
3208	64
3209	46
3210	61
3211	57
3212	58
3213	45
3214	38
3215	42
3216	39
3217	58
3218	59
3219	50
3220	37
3221	42
3222	38
3223	41
3224	50
3225	39
3226	32
3227	35
3228	42
3229	37
3230	41
3231	34
3232	27
3233	33
3234	33
3235	26
3236	50
3237	41
3238	34
3239	31
3240	25
3241	29
3242	28
3243	30
3244	28
3245	24
3246	22
3247	36
3248	35
3249	27
3250	19
3251	26
3252	21
3253	26
3254	26
3255	27
3256	27
3257	26
3258	22
3259	17
3260	19
3261	25
3262	23
3263	22
3264	22
3265	22
3266	27
3267	26
3268	22
3269	20
3270	22
3271	16
3272	12
3273	16
3274	21
3275	8
3276	20
3277	17
3278	27
3279	16
3280	11
3281	15
3282	14
3283	21
3284	16
3285	6
3286	12
3287	12
3288	16
3289	11
3290	16
3291	11
3292	8
3293	10
3294	14
3295	10
3296	14
3297	18
3298	14
3299	9
3300	9
3301	17
3302	17
3303	10
3304	11
3305	15
3306	19
3307	12
3308	9
3309	16
3310	11
3311	10
3312	13
3313	13
3314	13
3315	9
3316	9
3317	8
3318	12
3319	8
3320	9
3321	14
3322	11
3323	10
3324	11
3325	9
3326	6
3327	11
3328	9
3329	5
3330	6
3331	10
3332	13
3333	6
3334	2
3335	5
3336	5
3337	5
3338	6
3339	3
3340	8
3341	6
3342	7
3343	5
3344	6
3345	5
3346	3
3347	9
3348	8
3349	5
3350	9
3351	7
3352	8
3353	5
3354	6
3355	8
3356	12
3357	4
3358	7
3359	8
3360	8
3361	9
3362	4
3363	4
3364	10
3365	8
3366	8
3367	7
3368	11
3369	7
3370	3
3371	3
3372	7
3373	4
3374	7
3375	2
3376	7
3377	6
3378	6
3379	11
3380	3
3381	8
3382	6
3383	5
3384	5
3385	4
3386	4
3387	10
3388	10
3389	6
3390	8
3391	4
3392	7
3393	3
3394	3
3395	7
3396	6
3397	5
3398	6
3399	7
3400	3
3401	8
3402	7
3403	3
3404	3
3405	4
3406	6
3407	7
3408	8
3409	12
3410	4
3411	8
3412	2
3413	5
3414	6
3415	5
3416	2
3417	4
3418	5
3419	1
3420	3
3421	7
3422	8
3423	4
3424	3
3425	11
3426	10
3427	5
3428	8
3429	8
3430	1
3431	3
3432	7
3433	10
3434	16
3435	6
3436	5
3437	7
3438	3
3439	6
3440	7
3441	5
3442	2
3443	4
3444	8
3445	2
3446	8
3447	8
3448	4
3449	8
3450	6
3451	5
3452	3
3453	3
3454	7
3455	2
3456	5
3457	10
3458	4
3459	7
3460	8
3461	3
3462	5
3463	2
3464	5
3465	6
3466	7
3467	4
3468	11
3469	6
3470	6
3471	3
3472	7
3473	6
3474	6
3475	4
3476	6
3477	2
3478	1
3479	8
3480	5
3481	8
3482	5
3483	9
3484	4
3485	9
3486	6
3487	11
3488	4
3489	8
3490	6
3491	2
3492	7
3493	3
3494	6
3495	4
3496	6
3497	10
3498	6
3499	9
3500	5
3501	6
3502	4
3503	3
3504	7
3505	2
3506	3
3507	0
3508	9
3509	4
3510	3
3511	3
3512	2
3513	9
3514	5
3515	5
3516	9
3517	7
3518	7
3519	6
3520	6
3521	3
3522	2
3523	3
3524	4
3525	6
3526	5
3527	7
3528	3
3529	5
3530	4
3531	3
3532	5
3533	8
3534	5
3535	5
3536	7
3537	3
3538	5
3539	6
3540	2
3541	4
3542	5
3543	4
3544	2
3545	5
3546	7
3547	7
3548	6
3549	7
3550	9
3551	6
3552	8
3553	3
3554	5
3555	3
3556	3
3557	7
3558	6
3559	7
3560	7
3561	5
3562	9
3563	5
3564	3
3565	5
3566	9
3567	6
3568	5
3569	7
3570	6
3571	10
3572	5
3573	6
3574	3
3575	6
3576	6
3577	10
3578	8
3579	6
3580	5
3581	6
3582	4
3583	4
3584	7
3585	6
3586	6
3587	7
3588	11
3589	6
3590	6
3591	3
3592	5
3593	4
3594	5
3595	6
3596	7
3597	3
3598	4
3599	3
3600	6
3601	2
3602	9
3603	13
3604	5
3605	2
3606	2
3607	3
3608	4
3609	6
3610	5
3611	8
3612	10
3613	8
3614	3
3615	7
3616	5
3617	9
3618	4
3619	10
3620	5
3621	7
3622	5
3623	5
3624	7
3625	5
3626	6
3627	2
3628	10
3629	1
3630	3
3631	5
3632	12
3633	6
3634	6
3635	8
3636	6
3637	3
3638	4
3639	4
3640	8
3641	7
3642	6
3643	6
3644	4
3645	14
3646	6
3647	9
3648	3
3649	9
3650	10
3651	2
3652	5
3653	6
3654	8
3655	5
3656	5
3657	7
3658	6
3659	6
3660	6
3661	5
3662	5
3663	8
3664	2
3665	3
3666	4
3667	3
3668	2
3669	3
3670	2
3671	5
3672	5
3673	6
3674	5
3675	2
3676	7
3677	6
3678	2
3679	4
3680	4
3681	4
3682	4
3683	5
3684	11
3685	3
3686	4
3687	4
3688	2
3689	4
3690	8
3691	7
3692	9
3693	4
3694	3
3695	7
3696	8
3697	6
3698	13
3699	6
3700	5
3701	11
3702	8
3703	7
3704	4
3705	4
3706	4
3707	5
3708	5
3709	4
3710	4
3711	3
3712	8
3713	2
3714	6
3715	3
3716	7
3717	3
3718	9
3719	8
3720	9
3721	4
3722	9
3723	5
3724	4
3725	11
3726	7
3727	4
3728	7
3729	4
3730	9
3731	3
3732	4
3733	5
3734	11
3735	6
3736	6
3737	7
3738	9
3739	6
3740	3
3741	4
3742	5
3743	3
3744	10
3745	7
3746	5
3747	6
3748	4
3749	5
3750	3
3751	7
3752	1
3753	4
3754	8
3755	3
3756	2
3757	9
3758	3
3759	7
3760	5
3761	3
3762	6
3763	0
3764	5
3765	4
3766	8
3767	9
3768	4
3769	7
3770	8
3771	5
3772	7
3773	3
3774	1
3775	7
3776	3
3777	4
3778	5
3779	3
3780	4
3781	9
3782	4
3783	4
3784	6
3785	3
3786	4
3787	4
3788	4
3789	5
3790	6
3791	4
3792	6
3793	11
3794	5
3795	5
3796	8
3797	7
3798	3
3799	6
3800	4
3801	5
3802	7
3803	5
3804	6
3805	7
3806	9
3807	7
3808	6
3809	3
3810	9
3811	1
3812	2
3813	3
3814	4
3815	3
3816	5
3817	3
3818	6
3819	11
3820	3
3821	5
3822	5
3823	8
3824	7
3825	8
3826	8
3827	3
3828	6
3829	6
3830	9
3831	6
3832	7
3833	1
3834	4
3835	3
3836	3
3837	8
3838	5
3839	5
3840	4
3841	6
3842	5
3843	7
3844	7
3845	4
3846	6
3847	5
3848	6
3849	7
3850	6
3851	5
3852	4
3853	11
3854	14
3855	5
3856	4
3857	5
3858	2
3859	4
3860	4
3861	4
3862	8
3863	4
3864	4
3865	9
3866	10
3867	3
3868	6
3869	6
3870	7
3871	7
3872	6
3873	4
3874	7
3875	1
3876	6
3877	5
3878	8
3879	5
3880	7
3881	5
3882	2
3883	9
3884	5
3885	7
3886	8
3887	12
3888	6
3889	6
3890	5
3891	6
3892	11
3893	6
3894	8
3895	7
3896	7
3897	6
3898	4
3899	8
3900	9
3901	4
3902	9
3903	4
3904	9
3905	6
3906	7
3907	10
3908	8
3909	1
3910	8
3911	4
3912	4
3913	8
3914	5
3915	9
3916	1
3917	8
3918	14
3919	6
3920	8
3921	6
3922	5
3923	8
3924	6
3925	7
3926	9
3927	10
3928	2
3929	9
3930	8
3931	2
3932	3
3933	6
3934	5
3935	7
3936	4
3937	3
3938	8
3939	8
3940	5
3941	3
3942	5
3943	4
3944	4
3945	4
3946	3
3947	6
3948	1
3949	7
3950	7
3951	4
3952	4
3953	3
3954	2
3955	7
3956	9
3957	13
3958	3
3959	6
3960	6
3961	5
3962	7
3963	7
3964	10
3965	5
3966	6
3967	6
3968	3
3969	4
3970	5
3971	8
3972	5
3973	4
3974	4
3975	5
3976	1
3977	6
3978	7
3979	7
3980	8
3981	4
3982	4
3983	4
3984	5
3985	7
3986	6
3987	9
3988	6
3989	12
3990	6
3991	7
3992	9
3993	7
3994	7
3995	3
3996	2
3997	7
3998	4
3999	4
4000	6
4001	5
4002	10
4003	4
4004	5
4005	6
4006	7
4007	5
4008	5
4009	7
4010	3
4011	3
4012	6
4013	7
4014	4
4015	8
4016	2
4017	3
4018	5
4019	5
4020	3
4021	7
4022	5
4023	6
4024	9
4025	8
4026	2
4027	7
4028	5
4029	6
4030	7
4031	5
4032	4
4033	6
4034	5
4035	9
4036	8
4037	4
4038	7
4039	5
4040	3
4041	7
4042	6
4043	8
4044	14
4045	8
4046	8
4047	7
4048	11
4049	7
4050	8
4051	4
4052	10
4053	11
4054	7
4055	7
4056	7
4057	5
4058	5
4059	8
4060	10
4061	4
4062	11
4063	4
4064	5
4065	7
4066	5
4067	4
4068	8
4069	6
4070	5
4071	8
4072	5
4073	8
4074	10
4075	7
4076	9
4077	8
4078	8
4079	6
4080	7
4081	9
4082	3
4083	7
4084	3
4085	5
4086	5
4087	7
4088	10
4089	3
4090	8
4091	7
4092	7
4093	6
4094	9
4095	11
4096	7
4097	7
4098	6
4099	9
4100	5
4101	9
4102	6
4103	8
4104	9
4105	7
4106	7
4107	4
4108	9
4109	3
4110	5
4111	5
4112	7
4113	10
4114	5
4115	15
4116	5
4117	8
4118	6
4119	3
4120	4
4121	7
4122	8
4123	4
4124	5
4125	3
4126	6
4127	2
4128	7
4129	8
4130	7
4131	10
4132	10
4133	11
4134	5
4135	7
4136	0
4137	6
4138	12
4139	10
4140	3
4141	7
4142	12
4143	10
4144	4
4145	5
4146	9
4147	5
4148	4
4149	8
4150	10
4151	7
4152	8
4153	13
4154	7
4155	3
4156	10
4157	8
4158	8
4159	9
4160	6
4161	7
4162	10
4163	5
4164	5
4165	2
4166	6
4167	3
4168	8
4169	3
4170	8
4171	9
4172	8
4173	4
4174	7
4175	6
4176	3
4177	2
4178	6
4179	6
4180	5
4181	6
4182	5
4183	2
4184	6
4185	17
4186	3
4187	6
4188	8
4189	5
4190	8
4191	5
4192	5
4193	8
4194	12
4195	7
4196	14
4197	5
4198	3
4199	5
4200	2
4201	7
4202	4
4203	6
4204	4
4205	4
4206	6
4207	5
4208	5
4209	9
4210	9
4211	3
4212	6
4213	5
4214	8
4215	4
4216	2
4217	7
4218	5
4219	4
4220	7
4221	5
4222	4
4223	7
4224	7
4225	1
4226	6
4227	8
4228	7
4229	7
4230	7
4231	5
4232	10
4233	7
4234	6
4235	3
4236	9
4237	8
4238	8
4239	11
4240	11
4241	8
4242	6
4243	7
4244	6
4245	9
4246	8
4247	10
4248	11
4249	6
4250	8
4251	6
4252	7
4253	6
4254	10
4255	11
4256	6
4257	5
4258	5
4259	11
4260	5
4261	4
4262	7
4263	8
4264	3
4265	11
4266	7
4267	10
4268	6
4269	10
4270	11
4271	7
4272	7
4273	7
4274	5
4275	2
4276	6
4277	3
4278	5
4279	4
4280	4
4281	8
4282	2
4283	5
4284	9
4285	3
4286	5
4287	4
4288	5
4289	5
4290	6
4291	6
4292	9
4293	7
4294	5
4295	8
4296	4
4297	3
4298	4
4299	3
4300	8
4301	9
4302	4
4303	9
4304	5
4305	3
4306	12
4307	9
4308	3
4309	6
4310	4
4311	5
4312	4
4313	7
4314	8
4315	2
4316	4
4317	6
4318	6
4319	3
4320	4
4321	7
4322	6
4323	8
4324	4
4325	4
4326	2
4327	7
4328	3
4329	3
4330	10
4331	4
4332	6
4333	7
4334	5
4335	7
4336	4
4337	5
4338	8
4339	8
4340	5
4341	8
4342	4
4343	6
4344	5
4345	3
4346	2
4347	11
4348	7
4349	3
4350	3
4351	13
4352	9
4353	6
4354	7
4355	6
4356	5
4357	8
4358	5
4359	3
4360	3
4361	3
4362	12
4363	2
4364	5
4365	6
4366	5
4367	7
4368	3
4369	7
4370	7
4371	9
4372	6
4373	4
4374	8
4375	6
4376	9
4377	4
4378	5
4379	11
4380	5
4381	5
4382	7
4383	5
4384	4
4385	8
4386	3
4387	7
4388	3
4389	3
4390	10
4391	2
4392	5
4393	5
4394	8
4395	3
4396	7
4397	1
4398	9
4399	16
4400	12
4401	9
4402	4
4403	7
4404	5
4405	5
4406	11
4407	2
4408	9
4409	3
4410	7
4411	6
4412	7
4413	8
4414	9
4415	4
4416	4
4417	6
4418	7
4419	6
4420	5
4421	5
4422	4
4423	9
4424	8
4425	8
4426	9
4427	2
4428	5
4429	4
4430	13
4431	2
4432	2
4433	7
4434	4
4435	10
4436	7
4437	5
4438	12
4439	4
4440	7
4441	5
4442	10
4443	10
4444	4
4445	3
4446	9
4447	4
4448	4
4449	7
4450	9
4451	11
4452	5
4453	5
4454	9
4455	3
4456	6
4457	8
4458	2
4459	8
4460	8
4461	4
4462	5
4463	4
4464	3
4465	3
4466	6
4467	6
4468	8
4469	6
4470	13
4471	4
4472	5
4473	6
4474	3
4475	4
4476	4
4477	7
4478	7
4479	3
4480	6
4481	3
4482	4
4483	8
4484	2
4485	9
4486	5
4487	4
4488	5
4489	7
4490	4
4491	5
4492	7
4493	6
4494	4
4495	6
4496	8
4497	5
4498	4
4499	6
4500	3
4501	3
4502	1
4503	6
4504	7
4505	2
4506	1
4507	5
4508	7
4509	4
4510	5
4511	8
4512	5
4513	5
4514	5
4515	8
4516	5
4517	5
4518	3
4519	4
4520	9
4521	4
4522	5
4523	8
4524	3
4525	3
4526	5
4527	9
4528	5
4529	5
4530	5
4531	3
4532	8
4533	5
4534	6
4535	4
4536	1
4537	4
4538	6
4539	7
4540	7
4541	4
4542	7
4543	5
4544	3
4545	2
4546	7
4547	2
4548	7
4549	7
4550	7
4551	5
4552	3
4553	9
4554	5
4555	3
4556	5
4557	6
4558	5
4559	5
4560	3
4561	1
4562	3
4563	4
4564	8
4565	6
4566	5
4567	5
4568	7
4569	3
4570	8
4571	6
4572	12
4573	11
4574	8
4575	4
4576	5
4577	6
4578	6
4579	5
4580	5
4581	4
4582	5
4583	5
4584	1
4585	5
4586	5
4587	6
4588	4
4589	6
4590	9
4591	3
4592	3
4593	5
4594	2
4595	3
4596	7
4597	9
4598	4
4599	4
4600	6
4601	9
4602	11
4603	12
4604	5
4605	3
4606	6
4607	10
4608	5
4609	6
4610	8
4611	4
4612	6
4613	4
4614	10
4615	5
4616	3
4617	1
4618	8
4619	7
4620	9
4621	7
4622	4
4623	4
4624	5
4625	7
4626	8
4627	1
4628	11
4629	5
4630	12
4631	4
4632	10
4633	5
4634	7
4635	4
4636	5
4637	3
4638	6
4639	8
4640	5
4641	7
4642	8
4643	5
4644	6
4645	3
4646	6
4647	4
4648	7
4649	5
4650	10
4651	3
4652	5
4653	5
4654	2
4655	9
4656	5
4657	4
4658	9
4659	5
4660	9
4661	10
4662	7
4663	7
4664	5
4665	4
4666	7
4667	5
4668	6
4669	3
4670	10
4671	8
4672	7
4673	3
4674	5
4675	9
4676	9
4677	4
4678	6
4679	7
4680	6
4681	5
4682	6
4683	6
4684	4
4685	4
4686	2
4687	5
4688	7
4689	8
4690	3
4691	1
4692	6
4693	3
4694	3
4695	5
4696	3
4697	10
4698	6
4699	6
4700	4
4701	5
4702	7
4703	8
4704	4
4705	5
4706	3
4707	5
4708	3
4709	2
4710	4
4711	6
4712	5
4713	5
4714	2
4715	4
4716	9
4717	6
4718	10
4719	7
4720	6
4721	7
4722	5
4723	3
4724	5
4725	7
4726	2
4727	0
4728	7
4729	5
4730	2
4731	7
4732	4
4733	7
4734	8
4735	6
4736	7
4737	7
4738	9
4739	3
4740	4
4741	13
4742	8
4743	4
4744	5
4745	7
4746	4
4747	11
4748	6
4749	6
4750	7
4751	8
4752	7
4753	2
4754	3
4755	5
4756	13
4757	8
4758	7
4759	3
4760	6
4761	2
4762	8
4763	10
4764	6
4765	2
4766	8
4767	9
4768	8
4769	8
4770	6
4771	7
4772	3
4773	6
4774	7
4775	6
4776	5
4777	1
4778	7
4779	4
4780	8
4781	4
4782	3
4783	10
4784	9
4785	9
4786	3
4787	5
4788	7
4789	4
4790	6
4791	9
4792	9
4793	13
4794	3
4795	4
4796	5
4797	3
4798	4
4799	3
4800	6
4801	6
4802	9
4803	6
4804	6
4805	3
4806	6
4807	8
4808	7
4809	4
4810	5
4811	6
4812	4
4813	7
4814	4
4815	4
4816	10
4817	9
4818	2
4819	9
4820	6
4821	7
4822	5
4823	4
4824	3
4825	2
4826	5
4827	8
4828	11
4829	4
4830	3
4831	5
4832	7
4833	4
4834	5
4835	7
4836	7
4837	3
4838	3
4839	11
4840	7
4841	9
4842	3
4843	6
4844	1
4845	4
4846	4
4847	7
4848	4
4849	4
4850	8
4851	3
4852	3
4853	8
4854	7
4855	6
4856	8
4857	5
4858	5
4859	9
4860	7
4861	3
4862	7
4863	2
4864	2
4865	6
4866	6
4867	5
4868	7
4869	4
4870	3
4871	7
4872	7
4873	11
4874	6
4875	8
4876	3
4877	11
4878	7
4879	3
4880	10
4881	6
4882	7
4883	7
4884	5
4885	11
4886	7
4887	4
4888	6
4889	6
4890	8
4891	6
4892	3
4893	8
4894	4
4895	6
4896	3
4897	8
4898	4
4899	5
4900	7
4901	6
4902	3
4903	10
4904	3
4905	7
4906	5
4907	3
4908	2
4909	1
4910	3
4911	7
4912	6
4913	5
4914	4
4915	4
4916	6
4917	5
4918	11
4919	2
4920	12
4921	6
4922	7
4923	7
4924	5
4925	9
4926	7
4927	1
4928	2
4929	1
4930	5
4931	8
4932	6
4933	7
4934	11
4935	8
4936	5
4937	6
4938	4
4939	4
4940	9
4941	10
4942	7
4943	3
4944	4
4945	6
4946	4
4947	5
4948	4
4949	2
4950	4
4951	5
4952	1
4953	6
4954	6
4955	8
4956	2
4957	5
4958	3
4959	6
4960	4
4961	5
4962	6
4963	3
4964	6
4965	5
4966	2
4967	4
4968	9
4969	7
4970	3
4971	10
4972	6
4973	7
4974	8
4975	3
4976	11
4977	6
4978	10
4979	2
4980	4
4981	7
4982	6
4983	7
4984	5
4985	8
4986	5
4987	6
4988	7
4989	6
4990	2
4991	6
4992	4
4993	3
4994	3
4995	6
4996	5
4997	10
4998	3
4999	5
5000	4
5001	10
5002	5
5003	2
5004	9
5005	6
5006	3
5007	6
5008	6
5009	3
5010	3
5011	4
5012	6
5013	7
5014	6
5015	5
5016	3
5017	6
5018	6
5019	3
5020	6
5021	6
5022	4
5023	4
5024	7
5025	3
5026	4
5027	3
5028	6
5029	6
5030	6
5031	8
5032	3
5033	9
5034	5
5035	4
5036	5
5037	5
5038	4
5039	5
5040	5
5041	5
5042	5
5043	6
5044	2
5045	4
5046	7
5047	3
5048	9
5049	7
5050	10
5051	6
5052	3
5053	3
5054	5
5055	5
5056	3
5057	5
5058	6
5059	7
5060	7
5061	4
5062	11
5063	9
5064	4
5065	6
5066	6
5067	10
5068	5
5069	3
5070	5
5071	2
5072	5
5073	7
5074	2
5075	5
5076	7
5077	6
5078	5
5079	11
5080	6
5081	4
5082	2
5083	7
5084	13
5085	8
5086	8
5087	4
5088	6
5089	8
5090	8
5091	9
5092	6
5093	5
5094	2
5095	9
5096	4
5097	4
5098	7
5099	9
5100	7
5101	7
5102	4
5103	4
5104	3
5105	7
5106	1
5107	5
5108	1
5109	2
5110	4
5111	4
5112	6
5113	3
5114	5
5115	7
5116	3
5117	4
5118	3
5119	2
5120	8
5121	5
5122	7
5123	6
5124	7
5125	5
5126	6
5127	11
5128	7
5129	7
5130	5
5131	6
5132	5
5133	9
5134	10
5135	6
5136	3
5137	8
5138	8
5139	8
5140	8
5141	7
5142	7
5143	7
5144	12
5145	5
5146	5
5147	11
5148	7
5149	4
5150	6
5151	10
5152	6
5153	7
5154	4
5155	4
5156	6
5157	5
5158	6
5159	3
5160	5
5161	8
5162	9
5163	5
5164	7
5165	6
5166	4
5167	6
5168	10
5169	3
5170	9
5171	6
5172	8
5173	9
5174	3
5175	8
5176	5
5177	4
5178	8
5179	7
5180	7
5181	6
5182	6
5183	2
5184	4
5185	6
5186	6
5187	1
5188	5
5189	5
5190	8
5191	5
5192	2
5193	1
5194	6
5195	6
5196	7
5197	4
5198	4
5199	2
5200	12
5201	6
5202	3
5203	4
5204	6
5205	5
5206	4
5207	8
5208	6
5209	5
5210	4
5211	8
5212	4
5213	4
5214	2
5215	10
5216	3
5217	5
5218	5
5219	5
5220	6
5221	5
5222	7
5223	7
5224	5
5225	5
5226	4
5227	2
5228	4
5229	7
5230	3
5231	2
5232	6
5233	3
5234	4
5235	4
5236	8
5237	4
5238	6
5239	3
5240	2
5241	8
5242	10
5243	2
5244	4
5245	10
5246	6
5247	6
5248	4
5249	7
5250	7
5251	4
5252	8
5253	7
5254	9
5255	5
5256	2
5257	3
5258	7
5259	3
5260	8
5261	4
5262	5
5263	5
5264	5
5265	7
5266	6
5267	4
5268	5
5269	7
5270	4
5271	2
5272	5
5273	7
5274	11
5275	5
5276	4
5277	4
5278	6
5279	7
5280	5
5281	4
5282	13
5283	3
5284	13
5285	9
5286	9
5287	8
5288	6
5289	4
5290	2
5291	4
5292	5
5293	4
5294	3
5295	8
5296	3
5297	5
5298	5
5299	4
5300	8
5301	2
5302	10
5303	4
5304	9
5305	7
5306	3
5307	9
5308	6
5309	6
5310	6
5311	7
5312	8
5313	2
5314	8
5315	8
5316	9
5317	2
5318	4
5319	4
5320	4
5321	10
5322	6
5323	4
5324	3
5325	2
5326	5
5327	4
5328	6
5329	7
5330	2
5331	6
5332	5
5333	6
5334	6
5335	2
5336	6
5337	3
5338	3
5339	8
5340	6
5341	9
5342	5
5343	5
5344	5
5345	2
5346	7
5347	4
5348	5
5349	12
5350	6
5351	6
5352	6
5353	6
5354	10
5355	8
5356	7
5357	8
5358	1
5359	5
5360	10
5361	5
5362	2
5363	8
5364	5
5365	5
5366	6
5367	6
5368	6
5369	8
5370	3
5371	5
5372	1
5373	6
5374	8
5375	6
5376	5
5377	3
5378	10
5379	8
5380	6
5381	4
5382	3
5383	2
5384	6
5385	7
5386	4
5387	7
5388	9
5389	3
5390	3
5391	4
5392	9
5393	2
5394	4
5395	5
5396	8
5397	11
5398	2
5399	3
5400	7
5401	5
5402	8
5403	10
5404	6
5405	5
5406	7
5407	3
5408	8
5409	5
5410	5
5411	6
5412	8
5413	3
5414	4
5415	11
5416	8
5417	12
5418	5
5419	8
5420	8
5421	6
5422	7
5423	4
5424	10
5425	6
5426	7
5427	10
5428	2
5429	6
5430	6
5431	9
5432	7
5433	10
5434	3
5435	7
5436	10
5437	7
5438	4
5439	3
5440	4
5441	5
5442	7
5443	9
5444	14
5445	4
5446	7
5447	5
5448	4
5449	4
5450	3
5451	9
5452	2
5453	5
5454	2
5455	7
5456	10
5457	7
5458	8
5459	5
5460	5
5461	11
5462	2
5463	5
5464	5
5465	3
5466	8
5467	5
5468	3
5469	11
5470	5
5471	8
5472	7
5473	5
5474	6
5475	6
5476	7
5477	4
5478	5
5479	6
5480	7
5481	5
5482	8
5483	7
5484	8
5485	7
5486	1
5487	5
5488	8
5489	5
5490	4
5491	7
5492	6
5493	10
5494	8
5495	5
5496	7
5497	5
5498	6
5499	7
5500	3
5501	7
5502	6
5503	5
5504	4
5505	2
5506	7
5507	5
5508	3
5509	8
5510	4
5511	5
5512	7
5513	5
5514	7
5515	4
5516	6
5517	4
5518	5
5519	8
5520	6
5521	9
5522	5
5523	5
5524	13
5525	5
5526	3
5527	11
5528	9
5529	4
5530	3
5531	4
5532	5
5533	3
5534	11
5535	5
5536	4
5537	10
5538	4
5539	6
5540	6
5541	5
5542	4
5543	11
5544	3
5545	9
5546	8
5547	9
5548	6
5549	3
5550	3
5551	11
5552	6
5553	4
5554	8
5555	9
5556	7
5557	5
5558	2
5559	5
5560	5
5561	5
5562	10
5563	7
5564	14
5565	8
5566	6
5567	5
5568	6
5569	3
5570	3
5571	6
5572	7
5573	5
5574	6
5575	5
5576	7
5577	4
5578	7
5579	6
5580	4
5581	3
5582	4
5583	6
5584	4
5585	12
5586	4
5587	6
5588	9
5589	10
5590	7
5591	6
5592	6
5593	7
5594	6
5595	8
5596	11
5597	5
5598	4
5599	7
5600	4
5601	5
5602	13
5603	3
5604	3
5605	10
5606	8
5607	2
5608	5
5609	8
5610	8
5611	7
5612	5
5613	7
5614	5
5615	6
5616	8
5617	4
5618	8
5619	5
5620	5
5621	5
5622	9
5623	1
5624	5
5625	3
5626	10
5627	8
5628	7
5629	6
5630	11
5631	4
5632	13
5633	4
5634	5
5635	9
5636	2
5637	5
5638	4
5639	5
5640	8
5641	5
5642	8
5643	6
5644	4
5645	6
5646	8
5647	13
5648	9
5649	7
5650	5
5651	8
5652	6
5653	5
5654	1
5655	7
5656	3
5657	5
5658	6
5659	8
5660	6
5661	5
5662	7
5663	11
5664	4
5665	4
5666	6
5667	8
5668	9
5669	8
5670	9
5671	8
5672	6
5673	11
5674	9
5675	9
5676	8
5677	5
5678	7
5679	3
5680	5
5681	7
5682	7
5683	7
5684	5
5685	12
5686	1
5687	8
5688	2
5689	13
5690	6
5691	7
5692	6
5693	5
5694	7
5695	5
5696	6
5697	8
5698	6
5699	6
5700	6
5701	10
5702	4
5703	6
5704	4
5705	5
5706	11
5707	6
5708	2
5709	5
5710	3
5711	10
5712	10
5713	5
5714	1
5715	7
5716	6
5717	7
5718	12
5719	6
5720	4
5721	7
5722	8
5723	4
5724	7
5725	5
5726	4
5727	11
5728	11
5729	10
5730	5
5731	7
5732	5
5733	7
5734	2
5735	5
5736	5
5737	4
5738	3
5739	15
5740	12
5741	5
5742	4
5743	5
5744	9
5745	10
5746	13
5747	3
5748	10
5749	6
5750	8
5751	6
5752	10
5753	7
5754	6
5755	6
5756	7
5757	9
5758	6
5759	6
5760	9
5761	5
5762	8
5763	8
5764	7
5765	10
5766	8
5767	8
5768	11
5769	6
5770	6
5771	10
5772	4
5773	7
5774	7
5775	4
5776	5
5777	7
5778	4
5779	7
5780	12
5781	1
5782	2
5783	8
5784	9
5785	10
5786	7
5787	6
5788	8
5789	4
5790	3
5791	3
5792	12
5793	9
5794	7
5795	8
5796	6
5797	9
5798	5
5799	9
5800	6
5801	6
5802	12
5803	3
5804	8
5805	7
5806	11
5807	4
5808	11
5809	5
5810	5
5811	3
5812	4
5813	8
5814	4
5815	12
5816	7
5817	4
5818	9
5819	4
5820	3
5821	4
5822	14
5823	6
5824	6
5825	5
5826	7
5827	4
5828	7
5829	4
5830	3
5831	6
5832	5
5833	6
5834	6
5835	6
5836	6
5837	6
5838	7
5839	7
5840	8
5841	5
5842	8
5843	6
5844	5
5845	9
5846	5
5847	5
5848	9
5849	6
5850	4
5851	7
5852	5
5853	2
5854	7
5855	14
5856	7
5857	7
5858	10
5859	8
5860	5
5861	4
5862	8
5863	7
5864	3
5865	4
5866	5
5867	4
5868	3
5869	3
5870	7
5871	6
5872	10
5873	3
5874	6
5875	5
5876	4
5877	12
5878	2
5879	9
5880	7
5881	10
5882	8
5883	13
5884	3
5885	4
5886	7
5887	5
5888	10
5889	8
5890	5
5891	4
5892	6
5893	14
5894	6
5895	6
5896	4
5897	3
5898	9
5899	7
5900	4
5901	5
5902	6
5903	8
5904	5
5905	4
5906	6
5907	7
5908	7
5909	5
5910	7
5911	7
5912	5
5913	5
5914	6
5915	16
5916	7
5917	6
5918	9
5919	7
5920	8
5921	13
5922	6
5923	8
5924	3
5925	4
5926	5
5927	9
5928	4
5929	7
5930	10
5931	5
5932	10
5933	5
5934	6
5935	4
5936	9
5937	3
5938	7
5939	6
5940	11
5941	5
5942	4
5943	12
5944	8
5945	7
5946	7
5947	9
5948	5
5949	5
5950	9
5951	11
5952	5
5953	6
5954	14
5955	10
5956	3
5957	10
5958	8
5959	5
5960	7
5961	9
5962	7
5963	7
5964	6
5965	3
5966	5
5967	8
5968	6
5969	6
5970	6
5971	4
5972	6
5973	6
5974	13
5975	10
5976	7
5977	6
5978	7
5979	5
5980	11
5981	12
5982	6
5983	8
5984	4
5985	4
5986	4
5987	7
5988	8
5989	3
5990	2
5991	7
5992	8
5993	7
5994	5
5995	3
5996	3
5997	5
5998	5
5999	6
6000	3
6001	7
6002	10
6003	6
6004	4
6005	9
6006	6
6007	5
6008	4
6009	6
6010	8
6011	13
6012	7
6013	3
6014	10
6015	6
6016	5
6017	10
6018	6
6019	6
6020	11
6021	5
6022	4
6023	6
6024	7
6025	7
6026	7
6027	5
6028	5
6029	7
6030	4
6031	6
6032	6
6033	6
6034	8
6035	11
6036	6
6037	3
6038	6
6039	9
6040	6
6041	8
6042	5
6043	5
6044	5
6045	8
6046	4
6047	7
6048	7
6049	5
6050	6
6051	3
6052	5
6053	5
6054	2
6055	5
6056	7
6057	8
6058	9
6059	6
6060	11
6061	4
6062	7
6063	5
6064	4
6065	5
6066	3
6067	5
6068	6
6069	7
6070	7
6071	5
6072	5
6073	7
6074	8
6075	7
6076	9
6077	5
6078	6
6079	6
6080	5
6081	8
6082	6
6083	4
6084	8
6085	9
6086	8
6087	5
6088	7
6089	7
6090	5
6091	8
6092	6
6093	6
6094	8
6095	1
6096	6
6097	4
6098	11
6099	9
6100	2
6101	10
6102	8
6103	2
6104	6
6105	5
6106	4
6107	11
6108	6
6109	2
6110	11
6111	10
6112	5
6113	3
6114	3
6115	5
6116	6
6117	4
6118	5
6119	3
6120	4
6121	4
6122	6
6123	10
6124	4
6125	3
6126	5
6127	7
6128	4
6129	4
6130	9
6131	4
6132	7
6133	8
6134	3
6135	1
6136	5
6137	7
6138	4
6139	3
6140	3
6141	4
6142	9
6143	5
6144	5
6145	6
6146	7
6147	7
6148	10
6149	6
6150	7
6151	5
6152	7
6153	3
6154	3
6155	4
6156	4
6157	6
6158	9
6159	4
6160	6
6161	5
6162	2
6163	8
6164	2
6165	4
6166	8
6167	4
6168	3
6169	3
6170	1
6171	8
6172	2
6173	10
6174	2
6175	7
6176	0
6177	2
6178	9
6179	1
6180	4
6181	3
6182	5
6183	5
6184	7
6185	5
6186	1
6187	5
6188	5
6189	4
6190	5
6191	7
6192	3
6193	1
6194	4
6195	6
6196	5
6197	2
6198	7
6199	3
6200	2
6201	7
6202	8
6203	4
6204	3
6205	5
6206	1
6207	5
6208	2
6209	3
6210	9
6211	0
6212	5
6213	5
6214	4
6215	4
6216	2
6217	3
6218	6
6219	3
6220	2
6221	3
6222	4
6223	5
6224	5
6225	5
6226	8
6227	2
6228	7
6229	5
6230	2
6231	4
6232	4
6233	4
6234	3
6235	4
6236	1
6237	3
6238	2
6239	2
6240	3
6241	3
6242	6
6243	6
6244	5
6245	6
6246	9
6247	1
6248	5
6249	2
6250	2
6251	4
6252	2
6253	4
6254	4
6255	1
6256	2
6257	5
6258	3
6259	2
6260	2
6261	4
6262	3
6263	3
6264	4
6265	2
6266	3
6267	2
6268	4
6269	6
6270	4
6271	7
6272	5
6273	4
6274	6
6275	3
6276	5
6277	4
6278	3
6279	4
6280	4
6281	2
6282	3
6283	1
6284	2
6285	2
6286	1
6287	3
6288	2
6289	3
6290	4
6291	1
6292	0
6293	1
6294	3
6295	3
6296	4
6297	3
6298	9
6299	2
6300	4
6301	1
6302	2
6303	3
6304	5
6305	3
6306	2
6307	4
6308	3
6309	2
6310	6
6311	3
6312	3
6313	1
6314	4
6315	1
6316	3
6317	2
6318	3
6319	6
6320	3
6321	3
6322	0
6323	3
6324	2
6325	4
6326	9
6327	4
6328	0
6329	3
6330	3
6331	5
6332	3
6333	0
6334	4
6335	4
6336	8
6337	3
6338	5
6339	3
6340	1
6341	2
6342	3
6343	4
6344	2
6345	3
6346	3
6347	3
6348	4
6349	1
6350	3
6351	0
6352	4
6353	3
6354	4
6355	2
6356	4
6357	6
6358	2
6359	1
6360	1
6361	2
6362	1
6363	2
6364	2
6365	2
6366	1
6367	1
6368	1
6369	4
6370	5
6371	5
6372	2
6373	2
6374	3
6375	0
6376	2
6377	1
6378	3
6379	1
6380	2
6381	3
6382	2
6383	4
6384	4
6385	5
6386	2
6387	7
6388	2
6389	2
6390	2
6391	4
6392	4
6393	1
6394	5
6395	3
6396	2
6397	2
6398	5
6399	4
6400	2
6401	1
6402	3
6403	3
6404	3
6405	4
6406	2
6407	2
6408	2
6409	4
6410	3
6411	0
6412	1
6413	4
6414	6
6415	2
6416	1
6417	7
6418	3
6419	1
6420	2
6421	4
6422	2
6423	8
6424	3
6425	1
6426	3
6427	4
6428	2
6429	1
6430	4
6431	3
6432	2
6433	0
6434	4
6435	5
6436	5
6437	6
6438	3
6439	0
6440	2
6441	1
6442	3
6443	3
6444	0
6445	3
6446	1
6447	2
6448	3
6449	3
6450	3
6451	1
6452	3
6453	2
6454	2
6455	3
6456	1
6457	6
6458	1
6459	0
6460	5
6461	0
6462	0
6463	4
6464	3
6465	3
6466	1
6467	5
6468	2
6469	2
6470	2
6471	3
6472	1
6473	2
6474	4
6475	5
6476	4
6477	3
6478	6
6479	0
6480	2
6481	2
6482	5
6483	3
6484	0
6485	1
6486	1
6487	4
6488	1
6489	2
6490	3
6491	2
6492	1
6493	1
6494	1
6495	1
6496	3
6497	4
6498	1
6499	2
6500	2
6501	1
6502	1
6503	0
6504	3
6505	6
6506	1
6507	2
6508	1
6509	7
6510	0
6511	1
6512	4
6513	2
6514	1
6515	2
6516	7
6517	2
6518	4
6519	4
6520	3
6521	1
6522	4
6523	7
6524	3
6525	5
6526	5
6527	3
6528	1
6529	3
6530	2
6531	4
6532	5
6533	3
6534	2
6535	3
6536	2
6537	2
6538	1
6539	2
6540	1
6541	1
6542	3
6543	1
6544	3
6545	4
6546	1
6547	2
6548	1
6549	5
6550	3
6551	1
6552	4
6553	2
6554	1
6555	2
6556	4
6557	3
6558	2
6559	1
6560	2
6561	2
6562	2
6563	3
6564	1
6565	3
6566	0
6567	2
6568	3
6569	1
6570	2
6571	0
6572	0
6573	0
6574	2
6575	1
6576	5
6577	3
6578	2
6579	3
6580	2
6581	3
6582	2
6583	5
6584	1
6585	2
6586	3
6587	2
6588	2
6589	1
6590	3
6591	0
6592	2
6593	0
6594	0
6595	0
6596	0
6597	2
6598	0
6599	1
6600	2
6601	1
6602	5
6603	2
6604	3
6605	2
6606	3
6607	4
6608	2
6609	0
6610	2
6611	3
6612	2
6613	2
6614	3
6615	1
6616	4
6617	2
6618	3
6619	0
6620	3
6621	0
6622	4
6623	3
6624	0
6625	1
6626	1
6627	2
6628	4
6629	2
6630	1
6631	2
6632	4
6633	2
6634	2
6635	1
6636	7
6637	4
6638	1
6639	1
6640	3
6641	4
6642	1
6643	1
6644	1
6645	1
6646	3
6647	2
6648	1
6649	3
6650	3
6651	2
6652	1
6653	3
6654	3
6655	2
6656	2
6657	0
6658	0
6659	0
6660	4
6661	0
6662	2
6663	1
6664	1
6665	1
6666	2
6667	3
6668	3
6669	9
6670	1
6671	4
6672	0
6673	6
6674	3
6675	0
6676	1
6677	0
6678	0
6679	4
6680	1
6681	0
6682	2
6683	0
6684	3
6685	2
6686	0
6687	3
6688	2
6689	2
6690	3
6691	2
6692	0
6693	1
6694	3
6695	2
6696	0
6697	2
6698	3
6699	2
6700	2
6701	3
6702	4
6703	2
6704	2
6705	3
6706	0
6707	1
6708	3
6709	5
6710	0
6711	2
6712	2
6713	1
6714	0
6715	1
6716	3
6717	2
6718	3
6719	0
6720	2
6721	0
6722	1
6723	2
6724	1
6725	3
6726	1
6727	2
6728	0
6729	4
6730	0
6731	2
6732	0
6733	2
6734	2
6735	2
6736	2
6737	0
6738	4
6739	1
6740	1
6741	0
6742	0
6743	2
6744	4
6745	2
6746	1
6747	2
6748	3
6749	0
6750	0
6751	2
6752	0
6753	1
6754	0
6755	3
6756	0
6757	1
6758	1
6759	1
6760	0
6761	1
6762	1
6763	0
6764	5
6765	1
6766	1
6767	0
6768	2
6769	1
6770	0
6771	2
6772	3
6773	0
6774	2
6775	2
6776	3
6777	0
6778	1
6779	3
6780	2
6781	4
6782	2
6783	3
6784	0
6785	2
6786	0
6787	4
6788	2
6789	3
6790	2
6791	1
6792	2
6793	0
6794	1
6795	1
6796	0
6797	0
6798	0
6799	0
6800	2
6801	3
6802	1
6803	1
6804	3
6805	3
6806	3
6807	2
6808	1
6809	1
6810	2
6811	2
6812	1
6813	2
6814	1
6815	0
6816	1
6817	4
6818	0
6819	0
6820	2
6821	0
6822	4
6823	1
6824	1
6825	1
6826	4
6827	0
6828	1
6829	0
6830	1
6831	4
6832	2
6833	1
6834	1
6835	3
6836	1
6837	4
6838	2
6839	1
6840	1
6841	1
6842	1
6843	0
6844	2
6845	3
6846	0
6847	0
6848	5
6849	2
6850	1
6851	1
6852	1
6853	2
6854	2
6855	1
6856	4
6857	2
6858	3
6859	1
6860	1
6861	0
6862	1
6863	1
6864	0
6865	1
6866	1
6867	1
6868	3
6869	1
6870	1
6871	2
6872	2
6873	1
6874	4
6875	1
6876	1
6877	0
6878	2
6879	1
6880	0
6881	4
6882	1
6883	2
6884	2
6885	2
6886	0
6887	1
6888	0
6889	3
6890	1
6891	2
6892	2
6893	1
6894	3
6895	4
6896	0
6897	1
6898	3
6899	1
6900	0
6901	3
6902	1
6903	0
6904	2
6905	1
6906	1
6907	3
6908	2
6909	0
6910	1
6911	2
6912	1
6913	2
6914	2
6915	1
6916	0
6917	3
6918	4
6919	3
6920	1
6921	1
6922	1
6923	1
6924	0
6925	1
6926	1
6927	2
6928	4
6929	0
6930	1
6931	1
6932	1
6933	0
6934	2
6935	2
6936	2
6937	1
6938	4
6939	0
6940	1
6941	4
6942	0
6943	0
6944	2
6945	1
6946	1
6947	0
6948	0
6949	2
6950	6
6951	2
6952	2
6953	1
6954	2
6955	5
6956	1
6957	2
6958	1
6959	0
6960	3
6961	1
6962	2
6963	0
6964	1
6965	2
6966	2
6967	1
6968	1
6969	0
6970	4
6971	0
6972	1
6973	1
6974	2
6975	0
6976	1
6977	5
6978	1
6979	0
6980	0
6981	1
6982	1
6983	1
6984	1
6985	1
6986	0
6987	1
6988	1
6989	1
6990	0
6991	2
6992	0
6993	0
6994	1
6995	2
6996	0
6997	4
6998	1
6999	0
7000	1
7001	2
7002	1
7003	0
7004	0
7005	1
7006	2
7007	2
7008	2
7009	2
7010	1
7011	1
7012	2
7013	3
7014	1
7015	4
7016	0
7017	1
7018	0
7019	3
7020	3
7021	0
7022	1
7023	0
7024	1
7025	1
7026	2
7027	1
7028	0
7029	5
7030	2
7031	3
7032	1
7033	1
7034	3
7035	0
7036	5
7037	1
7038	3
7039	2
7040	0
7041	2
7042	2
7043	2
7044	2
7045	3
7046	2
7047	1
7048	2
7049	2
7050	0
7051	2
7052	1
7053	1
7054	1
7055	2
7056	1
7057	2
7058	3
7059	6
7060	0
7061	0
7062	3
7063	1
7064	4
7065	4
7066	3
7067	4
7068	4
7069	3
7070	5
7071	3
7072	1
7073	1
7074	4
7075	0
7076	4
7077	2
7078	0
7079	1
7080	0
7081	2
7082	4
7083	1
7084	1
7085	1
7086	1
7087	1
7088	3
7089	3
7090	2
7091	3
7092	4
7093	1
7094	1
7095	0
7096	2
7097	2
7098	1
7099	2
7100	2
7101	4
7102	4
7103	3
7104	1
7105	2
7106	2
7107	0
7108	1
7109	1
7110	2
7111	1
7112	3
7113	5
7114	0
7115	1
7116	5
7117	2
7118	4
7119	2
7120	2
7121	3
7122	3
7123	4
7124	1
7125	3
7126	1
7127	1
7128	4
7129	2
7130	0
7131	0
7132	3
7133	3
7134	5
7135	4
7136	2
7137	3
7138	1
7139	1
7140	6
7141	0
7142	3
7143	3
7144	3
7145	2
7146	3
7147	5
7148	3
7149	3
7150	0
7151	1
7152	1
7153	1
7154	6
7155	5
7156	1
7157	5
7158	2
7159	5
7160	3
7161	3
7162	4
7163	6
7164	6
7165	2
7166	4
7167	4
7168	1
7169	3
7170	6
7171	4
7172	3
7173	3
7174	2
7175	3
7176	8
7177	2
7178	5
7179	2
7180	3
7181	4
7182	7
7183	2
7184	3
7185	1
7186	4
7187	5
7188	2
7189	4
7190	4
7191	4
7192	7
7193	3
7194	4
7195	3
7196	3
7197	1
7198	6
7199	5
7200	8
7201	4
7202	1
7203	1
7204	4
7205	5
7206	3
7207	6
7208	3
7209	5
7210	5
7211	4
7212	4
7213	6
7214	5
7215	9
7216	3
7217	10
7218	7
7219	7
7220	5
7221	6
7222	4
7223	7
7224	2
7225	3
7226	6
7227	3
7228	5
7229	6
7230	1
7231	5
7232	8
7233	7
7234	6
7235	4
7236	6
7237	6
7238	6
7239	5
7240	6
7241	2
7242	2
7243	7
7244	5
7245	3
7246	11
7247	9
7248	8
7249	7
7250	10
7251	2
7252	12
7253	12
7254	8
7255	7
7256	3
7257	5
7258	7
7259	3
7260	6
7261	8
7262	8
7263	9
7264	11
7265	7
7266	8
7267	10
7268	6
7269	11
7270	13
7271	6
7272	7
7273	8
7274	9
7275	6
7276	12
7277	4
7278	6
7279	12
7280	10
7281	7
7282	9
7283	5
7284	10
7285	10
7286	3
7287	8
7288	3
7289	10
7290	14
7291	6
7292	9
7293	9
7294	9
7295	7
7296	10
7297	9
7298	14
7299	9
7300	11
7301	11
7302	10
7303	13
7304	12
7305	8
7306	11
7307	8
7308	9
7309	6
7310	13
7311	10
7312	11
7313	12
7314	9
7315	17
7316	14
7317	6
7318	7
7319	12
7320	9
7321	20
7322	17
7323	5
7324	20
7325	9
7326	12
7327	7
7328	8
7329	15
7330	17
7331	13
7332	16
7333	11
7334	18
7335	14
7336	10
7337	10
7338	14
7339	13
7340	8
7341	10
7342	14
7343	16
7344	10
7345	20
7346	15
7347	12
7348	10
7349	17
7350	15
7351	4
7352	17
7353	21
7354	17
7355	17
7356	10
7357	7
7358	18
7359	17
7360	8
7361	20
7362	16
7363	17
7364	13
7365	9
7366	9
7367	15
7368	19
7369	16
7370	20
7371	13
7372	12
7373	9
7374	14
7375	15
7376	15
7377	17
7378	23
7379	21
7380	7
7381	13
7382	18
7383	19
7384	14
7385	17
7386	16
7387	19
7388	18
7389	13
7390	14
7391	16
7392	16
7393	23
7394	27
7395	15
7396	24
7397	25
7398	18
7399	12
7400	20
7401	22
7402	20
7403	9
7404	15
7405	14
7406	17
7407	18
7408	17
7409	18
7410	17
7411	18
7412	16
7413	16
7414	19
7415	11
7416	17
7417	14
7418	17
7419	28
7420	24
7421	13
7422	25
7423	16
7424	19
7425	14
7426	27
7427	21
7428	23
7429	18
7430	12
7431	22
7432	22
7433	16
7434	14
7435	18
7436	18
7437	20
7438	22
7439	21
7440	28
7441	15
7442	20
7443	20
7444	17
7445	15
7446	18
7447	20
7448	16
7449	24
7450	31
7451	20
7452	18
7453	25
7454	27
7455	18
7456	16
7457	17
7458	27
7459	21
7460	22
7461	19
7462	25
7463	21
7464	23
7465	16
7466	27
7467	18
7468	22
7469	16
7470	25
7471	23
7472	22
7473	21
7474	14
7475	22
7476	26
7477	17
7478	22
7479	26
7480	26
7481	28
7482	19
7483	18
7484	12
7485	26
7486	18
7487	22
7488	22
7489	19
7490	14
7491	29
7492	14
7493	9
7494	28
7495	19
7496	19
7497	21
7498	19
7499	20
7500	28
7501	17
7502	16
7503	21
7504	18
7505	26
7506	23
7507	18
7508	20
7509	16
7510	17
7511	24
7512	17
7513	24
7514	19
7515	22
7516	24
7517	22
7518	23
7519	23
7520	16
7521	17
7522	19
7523	28
7524	24
7525	22
7526	24
7527	27
7528	26
7529	21
7530	19
7531	25
7532	20
7533	24
7534	21
7535	21
7536	27
7537	19
7538	22
7539	18
7540	22
7541	24
7542	17
7543	23
7544	32
7545	22
7546	24
7547	22
7548	28
7549	28
7550	27
7551	25
7552	17
7553	14
7554	27
7555	33
7556	12
7557	30
7558	19
7559	29
7560	19
7561	18
7562	22
7563	24
7564	16
7565	21
7566	25
7567	19
7568	26
7569	23
7570	18
7571	18
7572	19
7573	19
7574	19
7575	15
7576	21
7577	25
7578	21
7579	21
7580	20
7581	11
7582	21
7583	17
7584	22
7585	17
7586	28
7587	18
7588	31
7589	19
7590	24
7591	20
7592	13
7593	22
7594	28
7595	18
7596	20
7597	18
7598	16
7599	11
7600	20
7601	26
7602	25
7603	15
7604	9
7605	17
7606	25
7607	10
7608	21
7609	21
7610	15
7611	19
7612	22
7613	18
7614	18
7615	21
7616	17
7617	18
7618	23
7619	14
7620	15
7621	18
7622	17
7623	19
7624	15
7625	20
7626	25
7627	15
7628	19
7629	21
7630	18
7631	14
7632	17
7633	14
7634	12
7635	22
7636	17
7637	14
7638	27
7639	25
7640	17
7641	22
7642	22
7643	10
7644	22
7645	15
7646	12
7647	12
7648	15
7649	17
7650	12
7651	18
7652	10
7653	17
7654	17
7655	11
7656	19
7657	21
7658	17
7659	15
7660	9
7661	14
7662	18
7663	9
7664	8
7665	18
7666	17
7667	14
7668	15
7669	7
7670	8
7671	15
7672	15
7673	11
7674	12
7675	13
7676	13
7677	24
7678	8
7679	13
7680	8
7681	15
7682	17
7683	11
7684	10
7685	12
7686	21
7687	17
7688	6
7689	10
7690	23
7691	9
7692	14
7693	11
7694	12
7695	15
7696	12
7697	12
7698	9
7699	12
7700	7
7701	14
7702	7
7703	7
7704	13
7705	15
7706	9
7707	16
7708	9
7709	9
7710	9
7711	13
7712	13
7713	13
7714	16
7715	7
7716	12
7717	12
7718	13
7719	10
7720	12
7721	12
7722	9
7723	14
7724	4
7725	12
7726	10
7727	9
7728	8
7729	9
7730	12
7731	12
7732	5
7733	7
7734	9
7735	6
7736	5
7737	8
7738	10
7739	14
7740	5
7741	11
7742	12
7743	4
7744	15
7745	12
7746	7
7747	8
7748	5
7749	12
7750	7
7751	2
7752	14
7753	12
7754	7
7755	9
7756	7
7757	6
7758	8
7759	11
7760	6
7761	4
7762	8
7763	6
7764	4
7765	9
7766	2
7767	3
7768	3
7769	3
7770	7
7771	5
7772	5
7773	4
7774	5
7775	5
7776	5
7777	8
7778	10
7779	4
7780	2
7781	8
7782	7
7783	3
7784	6
7785	4
7786	8
7787	7
7788	11
7789	8
7790	6
7791	4
7792	1
7793	2
7794	4
7795	12
7796	4
7797	5
7798	5
7799	5
7800	3
7801	3
7802	3
7803	3
7804	8
7805	2
7806	5
7807	6
7808	4
7809	2
7810	6
7811	4
7812	9
7813	7
7814	3
7815	3
7816	7
7817	4
7818	3
7819	4
7820	6
7821	5
7822	9
7823	1
7824	4
7825	1
7826	5
7827	4
7828	4
7829	4
7830	2
7831	5
7832	5
7833	0
7834	7
7835	5
7836	3
7837	6
7838	3
7839	4
7840	7
7841	6
7842	3
7843	3
7844	2
7845	1
7846	4
7847	4
7848	1
7849	3
7850	1
7851	4
7852	6
7853	6
7854	6
7855	4
7856	2
7857	4
7858	2
7859	3
7860	2
7861	3
7862	5
7863	1
7864	2
7865	6
7866	3
7867	2
7868	3
7869	0
7870	3
7871	3
7872	1
7873	1
7874	3
7875	4
7876	0
7877	3
7878	2
7879	4
7880	6
7881	3
7882	4
7883	2
7884	2
7885	2
7886	1
7887	0
7888	2
7889	4
7890	2
7891	1
7892	1
7893	7
7894	2
7895	1
7896	2
7897	0
7898	5
7899	2
7900	1
7901	1
7902	1
7903	1
7904	3
7905	3
7906	1
7907	2
7908	2
7909	5
7910	2
7911	0
7912	2
7913	3
7914	4
7915	5
7916	1
7917	5
7918	2
7919	3
7920	1
7921	2
7922	2
7923	2
7924	0
7925	4
7926	3
7927	1
7928	3
7929	4
7930	1
7931	1
7932	4
7933	0
7934	1
7935	1
7936	3
7937	3
7938	5
7939	0
7940	2
7941	2
7942	1
7943	1
7944	0
7945	1
7946	1
7947	2
7948	2
7949	2
7950	1
7951	0
7952	1
7953	2
7954	3
7955	3
7956	0
7957	1
7958	3
7959	0
7960	1
7961	4
7962	2
7963	0
7964	2
7965	2
7966	1
7967	1
7968	2
7969	3
7970	2
7971	2
7972	2
7973	3
7974	2
7975	4
7976	0
7977	1
7978	0
7979	0
7980	3
7981	3
7982	1
7983	5
7984	6
7985	2
7986	1
7987	0
7988	1
7989	1
7990	2
7991	4
7992	1
7993	0
7994	2
7995	1
7996	0
7997	0
7998	0
7999	1
8000	2
8001	1
8002	2
8003	0
8004	4
8005	1
8006	1
8007	0
8008	0
8009	1
8010	0
8011	0
8012	0
8013	0
8014	2
8015	1
8016	1
8017	1
8018	5
8019	1
8020	1
8021	1
8022	0
8023	2
8024	2
8025	4
8026	1
8027	1
8028	0
8029	1
8030	2
8031	1
8032	1
8033	0
8034	1
8035	2
8036	0
8037	4
8038	1
8039	2
8040	0
8041	0
8042	1
8043	3
8044	0
8045	0
8046	5
8047	3
8048	0
8049	1
8050	1
8051	6
8052	2
8053	2
8054	2
8055	0
8056	1
8057	4
8058	1
8059	0
8060	2
8061	0
8062	3
8063	0
8064	0
8065	1
8066	0
8067	1
8068	1
8069	1
8070	2
8071	1
8072	1
8073	1
8074	3
8075	2
8076	1
8077	2
8078	2
8079	1
8080	1
8081	0
8082	0
8083	0
8084	0
8085	3
8086	0
8087	0
8088	1
8089	0
8090	1
8091	0
8092	3
8093	2
8094	0
8095	1
8096	1
8097	1
8098	1
8099	3
8100	1
8101	1
8102	0
8103	3
8104	1
8105	0
8106	4
8107	2
8108	3
8109	1
8110	1
8111	2
8112	2
8113	1
8114	0
8115	0
8116	0
8117	0
8118	0
8119	0
8120	0
8121	0
8122	0
8123	0
8124	0
8125	0
8126	0
8127	0
8128	0
8129	0
8130	0
8131	0
8132	0
8133	0
8134	0
8135	0
8136	0
8137	0
8138	0
8139	0
8140	0
8141	0
8142	0
8143	0
8144	0
8145	0
8146	0
8147	0
8148	0
8149	0
8150	0
8151	0
8152	0
8153	0
8154	0
8155	0
8156	0
8157	0
8158	0
8159	0
8160	0
8161	0
8162	0
8163	0
8164	0
8165	0
8166	0
8167	0
8168	0
8169	0
8170	0
8171	0
8172	0
8173	0
8174	0
8175	0
8176	0
8177	0
8178	0
8179	0
8180	0
8181	0
8182	0
8183	0
8184	0
8185	0
8186	0
8187	0
8188	0
8189	0
8190	0
8191	0
